0.2,0,84,84,84.0,16
0.2,1,45,129,64.5,56
0.2,2,90,219,73.0,10
0.2,3,-10,209,52.25,42
0.2,4,50,259,51.8,50
0.2,5,52,311,51.833333333333336,48
0.2,6,93,404,57.714285714285715,7
0.2,7,-67,337,42.125,167
0.2,8,77,414,46.0,26
0.2,9,60,474,47.4,40
0.2,10,45,519,47.18181818181818,55
0.2,11,-28,491,40.916666666666664,59
0.2,12,55,546,42.0,46
0.2,13,-126,420,30.0,230
0.2,14,6,426,28.4,96
0.2,15,87,513,32.0625,14
0.2,16,-107,406,23.88235294117647,71
0.2,17,56,462,25.666666666666668,44
0.2,18,79,541,28.473684210526315,21
0.2,19,-1,540,27.0,32
0.2,20,-24,516,24.571428571428573,56
0.2,21,-16,500,22.727272727272727,117
0.2,22,75,575,25.0,26
0.2,23,88,663,27.625,12
0.2,24,78,741,29.64,22
0.2,25,54,795,30.576923076923077,46
0.2,26,43,838,31.037037037037038,58
0.2,27,13,851,30.392857142857142,89
0.2,28,45,896,30.896551724137932,56
0.2,29,23,919,30.633333333333333,79
0.2,30,-6,913,29.451612903225808,37
0.2,31,-144,769,24.03125,261
0.2,32,71,840,25.454545454545453,30
0.2,33,5,845,24.852941176470587,98
0.2,34,-70,775,22.142857142857142,102
0.2,35,85,860,23.88888888888889,15
0.2,36,-156,704,19.027027027027028,192
0.2,37,-114,590,15.526315789473685,151
0.2,38,-138,452,11.58974358974359,239
0.2,39,-15,437,10.925,118
0.2,40,-51,386,9.414634146341463,161
0.2,41,-14,372,8.857142857142858,117
0.2,42,57,429,9.976744186046512,46
0.2,43,69,498,11.318181818181818,31
0.2,44,-49,449,9.977777777777778,158
0.2,45,90,539,11.717391304347826,11
0.2,46,27,566,12.042553191489361,76
0.2,47,-82,484,10.083333333333334,115
0.2,48,84,568,11.591836734693878,17
0.2,49,61,629,12.58,39
0.2,50,66,695,13.627450980392156,36
0.2,51,49,744,14.307692307692308,51
0.2,52,47,791,14.924528301886792,53
0.2,53,72,863,15.981481481481481,28
0.2,54,91,954,17.345454545454544,10
0.2,55,47,1001,17.875,53
0.2,56,-35,966,16.94736842105263,154
0.2,57,86,1052,18.137931034482758,14
0.2,58,-56,996,16.88135593220339,156
0.2,59,66,1062,17.7,34
0.2,60,-43,1019,16.704918032786885,144
0.2,61,55,1074,17.322580645161292,45
0.2,62,38,1112,17.650793650793652,63
0.2,63,90,1202,18.78125,11
0.2,64,56,1258,19.353846153846153,47
0.2,65,55,1313,19.893939393939394,46
0.2,66,17,1330,19.850746268656717,83
0.2,67,74,1404,20.647058823529413,26
0.2,68,72,1476,21.391304347826086,28
0.2,69,-81,1395,19.928571428571427,183
0.2,70,-25,1370,19.295774647887324,127
0.2,71,88,1458,20.25,12
0.2,72,-78,1380,18.904109589041095,116
0.2,73,26,1406,19.0,87
0.2,74,83,1489,19.85333333333333,17
0.2,75,75,1564,20.57894736842105,25
0.2,76,91,1655,21.493506493506494,10
0.2,77,-33,1622,20.794871794871796,66
0.2,78,-84,1538,19.468354430379748,118
0.2,79,67,1605,20.0625,34
0.2,80,85,1690,20.864197530864196,16
0.2,81,-121,1569,19.134146341463413,155
0.2,82,-70,1499,18.06024096385542,172
0.2,83,93,1592,18.952380952380953,8
0.2,84,0,1592,18.729411764705883,105
0.2,85,34,1626,18.906976744186046,66
0.2,86,64,1690,19.42528735632184,37
0.2,87,58,1748,19.863636363636363,43
0.2,88,-17,1731,19.44943820224719,119
0.2,89,80,1811,20.122222222222224,20
0.2,90,76,1887,20.736263736263737,25
0.2,91,5,1892,20.565217391304348,99
0.2,92,45,1937,20.827956989247312,56
0.2,93,81,2018,21.46808510638298,20
0.2,94,74,2092,22.021052631578947,26
0.2,95,86,2178,22.6875,14
0.2,96,78,2256,23.257731958762886,22
0.2,97,80,2336,23.836734693877553,21
0.2,98,51,2387,24.11111111111111,49
0.2,99,57,2444,24.44,45
0.2,100,89,2533,25.07920792079208,11
0.2,101,81,2614,25.627450980392158,19
0.2,102,-17,2597,25.21359223300971,119
0.2,103,88,2685,25.817307692307693,12
0.2,104,27,2712,25.82857142857143,73
0.2,105,-43,2669,25.17924528301887,146
0.2,106,89,2758,25.77570093457944,12
0.2,107,-204,2554,23.64814814814815,239
0.2,108,37,2591,23.770642201834864,63
0.2,109,73,2664,24.21818181818182,28
0.2,110,-192,2472,22.27027027027027,298
0.2,111,5,2477,22.116071428571427,97
0.2,112,34,2511,22.221238938053098,77
0.2,113,77,2588,22.70175438596491,24
0.2,114,72,2660,23.130434782608695,28
0.2,115,-41,2619,22.57758620689655,144
0.2,116,89,2708,23.145299145299145,11
0.2,117,45,2753,23.33050847457627,57
0.2,118,-227,2526,21.22689075630252,195
0.2,119,86,2612,21.766666666666666,15
0.2,120,-84,2528,20.892561983471076,187
0.2,121,44,2572,21.081967213114755,57
0.2,122,9,2581,20.983739837398375,92
0.2,123,75,2656,21.419354838709676,26
0.2,124,93,2749,21.992,7
0.2,125,16,2765,21.944444444444443,84
0.2,126,-15,2750,21.653543307086615,118
0.2,127,39,2789,21.7890625,62
0.2,128,89,2878,22.310077519379846,11
0.2,129,85,2963,22.79230769230769,15
0.2,130,-2,2961,22.603053435114504,105
0.2,131,31,2992,22.666666666666668,69
0.2,132,59,3051,22.93984962406015,44
0.2,133,74,3125,23.32089552238806,27
0.2,134,81,3206,23.748148148148147,20
0.2,135,81,3287,24.169117647058822,20
0.2,136,-167,3120,22.773722627737225,138
0.2,137,-84,3036,22.0,117
0.2,138,4,3040,21.8705035971223,106
0.2,139,-3,3037,21.692857142857143,109
0.2,140,90,3127,22.177304964539008,11
0.2,141,34,3161,22.260563380281692,66
0.2,142,16,3177,22.216783216783217,85
0.2,143,-185,2992,20.77777777777778,218
0.2,144,45,3037,20.944827586206898,57
0.2,145,81,3118,21.356164383561644,30
0.2,146,53,3171,21.571428571428573,48
0.2,147,95,3266,22.06756756756757,6
0.2,148,-17,3249,21.80536912751678,118
0.2,149,79,3328,22.186666666666667,22
0.2,150,92,3420,22.649006622516556,8
0.2,151,18,3438,22.61842105263158,82
0.2,152,-8,3430,22.41830065359477,113
0.2,153,-81,3349,21.746753246753247,182
0.2,154,88,3437,22.174193548387098,13
0.2,155,77,3514,22.525641025641026,23
0.2,156,-179,3335,21.24203821656051,211
0.2,157,53,3388,21.443037974683545,48
0.2,158,-161,3227,20.29559748427673,262
0.2,159,-6,3221,20.13125,38
0.2,160,-7,3214,19.96273291925466,108
0.2,161,15,3229,19.932098765432098,87
0.2,162,78,3307,20.288343558282207,23
0.2,163,-6,3301,20.128048780487806,37
0.2,164,84,3385,20.515151515151516,16
0.2,165,77,3462,20.85542168674699,40
0.2,166,65,3527,21.119760479041915,37
0.2,167,79,3606,21.464285714285715,21
0.2,168,73,3679,21.76923076923077,27
0.2,169,6,3685,21.676470588235293,96
0.2,170,89,3774,22.07017543859649,12
0.2,171,55,3829,22.261627906976745,53
0.2,172,-18,3811,22.028901734104046,121
0.2,173,90,3901,22.419540229885058,10
0.2,174,29,3930,22.457142857142856,71
0.2,175,74,4004,22.75,26
0.2,176,30,4034,22.7909604519774,72
0.2,177,64,4098,23.02247191011236,36
0.2,178,89,4187,23.391061452513966,12
0.2,179,32,4219,23.43888888888889,69
0.2,180,67,4286,23.679558011049725,34
0.2,181,26,4312,23.692307692307693,76
0.2,182,-59,4253,23.240437158469945,91
0.2,183,33,4286,23.293478260869566,67
0.2,184,-5,4281,23.14054054054054,39
0.2,185,-222,4059,21.822580645161292,257
0.2,186,93,4152,22.203208556149733,7
0.2,187,-71,4081,21.70744680851064,105
0.2,188,65,4146,21.936507936507937,36
0.2,189,69,4215,22.18421052631579,31
0.2,190,48,4263,22.319371727748692,52
0.2,191,-43,4220,21.979166666666668,102
0.2,192,83,4303,22.295336787564768,18
0.2,193,-295,4008,20.65979381443299,272
0.2,194,25,4033,20.682051282051283,76
0.2,195,-82,3951,20.158163265306122,114
0.2,196,75,4026,20.436548223350254,25
0.2,197,42,4068,20.545454545454547,58
0.2,198,25,4093,20.5678391959799,75
0.2,199,-29,4064,20.32,147
0.2,200,32,4096,20.378109452736318,69
0.2,201,-10,4086,20.22772277227723,42
0.2,202,-141,3945,19.43349753694581,205
0.2,203,-17,3928,19.254901960784313,117
0.2,204,46,3974,19.385365853658538,57
0.2,205,63,4037,19.597087378640776,37
0.2,206,69,4106,19.835748792270532,32
0.2,207,93,4199,20.1875,7
0.2,208,62,4261,20.38755980861244,39
0.2,209,37,4298,20.466666666666665,64
0.2,210,38,4336,20.549763033175356,62
0.2,211,-10,4326,20.40566037735849,41
0.2,212,-80,4246,19.934272300469484,115
0.2,213,93,4339,20.27570093457944,8
0.2,214,-13,4326,20.12093023255814,117
0.2,215,-46,4280,19.814814814814813,150
0.2,216,73,4353,20.05990783410138,27
0.2,217,84,4437,20.353211009174313,16
0.2,218,20,4457,20.35159817351598,81
0.2,219,79,4536,20.618181818181817,21
0.2,220,-16,4520,20.452488687782804,49
0.2,221,58,4578,20.62162162162162,43
0.2,222,-4,4574,20.51121076233184,105
0.2,223,76,4650,20.758928571428573,24
0.2,224,70,4720,20.977777777777778,31
0.2,225,92,4812,21.292035398230087,8
0.2,226,57,4869,21.449339207048457,46
0.2,227,23,4892,21.45614035087719,77
0.2,228,82,4974,21.72052401746725,18
0.2,229,-37,4937,21.465217391304346,146
0.2,230,-52,4885,21.147186147186147,155
0.2,231,71,4956,21.362068965517242,30
0.2,232,49,5005,21.48068669527897,53
0.2,233,-5,5000,21.367521367521366,37
0.2,234,87,5087,21.646808510638298,13
0.2,235,56,5143,21.79237288135593,51
0.2,236,-64,5079,21.430379746835442,192
0.2,237,81,5160,21.680672268907564,19
0.2,238,70,5230,21.88284518828452,30
0.2,239,-7,5223,21.7625,109
0.2,240,1,5224,21.676348547717843,100
0.2,241,72,5296,21.884297520661157,28
0.2,242,91,5387,22.16872427983539,10
0.2,243,-57,5330,21.84426229508197,92
0.2,244,89,5419,22.118367346938776,11
0.2,245,65,5484,22.29268292682927,35
0.2,246,33,5517,22.336032388663966,71
0.2,247,86,5603,22.592741935483872,14
0.2,248,53,5656,22.714859437751002,47
0.2,249,65,5721,22.884,36
0.2,250,56,5777,23.01593625498008,45
0.2,251,-116,5661,22.464285714285715,217
0.2,252,82,5743,22.699604743083004,19
0.2,253,18,5761,22.681102362204726,82
0.2,254,-142,5619,22.03529411764706,177
0.2,255,-170,5449,21.28515625,274
0.2,256,88,5537,21.544747081712064,13
0.2,257,55,5592,21.674418604651162,46
0.2,258,-214,5378,20.764478764478763,250
0.2,259,72,5450,20.96153846153846,28
0.2,260,66,5516,21.134099616858236,35
0.2,261,-76,5440,20.763358778625953,179
0.2,262,67,5507,20.93916349809886,35
0.2,263,-5,5502,20.84090909090909,107
0.2,264,71,5573,21.030188679245285,35
0.2,265,79,5652,21.24812030075188,22
0.2,266,-39,5613,21.02247191011236,150
0.2,267,40,5653,21.09328358208955,61
0.2,268,-38,5615,20.87360594795539,70
0.2,269,-11,5604,20.755555555555556,43
0.2,270,69,5673,20.933579335793358,32
0.2,271,-12,5661,20.8125,43
0.2,272,73,5734,21.003663003663004,31
0.2,273,-68,5666,20.67883211678832,100
0.2,274,69,5735,20.854545454545455,32
0.2,275,28,5763,20.880434782608695,72
0.2,276,85,5848,21.111913357400724,16
0.2,277,-21,5827,20.96043165467626,122
0.2,278,36,5863,21.014336917562723,66
0.2,279,29,5892,21.042857142857144,72
0.2,280,44,5936,21.12455516014235,65
0.2,281,72,6008,21.30496453900709,29
0.2,282,91,6099,21.551236749116608,9
0.2,283,-49,6050,21.302816901408452,153
0.2,284,-158,5892,20.673684210526314,271
0.2,285,21,5913,20.674825174825173,79
0.2,286,71,5984,20.850174216027874,29
0.2,287,-31,5953,20.67013888888889,144
0.2,288,86,6039,20.896193771626297,15
0.2,289,56,6095,21.017241379310345,46
0.2,290,7,6102,20.969072164948454,24
0.2,291,-55,6047,20.708904109589042,159
0.2,292,86,6133,20.931740614334473,15
0.2,293,43,6176,21.006802721088434,58
0.2,294,8,6184,20.96271186440678,93
0.2,295,88,6272,21.18918918918919,13
0.2,296,-7,6265,21.094276094276093,110
0.2,297,67,6332,21.248322147651006,34
0.2,298,68,6400,21.40468227424749,33
0.2,299,-252,6148,20.493333333333332,312
0.2,300,94,6242,20.737541528239202,6
0.2,301,72,6314,20.90728476821192,29
0.2,302,-93,6221,20.53135313531353,197
0.2,303,54,6275,20.64144736842105,46
0.2,304,81,6356,20.839344262295082,19
0.2,305,86,6442,21.052287581699346,14
0.2,306,-13,6429,20.941368078175895,45
0.2,307,75,6504,21.116883116883116,33
0.2,308,49,6553,21.207119741100325,51
0.2,309,9,6562,21.16774193548387,106
0.2,310,38,6600,21.221864951768488,62
0.2,311,-15,6585,21.10576923076923,47
0.2,312,-34,6551,20.929712460063897,137
0.2,313,-27,6524,20.777070063694268,128
0.2,314,-2,6522,20.704761904761906,103
0.2,315,-52,6470,20.474683544303797,156
0.2,316,79,6549,20.65930599369085,22
0.2,317,-28,6521,20.5062893081761,59
0.2,318,9,6530,20.470219435736677,91
0.2,319,83,6613,20.665625,18
0.2,320,78,6691,20.84423676012461,23
0.2,321,22,6713,20.847826086956523,9
0.2,322,87,6800,21.05263157894737,13
0.2,323,77,6877,21.22530864197531,24
0.2,324,-57,6820,20.984615384615385,157
0.2,325,37,6857,21.033742331288344,65
0.2,326,93,6950,21.25382262996942,7
0.2,327,82,7032,21.4390243902439,18
0.2,328,93,7125,21.656534954407295,7
0.2,329,90,7215,21.863636363636363,10
0.2,330,95,7310,22.084592145015105,6
0.2,331,85,7395,22.27409638554217,15
0.2,332,76,7471,22.435435435435437,24
0.2,333,59,7530,22.54491017964072,41
0.2,334,3,7533,22.486567164179103,28
0.2,335,31,7564,22.511904761904763,75
0.2,336,67,7631,22.643916913946587,34
0.2,337,-73,7558,22.36094674556213,135
0.2,338,-5,7553,22.28023598820059,105
0.2,339,71,7624,22.423529411764704,30
0.2,340,93,7717,22.63049853372434,8
0.2,341,65,7782,22.75438596491228,35
0.2,342,92,7874,22.956268221574344,8
0.2,343,81,7955,23.125,20
0.2,344,91,8046,23.321739130434782,9
0.2,345,-30,8016,23.167630057803468,62
0.2,346,52,8068,23.2507204610951,74
0.2,347,94,8162,23.45402298850575,6
0.2,348,41,8203,23.50429799426934,60
0.2,349,81,8284,23.66857142857143,19
0.2,350,92,8376,23.863247863247864,8
0.2,351,-74,8302,23.585227272727273,176
0.2,352,52,8354,23.665722379603398,49
0.2,353,39,8393,23.7090395480226,62
0.2,354,68,8461,23.833802816901407,34
0.2,355,-16,8445,23.721910112359552,117
0.2,356,59,8504,23.820728291316527,42
0.2,357,86,8590,23.99441340782123,15
0.2,358,62,8652,24.100278551532032,39
0.2,359,77,8729,24.247222222222224,24
0.2,360,5,8734,24.193905817174514,95
0.2,361,6,8740,24.14364640883978,109
0.2,362,-120,8620,23.7465564738292,222
0.2,363,72,8692,23.87912087912088,30
0.2,364,80,8772,24.03287671232877,20
0.2,365,50,8822,24.103825136612024,50
0.2,366,1,8823,24.040871934604905,100
0.2,367,-8,8815,23.953804347826086,68
0.2,368,-6,8809,23.872628726287264,106
0.2,369,81,8890,24.027027027027028,20
0.2,370,63,8953,24.132075471698112,37
0.2,371,87,9040,24.301075268817204,13
0.2,372,5,9045,24.249329758713138,96
0.2,373,60,9105,24.344919786096256,40
0.2,374,88,9193,24.514666666666667,12
0.2,375,67,9260,24.627659574468087,33
0.2,376,26,9286,24.631299734748012,77
0.2,377,79,9365,24.775132275132275,22
0.2,378,51,9416,24.844327176781004,50
0.2,379,-7,9409,24.760526315789473,107
0.2,380,66,9475,24.868766404199476,35
0.2,381,-49,9426,24.67539267015707,81
0.2,382,94,9520,24.856396866840733,7
0.2,383,-100,9420,24.53125,64
0.2,384,57,9477,24.615584415584415,44
0.2,385,74,9551,24.743523316062177,26
0.2,386,-189,9362,24.191214470284237,296
0.2,387,77,9439,24.327319587628867,23
0.2,388,39,9478,24.36503856041131,61
0.2,389,57,9535,24.44871794871795,43
0.2,390,76,9611,24.580562659846546,24
0.2,391,72,9683,24.7015306122449,28
0.2,392,86,9769,24.857506361323153,14
0.2,393,81,9850,25.0,20
0.2,394,-38,9812,24.840506329113925,87
0.2,395,-40,9772,24.67676767676768,141
0.2,396,83,9855,24.82367758186398,18
0.2,397,94,9949,24.997487437185928,6
0.2,398,-46,9903,24.81954887218045,147
0.2,399,79,9982,24.955,22
0.2,400,69,10051,25.064837905236907,32
0.2,401,-47,10004,24.885572139303484,78
0.2,402,87,10091,25.03970223325062,13
0.2,403,-146,9945,24.616336633663366,246
0.2,404,45,9990,24.666666666666668,56
0.2,405,-36,9954,24.517241379310345,137
0.2,406,47,10001,24.57248157248157,54
0.2,407,69,10070,24.681372549019606,32
0.2,408,-52,10018,24.493887530562347,152
0.2,409,83,10101,24.63658536585366,18
0.2,410,-94,10007,24.347931873479318,195
0.2,411,81,10088,24.485436893203882,20
0.2,412,85,10173,24.631961259079905,16
0.2,413,70,10243,24.741545893719806,30
0.2,414,-126,10117,24.37831325301205,162
0.2,415,23,10140,24.375,78
0.2,416,53,10193,24.443645083932854,47
0.2,417,13,10206,24.416267942583733,19
0.2,418,15,10221,24.39379474940334,85
0.2,419,44,10265,24.44047619047619,56
0.2,420,41,10306,24.47980997624703,60
0.2,421,-162,10144,24.03791469194313,195
0.2,422,64,10208,24.13238770685579,36
0.2,423,-31,10177,24.00235849056604,134
0.2,424,82,10259,24.138823529411766,18
0.2,425,-25,10234,24.023474178403756,126
0.2,426,1,10235,23.969555035128806,30
0.2,427,49,10284,24.02803738317757,51
0.2,428,88,10372,24.177156177156178,12
0.2,429,-133,10239,23.811627906976746,238
0.2,430,95,10334,23.976798143851507,6
0.2,431,61,10395,24.0625,40
0.2,432,54,10449,24.131639722863742,46
0.2,433,93,10542,24.29032258064516,7
0.2,434,77,10619,24.411494252873563,23
0.2,435,42,10661,24.451834862385322,59
0.2,436,-83,10578,24.205949656750573,184
0.2,437,61,10639,24.289954337899545,40
0.2,438,-80,10559,24.05239179954442,182
0.2,439,-14,10545,23.96590909090909,116
0.2,440,-86,10459,23.71655328798186,117
0.2,441,89,10548,23.86425339366516,11
0.2,442,-11,10537,23.785553047404065,44
0.2,443,-193,10344,23.2972972972973,225
0.2,444,70,10414,23.402247191011234,30
0.2,445,48,10462,23.457399103139014,53
0.2,446,-159,10303,23.049217002237135,193
0.2,447,81,10384,23.178571428571427,20
0.2,448,-112,10272,22.87750556792873,215
0.2,449,94,10366,23.035555555555554,6
0.2,450,37,10403,23.066518847006652,64
0.2,451,61,10464,23.150442477876105,43
0.2,452,-43,10421,23.004415011037526,81
0.2,453,79,10500,23.12775330396476,22
0.2,454,53,10553,23.193406593406593,49
0.2,455,25,10578,23.19736842105263,76
0.2,456,-85,10493,22.960612691466082,120
0.2,457,77,10570,23.078602620087338,24
0.2,458,3,10573,23.034858387799563,98
0.2,459,2,10575,22.98913043478261,99
0.2,460,48,10623,23.04338394793926,54
0.2,461,46,10669,23.093073593073594,56
0.2,462,25,10694,23.09719222462203,75
0.2,463,95,10789,23.252155172413794,6
0.2,464,49,10838,23.30752688172043,54
0.2,465,-20,10818,23.21459227467811,52
0.2,466,71,10889,23.3169164882227,30
0.2,467,-65,10824,23.128205128205128,96
0.2,468,-204,10620,22.643923240938165,308
0.2,469,2,10622,22.6,101
0.2,470,92,10714,22.747346072186836,8
0.2,471,2,10716,22.703389830508474,100
0.2,472,18,10734,22.693446088794925,84
0.2,473,91,10825,22.837552742616033,10
0.2,474,7,10832,22.80421052631579,94
0.2,475,65,10897,22.892857142857142,35
0.2,476,-39,10858,22.763102725366878,169
0.2,477,-97,10761,22.51255230125523,128
0.2,478,67,10828,22.60542797494781,34
0.2,479,22,10850,22.604166666666668,81
0.2,480,86,10936,22.735966735966738,15
0.2,481,74,11010,22.842323651452283,27
0.2,482,51,11061,22.900621118012424,51
0.2,483,5,11066,22.863636363636363,96
0.2,484,91,11157,23.004123711340206,10
0.2,485,38,11195,23.03497942386831,64
0.2,486,88,11283,23.168377823408623,12
0.2,487,37,11320,23.19672131147541,64
0.2,488,25,11345,23.20040899795501,77
0.2,489,28,11373,23.210204081632654,73
0.2,490,8,11381,23.179226069246436,93
0.2,491,94,11475,23.323170731707318,6
0.2,492,-92,11383,23.08924949290061,193
0.2,493,74,11457,23.192307692307693,27
0.2,494,93,11550,23.333333333333332,7
0.2,495,-73,11477,23.139112903225808,177
0.2,496,1,11478,23.09456740442656,100
0.2,497,50,11528,23.14859437751004,50
0.2,498,-163,11365,22.77555110220441,197
0.2,499,71,11436,22.872,29
0.2,500,80,11516,22.986027944111775,21
0.2,501,94,11610,23.127490039840637,7
0.2,502,89,11699,23.25844930417495,11
0.2,503,-85,11614,23.043650793650794,187
0.2,504,-126,11488,22.748514851485147,230
0.2,505,75,11563,22.85177865612648,25
0.2,506,-45,11518,22.71794871794872,146
0.2,507,77,11595,22.8248031496063,24
0.2,508,-179,11416,22.428290766208253,287
0.2,509,27,11443,22.437254901960785,73
0.2,510,69,11512,22.528375733855185,31
0.2,511,-79,11433,22.330078125,182
0.2,512,49,11482,22.38206627680312,52
0.2,513,91,11573,22.51556420233463,10
0.2,514,4,11577,22.479611650485438,96
0.2,515,92,11669,22.614341085271317,8
0.2,516,-134,11535,22.311411992263057,98
0.2,517,92,11627,22.445945945945947,9
0.2,518,22,11649,22.44508670520231,79
0.2,519,64,11713,22.525,37
0.2,520,82,11795,22.63915547024952,19
0.2,521,-12,11783,22.5727969348659,44
0.2,522,23,11806,22.5736137667304,77
0.2,523,10,11816,22.549618320610687,90
0.2,524,-47,11769,22.417142857142856,80
0.2,525,36,11805,22.44296577946768,64
0.2,526,-2,11803,22.396584440227706,103
0.2,527,-116,11687,22.134469696969695,79
0.2,528,-15,11672,22.064272211720226,116
0.2,529,55,11727,22.126415094339624,45
0.2,530,24,11751,22.129943502824858,77
0.2,531,-1,11750,22.086466165413533,114
0.2,532,82,11832,22.19887429643527,18
0.2,533,58,11890,22.265917602996254,43
0.2,534,16,11906,22.254205607476635,84
0.2,535,13,11919,22.236940298507463,96
0.2,536,93,12012,22.368715083798882,8
0.2,537,-219,11793,21.92007434944238,254
0.2,538,-89,11704,21.714285714285715,192
0.2,539,35,11739,21.738888888888887,66
0.2,540,90,11829,21.86506469500924,11
0.2,541,49,11878,21.915129151291513,52
0.2,542,87,11965,22.03499079189687,13
0.2,543,-18,11947,21.96139705882353,49
0.2,544,94,12041,22.093577981651375,36
0.2,545,25,12066,22.0989010989011,76
0.2,546,8,12074,22.073126142595978,24
0.2,547,-33,12041,21.972627737226276,68
0.2,548,79,12120,22.07650273224044,22
0.2,549,5,12125,22.045454545454547,95
0.2,550,13,12138,22.029038112522684,88
0.2,551,-42,12096,21.91304347826087,156
0.2,552,34,12130,21.93490054249548,66
0.2,553,-30,12100,21.84115523465704,62
0.2,554,14,12114,21.82702702702703,89
0.2,555,35,12149,21.850719424460433,67
0.2,556,76,12225,21.947935368043087,25
0.2,557,43,12268,21.985663082437277,58
0.2,558,12,12280,21.967799642218246,88
0.2,559,88,12368,22.085714285714285,12
0.2,560,-115,12253,21.841354723707664,216
0.2,561,87,12340,21.95729537366548,14
0.2,562,23,12363,21.959147424511546,79
0.2,563,90,12453,22.079787234042552,10
0.2,564,45,12498,22.120353982300884,56
0.2,565,90,12588,22.24028268551237,11
0.2,566,-137,12451,21.959435626102294,171
0.2,567,70,12521,22.044014084507044,30
0.2,568,92,12613,22.166959578207383,9
0.2,569,56,12669,22.226315789473684,44
0.2,570,11,12680,22.206654991243433,89
0.2,571,68,12748,22.286713286713287,33
0.2,572,65,12813,22.361256544502616,35
0.2,573,-54,12759,22.22822299651568,86
0.2,574,84,12843,22.335652173913044,17
0.2,575,67,12910,22.413194444444443,34
0.2,576,34,12944,22.43327556325823,66
0.2,577,85,13029,22.541522491349482,15
0.2,578,43,13072,22.57685664939551,59
0.2,579,92,13164,22.69655172413793,9
0.2,580,-14,13150,22.63339070567986,46
0.2,581,41,13191,22.664948453608247,59
0.2,582,6,13197,22.636363636363637,95
0.2,583,53,13250,22.688356164383563,49
0.2,584,71,13321,22.77094017094017,30
0.2,585,40,13361,22.800341296928327,61
0.2,586,91,13452,22.916524701873936,9
0.2,587,17,13469,22.906462585034014,14
0.2,588,39,13508,22.93378607809847,62
0.2,589,-21,13487,22.859322033898305,138
0.2,590,52,13539,22.908629441624367,63
0.2,591,-63,13476,22.763513513513512,163
0.2,592,-39,13437,22.659359190556494,71
0.2,593,89,13526,22.77104377104377,12
0.2,594,35,13561,22.791596638655463,67
0.2,595,91,13652,22.906040268456376,10
0.2,596,-17,13635,22.839195979899497,119
0.2,597,-24,13611,22.76086956521739,126
0.2,598,85,13696,22.864774624373958,15
0.2,599,69,13765,22.941666666666666,32
0.2,600,92,13857,23.056572379367722,9
0.2,601,74,13931,23.141196013289036,26
0.2,602,91,14022,23.253731343283583,9
0.2,603,25,14047,23.25662251655629,76
0.2,604,72,14119,23.33719008264463,28
0.2,605,-75,14044,23.174917491749174,108
0.2,606,-98,13946,22.97528830313015,218
0.2,607,76,14022,23.0625,25
0.2,608,-335,13687,22.474548440065682,304
0.2,609,-49,13638,22.35737704918033,165
0.2,610,93,13731,22.472995090016365,8
0.2,611,-27,13704,22.392156862745097,130
0.2,612,61,13765,22.455138662316475,40
0.2,613,91,13856,22.566775244299674,9
0.2,614,11,13867,22.547967479674796,90
0.2,615,79,13946,22.63961038961039,21
0.2,616,43,13989,22.67260940032415,58
0.2,617,53,14042,22.72168284789644,47
0.2,618,85,14127,22.822294022617125,15
0.2,619,95,14222,22.938709677419354,6
0.2,620,86,14308,23.0402576489533,14
0.2,621,-44,14264,22.932475884244372,145
0.2,622,42,14306,22.963081861958266,59
0.2,623,40,14346,22.990384615384617,60
0.2,624,-20,14326,22.9216,122
0.2,625,70,14396,22.996805111821086,30
0.2,626,-130,14266,22.752791068580542,233
0.2,627,77,14343,22.839171974522294,24
0.2,628,3,14346,22.80763116057234,99
0.2,629,89,14435,22.91269841269841,11
0.2,630,51,14486,22.957210776545168,51
0.2,631,94,14580,23.069620253164558,6
0.2,632,90,14670,23.175355450236967,11
0.2,633,79,14749,23.263406940063092,21
0.2,634,27,14776,23.269291338582676,74
0.2,635,90,14866,23.37421383647799,10
0.2,636,-184,14682,23.04866562009419,295
0.2,637,-37,14645,22.954545454545453,137
0.2,638,68,14713,23.025039123630673,33
0.2,639,-48,14665,22.9140625,150
0.2,640,-1,14664,22.876755070202808,101
0.2,641,-17,14647,22.814641744548286,48
0.2,642,55,14702,22.8646967340591,47
0.2,643,51,14753,22.908385093167702,50
0.2,644,53,14806,22.955038759689923,48
0.2,645,2,14808,22.922600619195048,29
0.2,646,79,14887,23.009273570324574,22
0.2,647,89,14976,23.11111111111111,11
0.2,648,66,15042,23.177195685670263,35
0.2,649,64,15106,23.24,36
0.2,650,70,15176,23.311827956989248,30
0.2,651,-109,15067,23.108895705521473,212
0.2,652,13,15080,23.09341500765697,87
0.2,653,59,15139,23.148318042813457,41
0.2,654,83,15222,23.23969465648855,35
0.2,655,77,15299,23.321646341463413,23
0.2,656,44,15343,23.3531202435312,56
0.2,657,20,15363,23.348024316109424,81
0.2,658,33,15396,23.362670713201823,67
0.2,659,-141,15255,23.113636363636363,291
0.2,660,91,15346,23.216338880484116,9
0.2,661,94,15440,23.323262839879153,7
0.2,662,-29,15411,23.244343891402714,153
0.2,663,94,15505,23.35090361445783,6
0.2,664,-16,15489,23.29172932330827,117
0.2,665,-444,15045,22.59009009009009,413
0.2,666,3,15048,22.56071964017991,98
0.2,667,45,15093,22.59431137724551,56
0.2,668,92,15185,22.698056801195815,8
0.2,669,-32,15153,22.616417910447762,63
0.2,670,86,15239,22.710879284649778,14
0.2,671,29,15268,22.720238095238095,73
0.2,672,51,15319,22.762258543833582,50
0.2,673,-32,15287,22.681008902077153,134
0.2,674,26,15313,22.685925925925925,74
0.2,675,-173,15140,22.39644970414201,137
0.2,676,-89,15051,22.231905465288037,217
0.2,677,95,15146,22.339233038348084,6
0.2,678,9,15155,22.31958762886598,91
0.2,679,-41,15114,22.226470588235294,152
0.2,680,-13,15101,22.174743024963288,113
0.2,681,45,15146,22.208211143695014,56
0.2,682,-21,15125,22.144948755490482,123
0.2,683,92,15217,22.247076023391813,8
0.2,684,-241,14976,21.862773722627736,207
0.2,685,-5,14971,21.823615160349853,105
0.2,686,72,15043,21.896652110625908,29
0.2,687,-60,14983,21.77761627906977,160
0.2,688,76,15059,21.85631349782293,25
0.2,689,-20,15039,21.795652173913044,124
0.2,690,50,15089,21.83646888567294,51
0.2,691,74,15163,21.911849710982658,27
0.2,692,93,15256,22.014430014430015,8
0.2,693,-13,15243,21.96397694524496,115
0.2,694,29,15272,21.97410071942446,72
0.2,695,16,15288,21.96551724137931,16
0.2,696,-113,15175,21.77187948350072,147
0.2,697,20,15195,21.769340974212035,12
0.2,698,95,15290,21.874105865522175,6
0.2,699,89,15379,21.97,38
0.2,700,-18,15361,21.912981455064195,120
0.2,701,29,15390,21.923076923076923,71
0.2,702,26,15416,21.92887624466572,6
0.2,703,79,15495,22.009943181818183,22
0.2,704,39,15534,22.03404255319149,63
0.2,705,85,15619,22.123229461756374,15
0.2,706,69,15688,22.18953323903819,31
0.2,707,78,15766,22.268361581920903,22
0.2,708,41,15807,22.29478138222849,59
0.2,709,92,15899,22.392957746478874,9
0.2,710,-70,15829,22.263009845288327,171
0.2,711,35,15864,22.280898876404493,66
0.2,712,-287,15577,21.847124824684432,394
0.2,713,90,15667,21.942577030812323,10
0.2,714,24,15691,21.945454545454545,77
0.2,715,80,15771,22.026536312849164,20
0.2,716,95,15866,22.128312412831242,6
0.2,717,34,15900,22.144846796657383,67
0.2,718,27,15927,22.151599443671767,73
0.2,719,-229,15698,21.802777777777777,264
0.2,720,31,15729,21.815533980582526,70
0.2,721,-190,15539,21.522160664819946,290
0.2,722,-8,15531,21.481327800829874,40
0.2,723,-173,15358,21.212707182320443,208
0.2,724,92,15450,21.310344827586206,8
0.2,725,-55,15395,21.205234159779614,162
0.2,726,58,15453,21.255845942228337,43
0.2,727,-20,15433,21.199175824175825,121
0.2,728,-133,15300,20.987654320987655,168
0.2,729,54,15354,21.03287671232877,47
0.2,730,72,15426,21.102599179206567,28
0.2,731,-27,15399,21.03688524590164,129
0.2,732,-201,15198,20.733969986357437,236
0.2,733,11,15209,20.720708446866485,90
0.2,734,50,15259,20.760544217687073,50
0.2,735,39,15298,20.785326086956523,61
0.2,736,32,15330,20.800542740841248,71
0.2,737,-41,15289,20.71680216802168,144
0.2,738,92,15381,20.813261163734776,9
0.2,739,-1,15380,20.783783783783782,103
0.2,740,77,15457,20.859649122807017,23
0.2,741,93,15550,20.956873315363882,8
0.2,742,21,15571,20.95693135935397,82
0.2,743,-72,15499,20.831989247311828,105
0.2,744,92,15591,20.92751677852349,9
0.2,745,5,15596,20.906166219839143,96
0.2,746,71,15667,20.97322623828648,29
0.2,747,49,15716,21.010695187165776,53
0.2,748,-5,15711,20.975967957276367,108
0.2,749,90,15801,21.068,10
0.2,750,88,15889,21.157123834886818,12
0.2,751,84,15973,21.2406914893617,18
0.2,752,30,16003,21.252324037184597,71
0.2,753,55,16058,21.29708222811671,46
0.2,754,77,16135,21.370860927152318,24
0.2,755,93,16228,21.465608465608465,8
0.2,756,-43,16185,21.380449141347423,145
0.2,757,-53,16132,21.282321899736147,155
0.2,758,20,16152,21.280632411067195,81
0.2,759,51,16203,21.319736842105264,49
0.2,760,93,16296,21.413929040735873,7
0.2,761,90,16386,21.503937007874015,11
0.2,762,54,16440,21.546526867627787,48
0.2,763,-79,16361,21.414921465968586,111
0.2,764,4,16365,21.392156862745097,28
0.2,765,91,16456,21.48302872062663,10
0.2,766,67,16523,21.54237288135593,35
0.2,767,29,16552,21.552083333333332,71
0.2,768,0,16552,21.52405721716515,102
0.2,769,91,16643,21.614285714285714,10
0.2,770,11,16654,21.60051880674449,89
0.2,771,-1,16653,21.571243523316063,104
0.2,772,34,16687,21.58732212160414,67
0.2,773,-14,16673,21.541343669250647,117
0.2,774,43,16716,21.569032258064517,58
0.2,775,-59,16657,21.46520618556701,160
0.2,776,31,16688,21.47747747747748,69
0.2,777,7,16695,21.458868894601544,24
0.2,778,88,16783,21.54428754813864,12
0.2,779,-66,16717,21.432051282051283,98
0.2,780,-52,16665,21.338028169014084,86
0.2,781,64,16729,21.392583120204602,38
0.2,782,-126,16603,21.20434227330779,159
0.2,783,86,16689,21.286989795918366,15
0.2,784,70,16759,21.34904458598726,30
0.2,785,-63,16696,21.24173027989822,97
0.2,786,95,16791,21.335451080050827,6
0.2,787,5,16796,21.314720812182742,26
0.2,788,-115,16681,21.141951837769327,148
0.2,789,-29,16652,21.078481012658226,131
0.2,790,-338,16314,20.624525916561314,236
0.2,791,77,16391,20.69570707070707,23
0.2,792,-291,16100,20.302648171500632,257
0.2,793,44,16144,20.33249370277078,56
0.2,794,72,16216,20.39748427672956,28
0.2,795,86,16302,20.479899497487438,15
0.2,796,91,16393,20.568381430363864,9
0.2,797,60,16453,20.617794486215537,41
0.2,798,-53,16400,20.525657071339175,153
0.2,799,62,16462,20.5775,38
0.2,800,-80,16382,20.451935081148566,183
0.2,801,83,16465,20.52992518703242,17
0.2,802,-78,16387,20.40722291407223,109
0.2,803,59,16446,20.455223880597014,43
0.2,804,61,16507,20.5055900621118,39
0.2,805,90,16597,20.59181141439206,11
0.2,806,79,16676,20.664188351920693,22
0.2,807,76,16752,20.73267326732673,25
0.2,808,-8,16744,20.69715698393078,108
0.2,809,-139,16605,20.5,172
0.2,810,75,16680,20.567200986436497,25
0.2,811,-164,16516,20.339901477832512,271
0.2,812,-57,16459,20.244772447724475,89
0.2,813,92,16551,20.332923832923832,9
0.2,814,79,16630,20.404907975460123,22
0.2,815,-97,16533,20.261029411764707,204
0.2,816,76,16609,20.329253365973074,25
0.2,817,67,16676,20.38630806845966,34
0.2,818,65,16741,20.44078144078144,35
0.2,819,92,16833,20.528048780487804,9
0.2,820,-6,16827,20.49573690621194,107
0.2,821,67,16894,20.552311435523116,34
0.2,822,-14,16880,20.51032806804374,46
0.2,823,85,16965,20.58859223300971,16
0.2,824,95,17060,20.67878787878788,6
0.2,825,80,17140,20.750605326876514,20
0.2,826,84,17224,20.827085852478838,16
0.2,827,-59,17165,20.730676328502415,160
0.2,828,86,17251,20.80940892641737,14
0.2,829,90,17341,20.89277108433735,10
0.2,830,81,17422,20.965102286401926,20
0.2,831,55,17477,21.006009615384617,46
0.2,832,-32,17445,20.94237695078031,134
0.2,833,95,17540,21.031175059952037,6
0.2,834,71,17611,21.091017964071856,29
0.2,835,87,17698,21.169856459330145,18
0.2,836,-86,17612,21.041816009557945,119
0.2,837,-30,17582,20.98090692124105,131
0.2,838,-110,17472,20.824791418355186,141
0.2,839,-17,17455,20.779761904761905,117
0.2,840,-36,17419,20.712247324613557,139
0.2,841,-37,17382,20.643705463182897,156
0.2,842,43,17425,20.67022538552788,60
0.2,843,23,17448,20.672985781990523,8
0.2,844,32,17480,20.68639053254438,68
0.2,845,2,17482,20.664302600472812,99
0.2,846,-63,17419,20.5655253837072,167
0.2,847,45,17464,20.59433962264151,56
0.2,848,-33,17431,20.531213191990577,133
0.2,849,44,17475,20.558823529411764,57
0.2,850,-240,17235,20.25264394829612,348
0.2,851,86,17321,20.329812206572768,14
0.2,852,-12,17309,20.291910902696365,115
0.2,853,-56,17253,20.202576112412178,158
0.2,854,72,17325,20.263157894736842,30
0.2,855,64,17389,20.314252336448597,36
0.2,856,-12,17377,20.27654609101517,43
0.2,857,-14,17363,20.236596736596738,117
0.2,858,78,17441,20.30384167636787,26
0.2,859,5,17446,20.28604651162791,100
0.2,860,76,17522,20.35075493612079,24
0.2,861,-56,17466,20.262180974477957,157
0.2,862,92,17558,20.345307068366164,8
0.2,863,67,17625,20.399305555555557,33
0.2,864,72,17697,20.458959537572255,29
0.2,865,91,17788,20.54041570438799,9
0.2,866,72,17860,20.599769319492502,28
0.2,867,-8,17852,20.566820276497698,40
0.2,868,59,17911,20.611047180667434,41
0.2,869,55,17966,20.650574712643678,45
0.2,870,73,18039,20.710677382319172,28
0.2,871,30,18069,20.72133027522936,70
0.2,872,46,18115,20.75028636884307,54
0.2,873,84,18199,20.822654462242564,17
0.2,874,94,18293,20.906285714285715,7
0.2,875,-98,18195,20.77054794520548,130
0.2,876,48,18243,20.801596351197265,52
0.2,877,50,18293,20.83485193621868,56
0.2,878,44,18337,20.861205915813425,58
0.2,879,87,18424,20.936363636363637,13
0.2,880,-28,18396,20.880817253121453,128
0.2,881,71,18467,20.93764172335601,30
0.2,882,44,18511,20.963759909399773,56
0.2,883,-7,18504,20.93212669683258,39
0.2,884,80,18584,20.998870056497175,21
0.2,885,-16,18568,20.957110609480814,53
0.2,886,-70,18498,20.85456595264938,171
0.2,887,32,18530,20.867117117117118,69
0.2,888,9,18539,20.85376827896513,93
0.2,889,42,18581,20.87752808988764,58
0.2,890,2,18583,20.856341189674524,99
0.2,891,48,18631,20.88677130044843,54
0.2,892,-40,18591,20.81858902575588,89
0.2,893,58,18649,20.860178970917225,42
0.2,894,75,18724,20.920670391061453,26
0.2,895,-16,18708,20.879464285714285,120
0.2,896,23,18731,20.881828316610925,79
0.2,897,-190,18541,20.646993318485524,292
0.2,898,93,18634,20.727474972191324,8
0.2,899,-46,18588,20.653333333333332,151
0.2,900,91,18679,20.731409544950054,10
0.2,901,46,18725,20.75942350332594,55
0.2,902,-63,18662,20.666666666666668,165
0.2,903,78,18740,20.73008849557522,22
0.2,904,69,18809,20.78342541436464,32
0.2,905,76,18885,20.844370860927153,24
0.2,906,51,18936,20.877618522601985,50
0.2,907,17,18953,20.873348017621144,84
0.2,908,60,19013,20.916391639163916,41
0.2,909,8,19021,20.9021978021978,24
0.2,910,52,19073,20.936333699231614,49
0.2,911,89,19162,21.010964912280702,12
0.2,912,-51,19111,20.93209200438116,104
0.2,913,85,19196,21.00218818380744,15
0.2,914,55,19251,21.03934426229508,45
0.2,915,63,19314,21.08515283842795,37
0.2,916,10,19324,21.073064340239913,90
0.2,917,10,19334,21.061002178649236,93
0.2,918,77,19411,21.121871599564745,23
0.2,919,4,19415,21.10326086956522,98
0.2,920,85,19500,21.172638436482085,15
0.2,921,-168,19332,20.967462039045554,271
0.2,922,39,19371,20.986998916576383,61
0.2,923,-15,19356,20.948051948051948,116
0.2,924,93,19449,21.025945945945946,7
0.2,925,74,19523,21.083153347732182,27
0.2,926,94,19617,21.161812297734627,7
0.2,927,16,19633,21.15625,16
0.2,928,-182,19451,20.93756727664155,290
0.2,929,34,19485,20.951612903225808,68
0.2,930,7,19492,20.936627282491944,94
0.2,931,4,19496,20.918454935622318,98
0.2,932,88,19584,20.990353697749196,13
0.2,933,62,19646,21.03426124197002,38
0.2,934,93,19739,21.111229946524062,7
0.2,935,82,19821,21.17628205128205,18
0.2,936,93,19914,21.252934898612594,8
0.2,937,92,20006,21.328358208955223,8
0.2,938,-63,19943,21.238551650692227,170
0.2,939,32,19975,21.25,70
0.2,940,-6,19969,21.221041445270988,38
0.2,941,84,20053,21.287685774946922,17
0.2,942,34,20087,21.30116648992577,66
0.2,943,32,20119,21.3125,68
0.2,944,-36,20083,21.251851851851853,139
0.2,945,93,20176,21.3276955602537,7
0.2,946,80,20256,21.389651531151003,20
0.2,947,66,20322,21.436708860759495,34
0.2,948,60,20382,21.477344573234983,43
0.2,949,80,20462,21.538947368421052,20
0.2,950,86,20548,21.606729758149317,14
0.2,951,84,20632,21.672268907563026,17
0.2,952,7,20639,21.656873032528857,95
0.2,953,91,20730,21.729559748427672,10
0.2,954,32,20762,21.740314136125654,69
0.2,955,11,20773,21.72907949790795,90
0.2,956,-142,20631,21.557993730407524,176
0.2,957,92,20723,21.63152400835073,9
0.2,958,58,20781,21.669447340980188,45
0.2,959,92,20873,21.742708333333333,8
0.2,960,-9,20864,21.710718002081165,109
0.2,961,87,20951,21.77858627858628,14
0.2,962,45,20996,21.80269989615784,56
0.2,963,-215,20781,21.557053941908713,251
0.2,964,62,20843,21.59896373056995,39
0.2,965,77,20920,21.65631469979296,24
0.2,966,95,21015,21.73216132368149,6
0.2,967,19,21034,21.729338842975206,81
0.2,968,87,21121,21.79669762641899,13
0.2,969,80,21201,21.856701030927834,20
0.2,970,66,21267,21.90216271884655,35
0.2,971,94,21361,21.976337448559672,7
0.2,972,70,21431,22.025693730729703,31
0.2,973,-6,21425,21.996919917864478,107
0.2,974,-23,21402,21.950769230769232,124
0.2,975,87,21489,22.017418032786885,13
0.2,976,65,21554,22.061412487205732,35
0.2,977,-8,21546,22.030674846625768,40
0.2,978,-42,21504,21.96527068437181,74
0.2,979,17,21521,21.960204081632654,83
0.2,980,41,21562,21.979612640163097,60
0.2,981,-157,21405,21.79735234215886,260
0.2,982,80,21485,21.856561546286876,21
0.2,983,88,21573,21.923780487804876,12
0.2,984,5,21578,21.906598984771573,27
0.2,985,45,21623,21.930020283975658,55
0.2,986,90,21713,21.99898682877406,10
0.2,987,24,21737,22.001012145748987,77
0.2,988,-52,21685,21.926188068756318,155
0.2,989,61,21746,21.965656565656566,40
0.2,990,45,21791,21.988900100908175,55
0.2,991,51,21842,22.018145161290324,49
0.2,992,-30,21812,21.96576032225579,132
0.2,993,-21,21791,21.922535211267604,124
0.2,994,52,21843,21.952763819095477,49
0.2,995,28,21871,21.95883534136546,74
0.2,996,70,21941,22.00702106318957,31
0.2,997,40,21981,22.0250501002004,61
0.2,998,46,22027,22.04904904904905,55
0.2,999,83,22110,22.11,18
0.2,1000,-56,22054,22.03196803196803,100
0.2,1001,-32,22022,21.97804391217565,135
0.2,1002,28,22050,21.984047856430706,72
0.2,1003,73,22123,22.034860557768923,28
0.2,1004,11,22134,22.023880597014927,21
0.2,1005,5,22139,22.006958250497018,29
0.2,1006,-15,22124,21.970208540218472,119
0.2,1007,-327,21797,21.624007936507937,459
0.2,1008,67,21864,21.66897918731417,34
0.2,1009,41,21905,21.68811881188119,59
0.2,1010,32,21937,21.698318496538082,69
0.2,1011,71,22008,21.74703557312253,30
0.2,1012,91,22099,21.815399802566635,9
0.2,1013,67,22166,21.859960552268245,33
0.2,1014,73,22239,21.910344827586208,29
0.2,1015,44,22283,21.93208661417323,57
0.2,1016,86,22369,21.995083579154375,14
0.2,1017,91,22460,22.06286836935167,9
0.2,1018,38,22498,22.078508341511284,63
0.2,1019,42,22540,22.098039215686274,59
0.2,1020,7,22547,22.083251714005875,93
0.2,1021,80,22627,22.139921722113503,20
0.2,1022,84,22711,22.20039100684262,16
0.2,1023,84,22795,22.2607421875,16
0.2,1024,28,22823,22.266341463414633,73
0.2,1025,9,22832,22.253411306042885,22
0.2,1026,74,22906,22.303797468354432,26
0.2,1027,68,22974,22.348249027237355,32
0.2,1028,-85,22889,22.243926141885325,118
0.2,1029,33,22922,22.254368932038837,67
0.2,1030,77,22999,22.307468477206594,24
0.2,1031,-154,22845,22.136627906976745,186
0.2,1032,84,22929,22.196515004840272,16
0.2,1033,-252,22677,21.931334622823986,291
0.2,1034,54,22731,21.96231884057971,46
0.2,1035,19,22750,21.95945945945946,82
0.2,1036,54,22804,21.99035679845709,46
0.2,1037,-6,22798,21.96339113680154,37
0.2,1038,-92,22706,21.853705486044273,195
0.2,1039,80,22786,21.909615384615385,20
0.2,1040,88,22874,21.973102785782903,13
0.2,1041,-78,22796,21.877159309021113,114
0.2,1042,94,22890,21.946308724832214,6
0.2,1043,57,22947,21.979885057471265,43
0.2,1044,90,23037,22.044976076555024,10
0.2,1045,66,23103,22.08699808795411,37
0.2,1046,46,23149,22.109837631327604,56
0.2,1047,48,23197,22.134541984732824,52
0.2,1048,-47,23150,22.068636796949477,149
0.2,1049,-80,23070,21.97142857142857,182
0.2,1050,11,23081,21.960989533777354,91
0.2,1051,-10,23071,21.930608365019012,111
0.2,1052,63,23134,21.969610636277302,46
0.2,1053,65,23199,22.010436432637572,36
0.2,1054,-184,23015,21.81516587677725,295
0.2,1055,77,23092,21.867424242424242,24
0.2,1056,78,23170,21.920529801324502,23
0.2,1057,67,23237,21.96313799621928,33
0.2,1058,72,23309,22.01038715769594,28
0.2,1059,-57,23252,21.935849056603775,88
0.2,1060,18,23270,21.932139491046183,82
0.2,1061,-156,23114,21.764595103578156,258
0.2,1062,88,23202,21.826904985888994,13
0.2,1063,88,23290,21.889097744360903,13
0.2,1064,90,23380,21.953051643192488,11
0.2,1065,58,23438,21.98686679174484,42
0.2,1066,-38,23400,21.930646672914715,146
0.2,1067,-100,23300,21.816479400749063,203
0.2,1068,53,23353,21.845650140318053,47
0.2,1069,64,23417,21.88504672897196,36
0.2,1070,76,23493,21.935574229691877,25
0.2,1071,30,23523,21.943097014925375,70
0.2,1072,89,23612,22.005591798695246,12
0.2,1073,29,23641,22.012104283054004,72
0.2,1074,84,23725,22.069767441860463,16
0.2,1075,-205,23520,21.858736059479554,171
0.2,1076,-134,23386,21.71402042711235,240
0.2,1077,2,23388,21.695732838589983,101
0.2,1078,40,23428,21.712696941612606,61
0.2,1079,-124,23304,21.57777777777778,159
0.2,1080,46,23350,21.60037002775208,54
0.2,1081,-26,23324,21.55637707948244,139
0.2,1082,-4,23320,21.532779316712833,36
0.2,1083,84,23404,21.59040590405904,17
0.2,1084,87,23491,21.65069124423963,13
0.2,1085,0,23491,21.63075506445672,101
0.2,1086,-82,23409,21.53541858325667,113
0.2,1087,-68,23341,21.453125,127
0.2,1088,79,23420,21.50596877869605,21
0.2,1089,44,23464,21.526605504587156,56
0.2,1090,8,23472,21.514207149404218,94
0.2,1091,26,23498,21.51831501831502,75
0.2,1092,13,23511,21.510521500457457,88
0.2,1093,-69,23442,21.427787934186473,101
0.2,1094,80,23522,21.481278538812784,21
0.2,1095,94,23616,21.547445255474454,6
0.2,1096,79,23695,21.59981768459435,21
0.2,1097,38,23733,21.614754098360656,62
0.2,1098,-38,23695,21.56050955414013,142
0.2,1099,88,23783,21.62090909090909,12
0.2,1100,78,23861,21.67211625794732,22
0.2,1101,-17,23844,21.637023593466424,49
0.2,1102,54,23898,21.666364460562104,48
0.2,1103,46,23944,21.68840579710145,54
0.2,1104,86,24030,21.74660633484163,15
0.2,1105,15,24045,21.740506329113924,85
0.2,1106,20,24065,21.738934056007228,80
0.2,1107,37,24102,21.752707581227437,64
0.2,1108,73,24175,21.798917944093777,27
0.2,1109,54,24229,21.827927927927927,47
0.2,1110,75,24304,21.875787578757876,26
0.2,1111,69,24373,21.9181654676259,31
0.2,1112,-166,24207,21.749326145552562,270
0.2,1113,63,24270,21.786355475763017,38
0.2,1114,64,24334,21.824215246636772,36
0.2,1115,-88,24246,21.725806451612904,191
0.2,1116,-14,24232,21.69382273948075,116
0.2,1117,74,24306,21.74060822898032,26
0.2,1118,89,24395,21.800714924039323,11
0.2,1119,-12,24383,21.770535714285714,114
0.2,1120,72,24455,21.81534344335415,30
0.2,1121,21,24476,21.814616755793228,82
0.2,1122,75,24551,21.861976847729295,26
0.2,1123,91,24642,21.923487544483987,9
0.2,1124,-114,24528,21.802666666666667,219
0.2,1125,87,24615,21.86056838365897,14
0.2,1126,-37,24578,21.808340727595386,137
0.2,1127,15,24593,21.802304964539008,87
0.2,1128,52,24645,21.82905225863596,48
0.2,1129,-149,24496,21.67787610619469,186
0.2,1130,75,24571,21.72502210433245,25
0.2,1131,37,24608,21.738515901060072,64
0.2,1132,-188,24420,21.553398058252426,289
0.2,1133,73,24493,21.598765432098766,28
0.2,1134,89,24582,21.658149779735684,11
0.2,1135,-1,24581,21.638204225352112,102
0.2,1136,-155,24426,21.482849604221634,186
0.2,1137,-43,24383,21.426186291739896,146
0.2,1138,81,24464,21.478489903424055,20
0.2,1139,-64,24400,21.403508771929825,96
0.2,1140,-22,24378,21.36546888694128,123
0.2,1141,62,24440,21.40105078809107,39
0.2,1142,10,24450,21.391076115485564,91
0.2,1143,22,24472,21.39160839160839,79
0.2,1144,90,24562,21.451528384279477,11
0.2,1145,-1,24561,21.43193717277487,101
0.2,1146,6,24567,21.41848299912816,95
0.2,1147,-284,24283,21.152439024390244,248
0.2,1148,-101,24182,21.046127067014794,136
0.2,1149,2,24184,21.029565217391305,100
0.2,1150,68,24252,21.07037358818419,33
0.2,1151,-56,24196,21.00347222222222,92
0.2,1152,42,24238,21.021682567215958,59
0.2,1153,-366,23872,20.68630849220104,401
0.2,1154,7,23879,20.674458874458875,103
0.2,1155,87,23966,20.731833910034602,14
0.2,1156,70,24036,20.774416594641313,30
0.2,1157,-112,23924,20.659758203799655,216
0.2,1158,81,24005,20.711820534943918,20
0.2,1159,66,24071,20.750862068965517,34
0.2,1160,-7,24064,20.726959517657193,38
0.2,1161,49,24113,20.7512908777969,51
0.2,1162,-152,23961,20.60275150472915,186
0.2,1163,77,24038,20.651202749140893,27
0.2,1164,86,24124,20.707296137339057,14
0.2,1165,78,24202,20.756432246998283,23
0.2,1166,67,24269,20.79605826906598,34
0.2,1167,56,24325,20.826198630136986,45
0.2,1168,77,24402,20.87425149700599,24
0.2,1169,83,24485,20.927350427350426,17
0.2,1170,18,24503,20.92485055508113,13
0.2,1171,-113,24390,20.81058020477816,215
0.2,1172,20,24410,20.80988917306053,80
0.2,1173,65,24475,20.847529812606474,36
0.2,1174,66,24541,20.88595744680851,35
0.2,1175,-17,24524,20.85374149659864,119
0.2,1176,70,24594,20.89549702633815,42
0.2,1177,87,24681,20.951612903225808,13
0.2,1178,-77,24604,20.868532654792197,177
0.2,1179,33,24637,20.878813559322033,68
0.2,1180,-14,24623,20.849280270956815,151
0.2,1181,-61,24562,20.780033840947546,162
0.2,1182,-25,24537,20.741335587489434,137
0.2,1183,-62,24475,20.6714527027027,94
0.2,1184,50,24525,20.696202531645568,51
0.2,1185,80,24605,20.746205733558178,20
0.2,1186,75,24680,20.79191238416175,26
0.2,1187,71,24751,20.834175084175083,29
0.2,1188,61,24812,20.867956265769553,39
0.2,1189,94,24906,20.929411764705883,6
0.2,1190,-88,24818,20.83795130142737,188
0.2,1191,87,24905,20.893456375838927,14
0.2,1192,-62,24843,20.823973176865046,164
0.2,1193,93,24936,20.884422110552762,8
0.2,1194,13,24949,20.877824267782426,90
0.2,1195,40,24989,20.8938127090301,61
0.2,1196,91,25080,20.952380952380953,10
0.2,1197,7,25087,20.94073455759599,25
0.2,1198,13,25100,20.934111759799833,88
0.2,1199,74,25174,20.97833333333333,26
0.2,1200,51,25225,21.00333055786844,52
0.2,1201,48,25273,21.025790349417637,52
0.2,1202,81,25354,21.075644222776393,19
0.2,1203,8,25362,21.064784053156146,24
0.2,1204,20,25382,21.06390041493776,80
0.2,1205,86,25468,21.117744610281925,14
0.2,1206,1,25469,21.101077050538525,102
0.2,1207,50,25519,21.125,52
0.2,1208,82,25601,21.17535153019024,19
0.2,1209,-42,25559,21.12314049586777,144
0.2,1210,86,25645,21.176713459950456,17
0.2,1211,27,25672,21.181518151815183,74
0.2,1212,94,25766,21.241549876339654,6
0.2,1213,91,25857,21.299011532125206,9
0.2,1214,-43,25814,21.246090534979423,144
0.2,1215,65,25879,21.28207236842105,36
0.2,1216,-161,25718,21.13229252259655,195
0.2,1217,78,25796,21.17898193760263,23
0.2,1218,80,25876,21.227235438884332,20
0.2,1219,54,25930,21.25409836065574,48
0.2,1220,-45,25885,21.1998361998362,147
0.2,1221,79,25964,21.247135842880525,21
0.2,1222,85,26049,21.299264104660672,15
0.2,1223,81,26130,21.348039215686274,20
0.2,1224,94,26224,21.40734693877551,7
0.2,1225,-330,25894,21.120717781402938,328
0.2,1226,-110,25784,21.013854930725348,144
0.2,1227,92,25876,21.071661237785015,8
0.2,1228,81,25957,21.120423108218063,20
0.2,1229,65,26022,21.15609756097561,36
0.2,1230,74,26096,21.19902518277823,26
0.2,1231,29,26125,21.205357142857142,71
0.2,1232,-167,25958,21.05271695052717,269
0.2,1233,52,26010,21.07779578606159,49
0.2,1234,73,26083,21.119838056680162,27
0.2,1235,17,26100,21.116504854368934,84
0.2,1236,53,26153,21.142279708973323,48
0.2,1237,88,26241,21.196284329563813,13
0.2,1238,58,26299,21.225988700564972,43
0.2,1239,-125,26174,21.108064516129033,244
0.2,1240,21,26195,21.107977437550364,79
0.2,1241,-27,26168,21.06924315619968,58
0.2,1242,45,26213,21.088495575221238,56
0.2,1243,86,26299,21.140675241157556,14
0.2,1244,85,26384,21.191967871485943,15
0.2,1245,52,26436,21.21669341894061,50
0.2,1246,-3,26433,21.197273456295108,104
0.2,1247,82,26515,21.24599358974359,18
0.2,1248,70,26585,21.285028022417933,31
0.2,1249,57,26642,21.3136,43
0.2,1250,57,26699,21.34212629896083,44
0.2,1251,84,26783,21.392172523961662,16
0.2,1252,57,26840,21.420590582601754,43
0.2,1253,-44,26796,21.36842105263158,75
0.2,1254,36,26832,21.3800796812749,66
0.2,1255,90,26922,21.43471337579618,10
0.2,1256,12,26934,21.427207637231504,89
0.2,1257,95,27029,21.485691573926868,6
0.2,1258,-63,26966,21.418586179507546,95
0.2,1259,46,27012,21.438095238095237,54
0.2,1260,-130,26882,21.318001586042822,169
0.2,1261,-26,26856,21.28050713153724,57
0.2,1262,-133,26723,21.158353127474268,165
0.2,1263,84,26807,21.208069620253166,16
0.2,1264,65,26872,21.242687747035575,36
0.2,1265,21,26893,21.242496050552923,80
0.2,1266,76,26969,21.285714285714285,24
0.2,1267,-164,26805,21.139589905362776,199
0.2,1268,89,26894,21.193065405831362,12
0.2,1269,91,26985,21.248031496062993,9
0.2,1270,91,27076,21.302911093627067,10
0.2,1271,25,27101,21.305817610062892,98
0.2,1272,72,27173,21.345640219952866,29
0.2,1273,77,27250,21.389324960753534,23
0.2,1274,52,27302,21.413333333333334,48
0.2,1275,95,27397,21.471003134796238,6
0.2,1276,11,27408,21.462803445575567,90
0.2,1277,48,27456,21.483568075117372,52
0.2,1278,-4,27452,21.46364347146208,36
0.2,1279,80,27532,21.509375,20
0.2,1280,-129,27403,21.391881342701016,240
0.2,1281,63,27466,21.42433697347894,38
0.2,1282,55,27521,21.45050662509743,46
0.2,1283,86,27607,21.50077881619938,15
0.2,1284,70,27677,21.53852140077821,31
0.2,1285,91,27768,21.59253499222395,10
0.2,1286,47,27815,21.612276612276613,54
0.2,1287,-8,27807,21.589285714285715,110
0.2,1288,54,27861,21.614429790535297,47
0.2,1289,-47,27814,21.56124031007752,153
0.2,1290,11,27825,21.553059643687064,92
0.2,1291,80,27905,21.598297213622292,21
0.2,1292,37,27942,21.610208816705338,66
0.2,1293,41,27983,21.625193199381762,62
0.2,1294,-70,27913,21.554440154440154,171
0.2,1295,95,28008,21.61111111111111,6
0.2,1296,74,28082,21.651503469545105,27
0.2,1297,90,28172,21.704160246533128,11
0.2,1298,-79,28093,21.626635873749038,112
0.2,1299,-11,28082,21.60153846153846,43
0.2,1300,77,28159,21.64411990776326,24
0.2,1301,72,28231,21.682795698924732,29
0.2,1302,82,28313,21.729086722947045,18
0.2,1303,-163,28150,21.587423312883434,198
0.2,1304,-18,28132,21.557088122605364,50
0.2,1305,84,28216,21.60490045941807,16
0.2,1306,43,28259,21.621270084162205,60
0.2,1307,33,28292,21.629969418960243,67
0.2,1308,41,28333,21.644766997708174,65
0.2,1309,93,28426,21.699236641221376,7
0.2,1310,-2,28424,21.681159420289855,105
0.2,1311,72,28496,21.71951219512195,28
0.2,1312,41,28537,21.734196496572736,61
0.2,1313,66,28603,21.767884322678842,34
0.2,1314,47,28650,21.787072243346007,54
0.2,1315,-14,28636,21.75987841945289,45
0.2,1316,64,28700,21.791951404707667,36
0.2,1317,81,28781,21.836874051593323,23
0.2,1318,-112,28669,21.735405610310842,144
0.2,1319,74,28743,21.775,27
0.2,1320,-130,28613,21.66010598031794,234
0.2,1321,-1,28612,21.642965204236006,33
0.2,1322,56,28668,21.668934240362812,45
0.2,1323,-24,28644,21.634441087613293,126
0.2,1324,-20,28624,21.60301886792453,122
0.2,1325,12,28636,21.595776772247362,20
0.2,1326,91,28727,21.648078372268273,10
0.2,1327,51,28778,21.670180722891565,50
0.2,1328,66,28844,21.703536493604215,34
0.2,1329,71,28915,21.7406015037594,29
0.2,1330,74,28989,21.779864763335837,27
0.2,1331,-89,28900,21.696696696696698,191
0.2,1332,66,28966,21.72993248312078,35
0.2,1333,27,28993,21.733883058470763,73
0.2,1334,82,29075,21.779026217228463,18
0.2,1335,92,29167,21.831586826347305,8
0.2,1336,66,29233,21.86462228870606,40
0.2,1337,57,29290,21.89088191330344,43
0.2,1338,13,29303,21.88424197162061,87
0.2,1339,89,29392,21.934328358208955,11
0.2,1340,-29,29363,21.89634601043997,129
0.2,1341,58,29421,21.923248882265277,44
0.2,1342,-61,29360,21.86150409530901,162
0.2,1343,61,29421,21.890625,40
0.2,1344,-9,29412,21.867657992565057,109
0.2,1345,81,29493,21.91158989598811,19
0.2,1346,31,29524,21.91833704528582,69
0.2,1347,9,29533,21.908753709198812,94
0.2,1348,-4,29529,21.88954781319496,104
0.2,1349,88,29617,21.938518518518517,12
0.2,1350,20,29637,21.937083641746852,82
0.2,1351,55,29692,21.96153846153846,45
0.2,1352,92,29784,22.01330376940133,9
0.2,1353,80,29864,22.056129985228953,21
0.2,1354,18,29882,22.053136531365315,83
0.2,1355,92,29974,22.1047197640118,9
0.2,1356,-28,29946,22.06779661016949,60
0.2,1357,92,30038,22.119293078055964,9
0.2,1358,64,30102,22.15011037527594,36
0.2,1359,89,30191,22.199264705882353,12
0.2,1360,79,30270,22.240999265246142,21
0.2,1361,76,30346,22.280469897209986,24
0.2,1362,90,30436,22.33015407190022,10
0.2,1363,-49,30387,22.277859237536656,80
0.2,1364,66,30453,22.30989010989011,34
0.2,1365,-158,30295,22.177891654465594,279
0.2,1366,10,30305,22.168983174835407,92
0.2,1367,64,30369,22.19956140350877,36
0.2,1368,-36,30333,22.157048940832723,68
0.2,1369,27,30360,22.16058394160584,75
0.2,1370,-29,30331,22.12326768781911,132
0.2,1371,25,30356,22.12536443148688,7
0.2,1372,-83,30273,22.048798252002914,117
0.2,1373,-3,30270,22.03056768558952,105
0.2,1374,83,30353,22.07490909090909,18
0.2,1375,82,30435,22.118459302325583,19
0.2,1376,77,30512,22.158315177923022,23
0.2,1377,49,30561,22.177793904208997,51
0.2,1378,86,30647,22.22407541696882,15
0.2,1379,91,30738,22.27391304347826,10
0.2,1380,41,30779,22.28747284576394,64
0.2,1381,31,30810,22.293777134587554,70
0.2,1382,-148,30662,22.1706435285611,205
0.2,1383,-3,30659,22.152456647398843,104
0.2,1384,72,30731,22.188447653429602,28
0.2,1385,7,30738,22.17748917748918,102
0.2,1386,-75,30663,22.107426099495314,106
0.2,1387,42,30705,22.121757925072046,60
0.2,1388,-39,30666,22.077753779697623,71
0.2,1389,95,30761,22.13021582733813,6
0.2,1390,6,30767,22.11861969805895,26
0.2,1391,13,30780,22.112068965517242,88
0.2,1392,57,30837,22.137114142139268,44
0.2,1393,-11,30826,22.113342898134864,113
0.2,1394,56,30882,22.13763440860215,45
0.2,1395,38,30920,22.148997134670488,62
0.2,1396,36,30956,22.158911954187545,64
0.2,1397,31,30987,22.165236051502145,73
0.2,1398,52,31039,22.186561829878485,48
0.2,1399,90,31129,22.235,10
0.2,1400,2,31131,22.220556745182012,101
0.2,1401,76,31207,22.25891583452211,25
0.2,1402,72,31279,22.294369208838205,29
0.2,1403,93,31372,22.344729344729345,8
0.2,1404,90,31462,22.39288256227758,11
0.2,1405,64,31526,22.42247510668563,36
0.2,1406,51,31577,22.442786069651742,49
0.2,1407,-25,31552,22.40909090909091,126
0.2,1408,44,31596,22.42441447835344,56
0.2,1409,89,31685,22.47163120567376,11
0.2,1410,66,31751,22.5024805102764,35
0.2,1411,-41,31710,22.457507082152976,141
0.2,1412,-65,31645,22.395612172682238,28
0.2,1413,46,31691,22.412305516265913,54
0.2,1414,25,31716,22.414134275618373,75
0.2,1415,-424,31292,22.098870056497177,464
0.2,1416,77,31369,22.137614678899084,23
0.2,1417,31,31400,22.143864598025388,80
0.2,1418,42,31442,22.15785764622974,59
0.2,1419,69,31511,22.190845070422537,32
0.2,1420,21,31532,22.19000703729768,79
0.2,1421,-244,31288,22.0028129395218,288
0.2,1422,23,31311,22.003513703443428,8
0.2,1423,-157,31154,21.877808988764045,191
0.2,1424,15,31169,21.872982456140353,86
0.2,1425,-85,31084,21.79803646563815,118
0.2,1426,11,31095,21.790469516468114,91
0.2,1427,-302,30793,21.563725490196077,343
0.2,1428,32,30825,21.57102869139258,68
0.2,1429,9,30834,21.56223776223776,93
0.2,1430,-133,30701,21.45422781271838,95
0.2,1431,41,30742,21.467877094972067,62
0.2,1432,-15,30727,21.442428471737614,116
0.2,1433,64,30791,21.4721059972106,36
0.2,1434,62,30853,21.50034843205575,39
0.2,1435,-63,30790,21.441504178272982,96
0.2,1436,50,30840,21.461377870563673,51
0.2,1437,53,30893,21.483310152990263,48
0.2,1438,-57,30836,21.42876997915219,90
0.2,1439,-42,30794,21.384722222222223,86
0.2,1440,-41,30753,21.341429562803608,73
0.2,1441,-99,30654,21.257975034674065,133
0.2,1442,95,30749,21.30907830907831,6
0.2,1443,86,30835,21.35387811634349,15
0.2,1444,77,30912,21.392387543252596,23
0.2,1445,94,31006,21.44260027662517,6
0.2,1446,-99,30907,21.359364201796822,138
0.2,1447,77,30984,21.39779005524862,23
0.2,1448,93,31077,21.4472049689441,8
0.2,1449,80,31157,21.48758620689655,21
0.2,1450,41,31198,21.501033769813922,60
0.2,1451,59,31257,21.526859504132233,42
0.2,1452,86,31343,21.571231933929802,14
0.2,1453,45,31388,21.587345254470428,57
0.2,1454,84,31472,21.63024054982818,17
0.2,1455,64,31536,21.65934065934066,36
0.2,1456,-66,31470,21.599176389842142,101
0.2,1457,78,31548,21.637860082304528,24
0.2,1458,-189,31359,21.493488690884167,294
0.2,1459,13,31372,21.487671232876714,87
0.2,1460,53,31425,21.50924024640657,48
0.2,1461,27,31452,21.51299589603283,75
0.2,1462,64,31516,21.542036910457963,37
0.2,1463,82,31598,21.583333333333332,18
0.2,1464,-22,31576,21.55358361774744,54
0.2,1465,72,31648,21.58799454297408,28
0.2,1466,-4,31644,21.570552147239265,106
0.2,1467,86,31730,21.614441416893733,15
0.2,1468,64,31794,21.643294758339007,36
0.2,1469,82,31876,21.684353741496597,18
0.2,1470,83,31959,21.726036709721278,17
0.2,1471,-19,31940,21.69836956521739,119
0.2,1472,-152,31788,21.580448065173115,184
0.2,1473,86,31874,21.624151967435548,14
0.2,1474,-38,31836,21.583728813559322,148
0.2,1475,-19,31817,21.556233062330623,119
0.2,1476,-74,31743,21.491536899119836,174
0.2,1477,87,31830,21.535859269282813,13
0.2,1478,52,31882,21.556457065584855,48
0.2,1479,85,31967,21.599324324324325,16
0.2,1480,-2,31965,21.583389601620528,122
0.2,1481,86,32051,21.626855600539812,14
0.2,1482,69,32120,21.658799730276467,34
0.2,1483,-111,32009,21.56940700808625,145
0.2,1484,19,32028,21.56767676767677,81
0.2,1485,62,32090,21.594885598923284,39
0.2,1486,77,32167,21.63214525891056,23
0.2,1487,88,32255,21.676747311827956,13
0.2,1488,56,32311,21.69979852249832,44
0.2,1489,-24,32287,21.669127516778524,128
0.2,1490,56,32343,21.69215291750503,44
0.2,1491,-91,32252,21.61662198391421,125
0.2,1492,-36,32216,21.578030810448762,67
0.2,1493,51,32267,21.59772423025435,49
0.2,1494,80,32347,21.63678929765886,20
0.2,1495,93,32440,21.684491978609625,8
0.2,1496,2,32442,21.671342685370742,100
0.2,1497,63,32505,21.698931909212284,38
0.2,1498,47,32552,21.71581054036024,54
0.2,1499,92,32644,21.762666666666668,8
0.2,1500,24,32668,21.764157228514325,76
0.2,1501,87,32755,21.80758988015979,15
0.2,1502,-24,32731,21.7771124417831,127
0.2,1503,58,32789,21.80119680851064,42
0.2,1504,90,32879,21.846511627906978,11
0.2,1505,92,32971,21.893094289508632,8
0.2,1506,94,33065,21.940942269409422,6
0.2,1507,-44,33021,21.897214854111407,147
0.2,1508,89,33110,21.941683233929755,12
0.2,1509,-333,32777,21.70662251655629,325
0.2,1510,60,32837,21.73196558570483,41
0.2,1511,93,32930,21.77910052910053,8
0.2,1512,-349,32581,21.534038334434896,323
0.2,1513,-53,32528,21.484808454425362,84
0.2,1514,-192,32336,21.343894389438944,226
0.2,1515,58,32394,21.368073878627968,43
0.2,1516,75,32469,21.403427818061964,26
0.2,1517,66,32535,21.432806324110672,35
0.2,1518,15,32550,21.428571428571427,17
0.2,1519,-216,32334,21.272368421052633,252
0.2,1520,79,32413,21.310322156476,21
0.2,1521,90,32503,21.355453350854138,13
0.2,1522,23,32526,21.356533158240314,78
0.2,1523,88,32614,21.400262467191602,13
0.2,1524,-198,32416,21.25639344262295,232
0.2,1525,-394,32022,20.98427260812582,361
0.2,1526,-69,31953,20.925343811394892,173
0.2,1527,-22,31931,20.897251308900522,129
0.2,1528,85,32016,20.939175931981687,15
0.2,1529,10,32026,20.93202614379085,91
0.2,1530,-97,31929,20.85499673416068,128
0.2,1531,66,31995,20.884464751958223,34
0.2,1532,38,32033,20.89562948467058,63
0.2,1533,68,32101,20.92633637548892,32
0.2,1534,-29,32072,20.893811074918567,129
0.2,1535,15,32087,20.889973958333332,86
0.2,1536,4,32091,20.878985035783995,96
0.2,1537,-56,32035,20.828998699609883,89
0.2,1538,71,32106,20.86159844054581,30
0.2,1539,-41,32065,20.821428571428573,142
0.2,1540,84,32149,20.862426995457493,17
0.2,1541,74,32223,20.896887159533073,27
0.2,1542,20,32243,20.896305897602073,86
0.2,1543,77,32320,20.932642487046632,23
0.2,1544,74,32394,20.966990291262135,27
0.2,1545,-20,32374,20.940491591203106,123
0.2,1546,39,32413,20.952165481577246,62
0.2,1547,60,32473,20.977390180878555,40
0.2,1548,-193,32280,20.839251129761138,236
0.2,1549,64,32344,20.86709677419355,38
0.2,1550,11,32355,20.86073500967118,21
0.2,1551,-69,32286,20.802835051546392,101
0.2,1552,-59,32227,20.751448808757242,159
0.2,1553,-181,32046,20.62162162162162,282
0.2,1554,79,32125,20.659163987138264,22
0.2,1555,91,32216,20.704370179948587,9
0.2,1556,94,32310,20.751445086705203,7
0.2,1557,-121,32189,20.6604621309371,153
0.2,1558,-12,32177,20.639512508017962,114
0.2,1559,65,32242,20.66794871794872,37
0.2,1560,-41,32201,20.62844330557335,74
0.2,1561,7,32208,20.619718309859156,96
0.2,1562,93,32301,20.66602687140115,8
0.2,1563,36,32337,20.675831202046037,65
0.2,1564,71,32408,20.707987220447283,30
0.2,1565,70,32478,20.739463601532567,31
0.2,1566,87,32565,20.78174856413529,14
0.2,1567,81,32646,20.820153061224488,19
0.2,1568,35,32681,20.829190567240282,67
0.2,1569,-344,32337,20.596815286624203,376
0.2,1570,70,32407,20.62826225334182,30
0.2,1571,88,32495,20.671119592875318,12
0.2,1572,67,32562,20.70057215511761,33
0.2,1573,73,32635,20.73379923761118,28
0.2,1574,2,32637,20.721904761904764,30
0.2,1575,-410,32227,20.448604060913706,454
0.2,1576,-24,32203,20.420418516169942,125
0.2,1577,35,32238,20.429657794676807,67
0.2,1578,59,32297,20.45408486383787,41
0.2,1579,84,32381,20.494303797468355,17
0.2,1580,-91,32290,20.42378241619228,193
0.2,1581,87,32377,20.465865992414663,14
0.2,1582,73,32450,20.499052432090966,28
0.2,1583,83,32533,20.5385101010101,17
0.2,1584,62,32595,20.56466876971609,39
0.2,1585,79,32674,20.601513240857503,22
0.2,1586,91,32765,20.645872715816004,10
0.2,1587,-32,32733,20.61272040302267,64
0.2,1588,42,32775,20.62617998741347,58
0.2,1589,-154,32621,20.516352201257863,188
0.2,1590,-574,32047,20.142677561282213,612
0.2,1591,40,32087,20.155150753768844,60
0.2,1592,65,32152,20.18330194601381,35
0.2,1593,10,32162,20.176913425345045,102
0.2,1594,72,32234,20.209404388714734,29
0.2,1595,80,32314,20.2468671679198,20
0.2,1596,58,32372,20.270507201001877,43
0.2,1597,53,32425,20.2909887359199,48
0.2,1598,59,32484,20.315196998123827,41
0.2,1599,15,32499,20.311875,86
0.2,1600,-77,32422,20.251093066833228,109
0.2,1601,42,32464,20.26466916354557,60
0.2,1602,73,32537,20.297567061759203,28
0.2,1603,-140,32397,20.197630922693268,104
0.2,1604,-12,32385,20.177570093457945,43
0.2,1605,-100,32285,20.102739726027398,133
0.2,1606,-25,32260,20.074673304293714,56
0.2,1607,-4,32256,20.059701492537314,104
0.2,1608,45,32301,20.07520198881293,55
0.2,1609,29,32330,20.080745341614907,115
0.2,1610,76,32406,20.115456238361265,25
0.2,1611,-61,32345,20.065136476426797,164
0.2,1612,78,32423,20.101053936763794,23
0.2,1613,75,32498,20.135068153655514,25
0.2,1614,-109,32389,20.055108359133126,144
0.2,1615,92,32481,20.099628712871286,9
0.2,1616,58,32539,20.123067408781694,43
0.2,1617,71,32610,20.15451174289246,30
0.2,1618,34,32644,20.163063619518223,67
0.2,1619,-68,32576,20.108641975308643,174
0.2,1620,-73,32503,20.0512029611351,184
0.2,1621,30,32533,20.057336621454994,71
0.2,1622,-55,32478,20.01109057301294,87
0.2,1623,-61,32417,19.961206896551722,162
0.2,1624,7,32424,19.953230769230768,24
0.2,1625,33,32457,19.961254612546124,67
0.2,1626,84,32541,20.000614628149968,16
0.2,1627,-10,32531,19.982186732186733,110
0.2,1628,-40,32491,19.94536525475752,74
0.2,1629,66,32557,19.97361963190184,34
0.2,1630,-80,32477,19.91232372777437,111
0.2,1631,87,32564,19.95343137254902,14
0.2,1632,91,32655,19.99693815064299,9
0.2,1633,65,32720,20.024479804161565,35
0.2,1634,34,32754,20.03302752293578,69
0.2,1635,78,32832,20.068459657701712,22
0.2,1636,4,32836,20.05864386072083,99
0.2,1637,45,32881,20.073870573870575,56
0.2,1638,3,32884,20.063453325198292,97
0.2,1639,22,32906,20.064634146341465,79
0.2,1640,-95,32811,19.9945155393053,198
0.2,1641,-34,32777,19.96163215590743,134
0.2,1642,-23,32754,19.93548387096774,56
0.2,1643,13,32767,19.93126520681265,18
0.2,1644,95,32862,19.976899696048633,6
0.2,1645,22,32884,19.97812879708384,79
0.2,1646,20,32904,19.97814207650273,82
0.2,1647,-102,32802,19.90412621359223,209
0.2,1648,80,32882,19.94057004244997,20
0.2,1649,-34,32848,19.907878787878786,66
0.2,1650,17,32865,19.906117504542703,83
0.2,1651,94,32959,19.95096852300242,7
0.2,1652,92,33051,19.994555353901998,8
0.2,1653,71,33122,20.02539298669891,30
0.2,1654,-4,33118,20.010876132930512,142
0.2,1655,78,33196,20.045893719806763,23
0.2,1656,-153,33043,19.941460470730235,185
0.2,1657,29,33072,19.94692400482509,71
0.2,1658,45,33117,19.962025316455698,58
0.2,1659,90,33207,20.00421686746988,10
0.2,1660,-110,33097,19.92594822396147,144
0.2,1661,75,33172,19.959085439229842,25
0.2,1662,-95,33077,19.889957907396273,197
0.2,1663,40,33117,19.90204326923077,63
0.2,1664,92,33209,19.945345345345345,8
0.2,1665,85,33294,19.984393757503,15
0.2,1666,-211,33083,19.845830833833233,320
0.2,1667,62,33145,19.871103117505996,39
0.2,1668,94,33239,19.915518274415817,6
0.2,1669,66,33305,19.94311377245509,35
0.2,1670,72,33377,19.974266906044285,29
0.2,1671,76,33453,20.007775119617225,24
0.2,1672,-102,33351,19.934847579199044,65
0.2,1673,-69,33282,19.881720430107528,172
0.2,1674,47,33329,19.897910447761195,54
0.2,1675,38,33367,19.90871121718377,62
0.2,1676,84,33451,19.946929039952295,16
0.2,1677,-43,33408,19.909415971394516,76
0.2,1678,-4,33404,19.895175699821323,107
0.2,1679,90,33494,19.936904761904763,11
0.2,1680,76,33570,19.970255800118977,24
0.2,1681,-16,33554,19.948870392390013,117
0.2,1682,33,33587,19.956625074272132,69
0.2,1683,91,33678,19.998812351543943,9
0.2,1684,80,33758,20.034421364985164,21
0.2,1685,8,33766,20.027283511269275,96
0.2,1686,35,33801,20.036158861885003,67
0.2,1687,-73,33728,19.981042654028435,107
0.2,1688,17,33745,19.979277679100058,93
0.2,1689,71,33816,20.0094674556213,30
0.2,1690,63,33879,20.034890597279716,39
0.2,1691,-45,33834,19.99645390070922,145
0.2,1692,59,33893,20.01949202598937,42
0.2,1693,-64,33829,19.969893742621014,96
0.2,1694,25,33854,19.972861356932153,7
0.2,1695,1,33855,19.961674528301888,100
0.2,1696,-32,33823,19.93105480259281,133
0.2,1697,68,33891,19.959363957597173,32
0.2,1698,89,33980,20.0,11
0.2,1699,89,34069,20.040588235294116,11
0.2,1700,82,34151,20.077013521457967,18
0.2,1701,-6,34145,20.061692126909517,107
0.2,1702,86,34231,20.100411039342337,15
0.2,1703,18,34249,20.099178403755868,14
0.2,1704,-104,34145,20.026392961876834,207
0.2,1705,34,34179,20.03458382180539,66
0.2,1706,-100,34079,19.964264792032807,204
0.2,1707,-34,34045,19.932669789227166,135
0.2,1708,62,34107,19.957284961966064,39
0.2,1709,0,34107,19.94561403508772,101
0.2,1710,37,34144,19.955581531268265,66
0.2,1711,-9,34135,19.938668224299064,110
0.2,1712,46,34181,19.953882078225337,55
0.2,1713,69,34250,19.982497082847143,31
0.2,1714,41,34291,19.994752186588922,66
0.2,1715,75,34366,20.026806526806528,25
0.2,1716,-56,34310,19.98252766453116,88
0.2,1717,-94,34216,19.91618160651921,126
0.2,1718,37,34253,19.9261198371146,63
0.2,1719,90,34343,19.96686046511628,10
0.2,1720,11,34354,19.961650203370134,21
0.2,1721,88,34442,20.00116144018583,12
0.2,1722,-88,34354,19.938479396401625,190
0.2,1723,16,34370,19.936194895591647,86
0.2,1724,-15,34355,19.91594202898551,118
0.2,1725,63,34418,19.94090382387022,37
0.2,1726,13,34431,19.936884771279676,88
0.2,1727,67,34498,19.96412037037037,33
0.2,1728,86,34584,20.002313475997685,15
0.2,1729,89,34673,20.04219653179191,12
0.2,1730,91,34764,20.08318890814558,9
0.2,1731,58,34822,20.105080831408777,44
0.2,1732,18,34840,20.103866128101558,85
0.2,1733,92,34932,20.14532871972318,8
0.2,1734,3,34935,20.135446685878964,51
0.2,1735,23,34958,20.137096774193548,79
0.2,1736,59,35017,20.159470351180197,41
0.2,1737,25,35042,20.162255466052933,76
0.2,1738,79,35121,20.196089706728003,22
0.2,1739,68,35189,20.223563218390805,32
0.2,1740,65,35254,20.249282021826538,36
0.2,1741,-83,35171,20.190011481056256,117
0.2,1742,92,35263,20.231210556511762,9
0.2,1743,83,35346,20.267201834862384,18
0.2,1744,62,35408,20.291117478510028,39
0.2,1745,77,35485,20.32359679266896,23
0.2,1746,37,35522,20.333142530051518,64
0.2,1747,69,35591,20.360983981693362,31
0.2,1748,80,35671,20.395082904516865,21
0.2,1749,80,35751,20.429142857142857,20
0.2,1750,-77,35674,20.37350085665334,114
0.2,1751,88,35762,20.412100456621005,35
0.2,1752,-8,35754,20.39589275527667,111
0.2,1753,87,35841,20.43386545039909,14
0.2,1754,-98,35743,20.366381766381767,138
0.2,1755,88,35831,20.40489749430524,12
0.2,1756,46,35877,20.41946499715424,54
0.2,1757,-448,35429,20.15301478953356,485
0.2,1758,69,35498,20.18078453666856,31
0.2,1759,34,35532,20.188636363636363,67
0.2,1760,93,35625,20.229982964224874,8
0.2,1761,33,35658,20.237230419977298,68
0.2,1762,74,35732,20.267725467952353,26
0.2,1763,81,35813,20.302154195011337,20
0.2,1764,19,35832,20.3014164305949,83
0.2,1765,85,35917,20.338052095130237,15
0.2,1766,44,35961,20.35144312393888,58
0.2,1767,85,36046,20.388009049773757,15
0.2,1768,23,36069,20.389485585076315,9
0.2,1769,37,36106,20.398870056497174,64
0.2,1770,57,36163,20.419536984754377,43
0.2,1771,73,36236,20.44920993227991,28
0.2,1772,-147,36089,20.354765933446135,187
0.2,1773,-121,35968,20.275084554678692,155
0.2,1774,93,36061,20.31605633802817,7
0.2,1775,42,36103,20.328265765765767,59
0.2,1776,89,36192,20.36691052335397,12
0.2,1777,34,36226,20.374578177727784,66
0.2,1778,-61,36165,20.328836424957842,163
0.2,1779,53,36218,20.347191011235957,48
0.2,1780,-28,36190,20.320044918585065,129
0.2,1781,92,36282,20.36026936026936,9
0.2,1782,81,36363,20.394279304542906,19
0.2,1783,-74,36289,20.341367713004484,107
0.2,1784,-57,36232,20.298039215686273,89
0.2,1785,-31,36201,20.269316909294513,133
0.2,1786,93,36294,20.3100167879127,8
0.2,1787,61,36355,20.332774049217,39
0.2,1788,94,36449,20.37395192845165,7
0.2,1789,52,36501,20.391620111731843,48
0.2,1790,-5,36496,20.377442769402567,37
0.2,1791,92,36588,20.417410714285715,9
0.2,1792,-58,36530,20.37367540435025,160
0.2,1793,-115,36415,20.298216276477145,78
0.2,1794,-52,36363,20.257938718662952,154
0.2,1795,-224,36139,20.12193763919822,357
0.2,1796,14,36153,20.118530884808013,18
0.2,1797,77,36230,20.150166852057843,24
0.2,1798,6,36236,20.14230127848805,94
0.2,1799,-89,36147,20.081666666666667,120
0.2,1800,79,36226,20.11438089950028,22
0.2,1801,68,36294,20.14095449500555,33
0.2,1802,66,36360,20.16638935108153,34
0.2,1803,85,36445,20.202328159645234,15
0.2,1804,51,36496,20.21939058171745,50
0.2,1805,44,36540,20.232558139534884,56
0.2,1806,77,36617,20.263973436635307,23
0.2,1807,75,36692,20.29424778761062,26
0.2,1808,13,36705,20.29021558872305,87
0.2,1809,60,36765,20.3121546961326,41
0.2,1810,-97,36668,20.247377139701822,199
0.2,1811,62,36730,20.270419426048566,39
0.2,1812,92,36822,20.309983452840594,8
0.2,1813,90,36912,20.348401323043,10
0.2,1814,52,36964,20.365840220385675,48
0.2,1815,93,37057,20.405837004405285,7
0.2,1816,-113,36944,20.332416070445788,217
0.2,1817,93,37037,20.37238723872387,8
0.2,1818,19,37056,20.371632765255637,84
0.2,1819,7,37063,20.364285714285714,93
0.2,1820,39,37102,20.374519494783087,61
0.2,1821,-79,37023,20.319978046103184,111
0.2,1822,69,37092,20.34668129456939,32
0.2,1823,-84,37008,20.289473684210527,186
0.2,1824,15,37023,20.286575342465753,88
0.2,1825,-98,36925,20.221796276013144,208
0.2,1826,-80,36845,20.16694033935413,112
0.2,1827,-26,36819,20.14168490153173,126
0.2,1828,52,36871,20.159103335155823,48
0.2,1829,94,36965,20.19945355191257,7
0.2,1830,60,37025,20.221190606226106,41
0.2,1831,39,37064,20.231441048034934,61
0.2,1832,85,37149,20.266775777414075,15
0.2,1833,79,37228,20.298800436205017,21
0.2,1834,-103,37125,20.231607629427792,209
0.2,1835,48,37173,20.24673202614379,55
0.2,1836,59,37232,20.26782798040283,42
0.2,1837,68,37300,20.29379760609358,32
0.2,1838,47,37347,20.30831973898858,54
0.2,1839,13,37360,20.304347826086957,87
0.2,1840,91,37451,20.342748506246604,9
0.2,1841,-29,37422,20.315960912052116,140
0.2,1842,84,37506,20.350515463917525,17
0.2,1843,60,37566,20.372017353579174,40
0.2,1844,-42,37524,20.338211382113823,73
0.2,1845,92,37616,20.37703141928494,9
0.2,1846,73,37689,20.405522468868437,27
0.2,1847,79,37768,20.437229437229437,21
0.2,1848,63,37831,20.460248783126016,37
0.2,1849,9,37840,20.454054054054055,91
0.2,1850,-7,37833,20.439222042139384,109
0.2,1851,91,37924,20.47732181425486,10
0.2,1852,4,37928,20.468429573664327,96
0.2,1853,88,38016,20.50485436893204,12
0.2,1854,87,38103,20.54070080862534,14
0.2,1855,88,38191,20.577047413793103,13
0.2,1856,3,38194,20.56758212170167,29
0.2,1857,93,38287,20.606566200215287,7
0.2,1858,88,38375,20.642818719741797,13
0.2,1859,91,38466,20.68064516129032,10
0.2,1860,51,38517,20.69693713057496,51
0.2,1861,21,38538,20.697099892588614,82
0.2,1862,81,38619,20.729468599033815,20
0.2,1863,35,38654,20.737124463519315,65
0.2,1864,34,38688,20.744235924932976,66
0.2,1865,94,38782,20.783494105037512,6
0.2,1866,-79,38703,20.73004820567756,181
0.2,1867,84,38787,20.76391862955032,16
0.2,1868,38,38825,20.773140716960942,66
0.2,1869,6,38831,20.76524064171123,103
0.2,1870,93,38924,20.803848209513628,7
0.2,1871,86,39010,20.838675213675213,15
0.2,1872,73,39083,20.866524292578752,30
0.2,1873,91,39174,20.903948772678763,9
0.2,1874,-9,39165,20.888,111
0.2,1875,88,39253,20.923773987206822,13
0.2,1876,-3,39250,20.911028236547683,104
0.2,1877,47,39297,20.924920127795527,54
0.2,1878,55,39352,20.943054816391697,45
0.2,1879,91,39443,20.98031914893617,10
0.2,1880,49,39492,20.995215311004785,53
0.2,1881,-132,39360,20.91392136025505,164
0.2,1882,20,39380,20.91343600637281,80
0.2,1883,88,39468,20.94904458598726,12
0.2,1884,72,39540,20.97612732095491,28
0.2,1885,-28,39512,20.95015906680806,75
0.2,1886,22,39534,20.950715421303656,79
0.2,1887,65,39599,20.97404661016949,35
0.2,1888,53,39652,20.991000529380624,48
0.2,1889,40,39692,21.0010582010582,60
0.2,1890,-64,39628,20.956107879428874,97
0.2,1891,-13,39615,20.93816067653277,44
0.2,1892,93,39708,20.97622820919176,8
0.2,1893,39,39747,20.985744456177404,61
0.2,1894,92,39839,21.02321899736148,8
0.2,1895,48,39887,21.037447257383967,53
0.2,1896,56,39943,21.05587770163416,44
0.2,1897,64,40007,21.07850368809273,37
0.2,1898,15,40022,21.0753027909426,87
0.2,1899,95,40117,21.11421052631579,6
0.2,1900,-46,40071,21.07890583903209,78
0.2,1901,94,40165,21.117245005257622,6
0.2,1902,80,40245,21.148187073042564,21
0.2,1903,18,40263,21.146533613445378,83
0.2,1904,20,40283,21.145931758530185,80
0.2,1905,23,40306,21.146904512067156,77
0.2,1906,87,40393,21.1814368117462,14
0.2,1907,-28,40365,21.15566037735849,130
0.2,1908,71,40436,21.18177056050288,31
0.2,1909,-43,40393,21.148167539267014,145
0.2,1910,5,40398,21.139717425431712,95
0.2,1911,-115,40283,21.068514644351463,218
0.2,1912,-82,40201,21.01463669628855,183
0.2,1913,-8,40193,20.99947753396029,108
0.2,1914,44,40237,21.011488250652743,57
0.2,1915,60,40297,21.031837160751564,40
0.2,1916,77,40374,21.061032863849764,24
0.2,1917,69,40443,21.086027111574555,32
0.2,1918,63,40506,21.107868681605,37
0.2,1919,74,40580,21.135416666666668,27
0.2,1920,75,40655,21.1634565330557,25
0.2,1921,65,40720,21.186264308012486,35
0.2,1922,95,40815,21.224648985959437,6
0.2,1923,-222,40593,21.098232848232847,257
0.2,1924,93,40686,21.135584415584415,7
0.2,1925,23,40709,21.136552440290757,105
0.2,1926,87,40796,21.170731707317074,14
0.2,1927,87,40883,21.2048755186722,14
0.2,1928,-18,40865,21.18455158113012,118
0.2,1929,-144,40721,21.09896373056995,246
0.2,1930,-111,40610,21.030554117037806,226
0.2,1931,18,40628,21.028985507246375,82
0.2,1932,90,40718,21.06466632177962,11
0.2,1933,-61,40657,21.022233712512925,162
0.2,1934,40,40697,21.03204134366925,63
0.2,1935,95,40792,21.070247933884296,6
0.2,1936,33,40825,21.076406814661848,67
0.2,1937,82,40907,21.107843137254903,18
0.2,1938,79,40986,21.137699845281073,22
0.2,1939,-47,40939,21.102577319587628,149
0.2,1940,-105,40834,21.037609479649664,207
0.2,1941,70,40904,21.06282183316169,31
0.2,1942,89,40993,21.097786927431805,11
0.2,1943,35,41028,21.104938271604937,67
0.2,1944,84,41112,21.137275064267353,17
0.2,1945,48,41160,21.151079136690647,55
0.2,1946,68,41228,21.175141242937855,32
0.2,1947,-37,41191,21.145277207392198,137
0.2,1948,65,41256,21.1677783478707,41
0.2,1949,43,41299,21.178974358974358,57
0.2,1950,65,41364,21.201435161455663,36
0.2,1951,61,41425,21.221823770491802,40
0.2,1952,46,41471,21.23451100870456,55
0.2,1953,53,41524,21.250767656090073,48
0.2,1954,81,41605,21.281329923273656,20
0.2,1955,78,41683,21.310327198364007,22
0.2,1956,-27,41656,21.285641287685234,128
0.2,1957,-2,41654,21.273748723186927,104
0.2,1958,-51,41603,21.236855538540073,153
0.2,1959,76,41679,21.264795918367348,25
0.2,1960,24,41703,21.26619071902091,76
0.2,1961,50,41753,21.280835881753312,50
0.2,1962,-75,41678,21.2317880794702,176
0.2,1963,4,41682,21.223014256619145,112
0.2,1964,-13,41669,21.20559796437659,118
0.2,1965,66,41735,21.228382502543234,34
0.2,1966,-26,41709,21.2043721403152,57
0.2,1967,81,41790,21.234756097560975,19
0.2,1968,-85,41705,21.18080243778568,117
0.2,1969,55,41760,21.19796954314721,46
0.2,1970,83,41843,21.229325215626584,24
0.2,1971,13,41856,21.225152129817445,88
0.2,1972,-44,41812,21.19209325899645,148
0.2,1973,69,41881,21.21631205673759,32
0.2,1974,89,41970,21.250632911392405,11
0.2,1975,50,42020,21.265182186234817,50
0.2,1976,14,42034,21.261507334344966,89
0.2,1977,40,42074,21.27098078867543,63
0.2,1978,6,42080,21.263264274886307,96
0.2,1979,83,42163,21.294444444444444,17
0.2,1980,-49,42114,21.258960121150935,150
0.2,1981,11,42125,21.25378405650858,22
0.2,1982,29,42154,21.257690368129097,72
0.2,1983,-42,42112,21.225806451612904,166
0.2,1984,87,42199,21.258942065491183,13
0.2,1985,-112,42087,21.191842900302113,215
0.2,1986,83,42170,21.222949169602416,18
0.2,1987,89,42259,21.257042253521128,11
0.2,1988,77,42336,21.285067873303166,23
0.2,1989,50,42386,21.299497487437186,50
0.2,1990,55,42441,21.316423907584127,45
0.2,1991,-52,42389,21.27961847389558,158
0.2,1992,21,42410,21.279478173607625,80
0.2,1993,86,42496,21.311935807422266,14
0.2,1994,59,42555,21.330827067669173,57
0.2,1995,45,42600,21.34268537074148,55
0.2,1996,94,42694,21.379068602904358,6
0.2,1997,93,42787,21.414914914914913,8
0.2,1998,85,42872,21.446723361680842,16
0.2,1999,75,42947,21.4735,26
0.2,2000,85,43032,21.505247376311843,15
0.2,2001,63,43095,21.525974025974026,37
0.2,2002,61,43156,21.545681477783326,41
0.2,2003,-88,43068,21.491017964071855,122
0.2,2004,3,43071,21.481795511221947,99
0.2,2005,51,43122,21.496510468594217,49
0.2,2006,-62,43060,21.45490782262083,165
0.2,2007,-210,42850,21.339641434262948,242
0.2,2008,31,42881,21.344449975111996,69
0.2,2009,-23,42858,21.322388059701492,55
0.2,2010,12,42870,21.31775236200895,114
0.2,2011,-133,42737,21.241053677932406,236
0.2,2012,10,42747,21.2354694485842,92
0.2,2013,37,42784,21.243296921549156,65
0.2,2014,76,42860,21.270471464019852,25
0.2,2015,75,42935,21.297123015873016,25
0.2,2016,-94,42841,21.23996033713436,129
0.2,2017,17,42858,21.237859266600594,86
0.2,2018,65,42923,21.259534422981673,35
0.2,2019,50,42973,21.273762376237624,50
0.2,2020,71,43044,21.298367144977735,29
0.2,2021,-75,42969,21.25074183976261,203
0.2,2022,-56,42913,21.212555610479487,158
0.2,2023,-267,42646,21.070158102766797,384
0.2,2024,57,42703,21.0879012345679,46
0.2,2025,-194,42509,20.981737413622902,312
0.2,2026,60,42569,21.000986679822397,41
0.2,2027,87,42656,21.03353057199211,13
0.2,2028,68,42724,21.056678166584526,34
0.2,2029,64,42788,21.077832512315272,36
0.2,2030,63,42851,21.098473658296406,38
0.2,2031,69,42920,21.12204724409449,32
0.2,2032,14,42934,21.11854402361043,87
0.2,2033,68,43002,21.141592920353983,33
0.2,2034,57,43059,21.15921375921376,69
0.2,2035,78,43137,21.18713163064833,22
0.2,2036,32,43169,21.192439862542955,69
0.2,2037,52,43221,21.20755642787046,50
0.2,2038,91,43312,21.24178518881805,9
0.2,2039,90,43402,21.275490196078433,10
0.2,2040,90,43492,21.309162175404214,11
0.2,2041,3,43495,21.300195886385897,100
0.2,2042,-87,43408,21.247185511502693,120
0.2,2043,-22,43386,21.226027397260275,123
0.2,2044,24,43410,21.227383863080686,79
0.2,2045,74,43484,21.253176930596286,27
0.2,2046,75,43559,21.27943331704934,26
0.2,2047,61,43620,21.298828125,39
0.2,2048,-18,43602,21.279648609077597,50
0.2,2049,21,43623,21.279512195121953,82
0.2,2050,-93,43530,21.22379327157484,125
0.2,2051,-50,43480,21.189083820662766,85
0.2,2052,37,43517,21.196785192401364,83
0.2,2053,43,43560,21.207400194741968,58
0.2,2054,82,43642,21.23698296836983,22
0.2,2055,26,43668,21.239299610894943,75
0.2,2056,93,43761,21.274185707340788,7
0.2,2057,-15,43746,21.25655976676385,116
0.2,2058,91,43837,21.2904322486644,9
0.2,2059,76,43913,21.316990291262137,25
0.2,2060,-48,43865,21.283357593401263,83
0.2,2061,-53,43812,21.247332686711932,85
0.2,2062,-69,43743,21.203587009209887,170
0.2,2063,79,43822,21.231589147286822,22
0.2,2064,91,43913,21.26537530266344,9
0.2,2065,81,43994,21.29428848015489,20
0.2,2066,62,44056,21.313981615868407,39
0.2,2067,73,44129,21.338974854932303,27
0.2,2068,95,44224,21.374577090381827,6
0.2,2069,54,44278,21.390338164251208,47
0.2,2070,89,44367,21.42298406566876,12
0.2,2071,93,44460,21.457528957528957,7
0.2,2072,62,44522,21.477086348287507,40
0.2,2073,63,44585,21.497107039537127,37
0.2,2074,39,44624,21.505542168674697,61
0.2,2075,-48,44576,21.472061657032754,151
0.2,2076,1,44577,21.462205103514684,100
0.2,2077,20,44597,21.461501443695862,80
0.2,2078,83,44680,21.491101491101492,17
0.2,2079,76,44756,21.517307692307693,25
0.2,2080,63,44819,21.537241710716003,37
0.2,2081,-32,44787,21.511527377521613,135
0.2,2082,73,44860,21.536245799327894,57
0.2,2083,93,44953,21.570537428023034,7
0.2,2084,14,44967,21.566906474820144,92
0.2,2085,4,44971,21.558485139022054,97
0.2,2086,-35,44936,21.531384762817442,140
0.2,2087,90,45026,21.564176245210728,10
0.2,2088,18,45044,21.56247008137865,83
0.2,2089,16,45060,21.559808612440193,84
0.2,2090,-9,45051,21.54519368723099,110
0.2,2091,-30,45021,21.520554493307838,133
0.2,2092,63,45084,21.540372670807454,37
0.2,2093,73,45157,21.56494746895893,27
0.2,2094,54,45211,21.580429594272076,48
0.2,2095,61,45272,21.599236641221374,41
0.2,2096,-55,45217,21.562708631378158,88
0.2,2097,89,45306,21.59485224022879,12
0.2,2098,30,45336,21.59885659838018,70
0.2,2099,11,45347,21.593809523809522,89
0.2,2100,-215,45132,21.481199428843407,320
0.2,2101,-39,45093,21.45242626070409,141
0.2,2102,63,45156,21.472182596291013,38
0.2,2103,88,45244,21.50380228136882,12
0.2,2104,84,45328,21.533491686460806,16
0.2,2105,87,45415,21.564577397910732,14
0.2,2106,62,45477,21.58376839107736,39
0.2,2107,4,45481,21.575426944971536,97
0.2,2108,-38,45443,21.547178757705073,141
0.2,2109,23,45466,21.5478672985782,77
0.2,2110,28,45494,21.550923732828043,74
0.2,2111,-73,45421,21.506155303030305,173
0.2,2112,-50,45371,21.47231424514908,82
0.2,2113,75,45446,21.49763481551561,25
0.2,2114,71,45517,21.521040189125294,31
0.2,2115,-106,45411,21.46077504725898,141
0.2,2116,46,45457,21.472366556447803,55
0.2,2117,53,45510,21.48725212464589,48
0.2,2118,80,45590,21.514865502595566,21
0.2,2119,-10,45580,21.5,112
0.2,2120,60,45640,21.51815181518152,41
0.2,2121,59,45699,21.535815268614513,41
0.2,2122,-248,45451,21.408855393311352,284
0.2,2123,1,45452,21.39924670433145,104
0.2,2124,90,45542,21.431529411764707,10
0.2,2125,70,45612,21.454374412041393,30
0.2,2126,68,45680,21.476257639868358,32
0.2,2127,85,45765,21.50610902255639,15
0.2,2128,27,45792,21.50868952559887,81
0.2,2129,-149,45643,21.42863849765258,181
0.2,2130,-192,45451,21.3284842796809,297
0.2,2131,92,45543,21.361632270168855,9
0.2,2132,32,45575,21.366619784341303,69
0.2,2133,-146,45429,21.288191190253045,109
0.2,2134,52,45481,21.30257611241218,48
0.2,2135,-207,45274,21.19569288389513,320
0.2,2136,-67,45207,21.154422087037904,167
0.2,2137,14,45221,21.151075771749298,87
0.2,2138,-124,45097,21.083216456287985,157
0.2,2139,19,45116,21.082242990654205,97
0.2,2140,90,45206,21.11443250817375,10
0.2,2141,20,45226,21.11391223155929,81
0.2,2142,60,45286,21.132057862809145,40
0.2,2143,76,45362,21.157649253731343,24
0.2,2144,88,45450,21.18881118881119,22
0.2,2145,59,45509,21.206430568499535,41
0.2,2146,-42,45467,21.17699115044248,92
0.2,2147,93,45560,21.210428305400374,8
0.2,2148,41,45601,21.219637040483946,60
0.2,2149,57,45658,21.23627906976744,43
0.2,2150,21,45679,21.236169223616923,11
0.2,2151,-36,45643,21.20957249070632,148
0.2,2152,91,45734,21.241987923827217,10
0.2,2153,60,45794,21.259981429897863,41
0.2,2154,-116,45678,21.196287703016242,219
0.2,2155,1,45679,21.18692022263451,31
0.2,2156,52,45731,21.201205377839592,48
0.2,2157,34,45765,21.20713623725672,89
0.2,2158,1,45766,21.19777674849467,100
0.2,2159,94,45860,21.23148148148148,6
0.2,2160,45,45905,21.242480333179085,56
0.2,2161,89,45994,21.273820536540242,11
0.2,2162,38,46032,21.281553398058254,64
0.2,2163,-250,45782,21.15619223659889,322
0.2,2164,80,45862,21.18337182448037,21
0.2,2165,84,45946,21.2123730378578,16
0.2,2166,11,45957,21.207660359944622,90
0.2,2167,81,46038,21.235239852398525,19
0.2,2168,92,46130,21.267865375749192,8
0.2,2169,21,46151,21.267741935483873,80
0.2,2170,-26,46125,21.245969599263013,126
0.2,2171,-62,46063,21.207642725598525,164
0.2,2172,72,46135,21.231017027151402,29
0.2,2173,53,46188,21.245630174793007,49
0.2,2174,88,46276,21.27632183908046,12
0.2,2175,28,46304,21.279411764705884,73
0.2,2176,-82,46222,21.23197060174552,184
0.2,2177,46,46268,21.243342516069788,60
0.2,2178,-161,46107,21.159706287287747,266
0.2,2179,90,46197,21.191284403669727,10
0.2,2180,12,46209,21.18707015130674,89
0.2,2181,86,46295,21.216773602199815,15
0.2,2182,46,46341,21.228126431516262,55
0.2,2183,72,46413,21.251373626373628,28
0.2,2184,-99,46314,21.196338672768878,199
0.2,2185,83,46397,21.224611161939617,18
0.2,2186,42,46439,21.23411065386374,59
0.2,2187,-39,46400,21.206581352833638,140
0.2,2188,12,46412,21.2023755139333,91
0.2,2189,10,46422,21.197260273972603,95
0.2,2190,-64,46358,21.158375171154724,96
0.2,2191,53,46411,21.172901459854014,48
0.2,2192,-92,46319,21.121295029639764,124
0.2,2193,-43,46276,21.092069279854147,150
0.2,2194,70,46346,21.114350797266514,32
0.2,2195,60,46406,21.132058287795992,41
0.2,2196,66,46472,21.152480655439234,34
0.2,2197,89,46561,21.183348498635123,15
0.2,2198,9,46570,21.17780809458845,22
0.2,2199,-39,46531,21.150454545454547,70
0.2,2200,44,46575,21.1608359836438,56
0.2,2201,89,46664,21.19164396003633,11
0.2,2202,10,46674,21.18656377666818,99
0.2,2203,-19,46655,21.168330308529946,124
0.2,2204,56,46711,21.184126984126983,64
0.2,2205,-17,46694,21.16681776971895,119
0.2,2206,-30,46664,21.143633892161304,63
0.2,2207,-97,46567,21.090126811594203,129
0.2,2208,-174,46393,21.00181077410593,212
0.2,2209,69,46462,21.023529411764706,31
0.2,2210,-4,46458,21.012211668928085,115
0.2,2211,75,46533,21.036618444846294,25
0.2,2212,70,46603,21.058743786714867,30
0.2,2213,92,46695,21.09078590785908,8
0.2,2214,4,46699,21.083069977426636,27
0.2,2215,-66,46633,21.043772563176894,100
0.2,2216,-139,46494,20.971583220568334,239
0.2,2217,51,46545,20.98512173128945,50
0.2,2218,3,46548,20.97701667417756,108
0.2,2219,-613,45935,20.69144144144144,579
0.2,2220,-106,45829,20.634398919405673,137
0.2,2221,74,45903,20.65841584158416,26
0.2,2222,30,45933,20.662618083670715,70
0.2,2223,-8,45925,20.649730215827336,110
0.2,2224,19,45944,20.648988764044944,81
0.2,2225,6,45950,20.64240790655885,25
0.2,2226,-29,45921,20.620116748989673,138
0.2,2227,89,46010,20.6508078994614,11
0.2,2228,-40,45970,20.623598026020638,77
0.2,2229,70,46040,20.6457399103139,30
0.2,2230,83,46123,20.67368892873151,17
0.2,2231,27,46150,20.67652329749104,73
0.2,2232,73,46223,20.699955217196596,50
0.2,2233,91,46314,20.73142345568487,10
0.2,2234,50,46364,20.744519015659954,51
0.2,2235,90,46454,20.775491949910556,11
0.2,2236,73,46527,20.798837729101475,28
0.2,2237,80,46607,20.825290437890974,21
0.2,2238,43,46650,20.835194283162124,59
0.2,2239,38,46688,20.84285714285714,63
0.2,2240,39,46727,20.85095939312807,61
0.2,2241,-84,46643,20.80419268510259,185
0.2,2242,91,46734,20.835488185465895,9
0.2,2243,80,46814,20.86185383244207,21
0.2,2244,94,46908,20.894432071269488,7
0.2,2245,-243,46665,20.776936776491542,207
0.2,2246,71,46736,20.799287939474855,30
0.2,2247,83,46819,20.826957295373667,17
0.2,2248,71,46890,20.849266340595822,30
0.2,2249,94,46984,20.881777777777778,6
0.2,2250,72,47056,20.90448689471346,29
0.2,2251,32,47088,20.909413854351687,69
0.2,2252,-33,47055,20.88548601864181,67
0.2,2253,10,47065,20.880656610470275,91
0.2,2254,57,47122,20.89667405764967,43
0.2,2255,-29,47093,20.87455673758865,130
0.2,2256,61,47154,20.89233495790873,39
0.2,2257,40,47194,20.900797165633303,61
0.2,2258,63,47257,20.919433377600708,37
0.2,2259,24,47281,20.92079646017699,77
0.2,2260,-47,47234,20.89075630252101,79
0.2,2261,32,47266,20.895667550839963,68
0.2,2262,-113,47153,20.83650022094565,223
0.2,2263,0,47153,20.827296819787986,101
0.2,2264,-55,47098,20.79381898454746,158
0.2,2265,86,47184,20.82259488084731,15
0.2,2266,75,47259,20.84649316277018,26
0.2,2267,11,47270,20.84215167548501,20
0.2,2268,63,47333,20.860731599823712,37
0.2,2269,91,47424,20.891629955947135,9
0.2,2270,61,47485,20.909291061206517,40
0.2,2271,-36,47449,20.88424295774648,68
0.2,2272,81,47530,20.910690717113948,20
0.2,2273,94,47624,20.94283201407212,6
0.2,2274,90,47714,20.973186813186814,11
0.2,2275,-101,47613,20.919595782073813,137
0.2,2276,-20,47593,20.901624945103205,123
0.2,2277,29,47622,20.90517998244074,75
0.2,2278,76,47698,20.929354980254498,25
0.2,2279,94,47792,20.96140350877193,6
0.2,2280,76,47868,20.985532661113545,25
0.2,2281,12,47880,20.98159509202454,106
0.2,2282,73,47953,21.00438020148927,28
0.2,2283,-38,47915,20.978546409807354,70
0.2,2284,66,47981,20.99824945295405,34
0.2,2285,-67,47914,20.95975503062117,101
0.2,2286,84,47998,20.9873196327066,17
0.2,2287,-24,47974,20.967657342657343,55
0.2,2288,66,48040,20.987330712101354,34
0.2,2289,87,48127,21.016157205240173,13
0.2,2290,95,48222,21.048450458315145,6
0.2,2291,86,48308,21.076788830715532,14
0.2,2292,-52,48256,21.044919319668555,83
0.2,2293,22,48278,21.045335658238884,79
0.2,2294,42,48320,21.054466230936818,58
0.2,2295,44,48364,21.06445993031359,67
0.2,2296,92,48456,21.095341750108837,9
0.2,2297,87,48543,21.12402088772846,14
0.2,2298,8,48551,21.11831230969987,23
0.2,2299,-326,48225,20.967391304347824,362
0.2,2300,63,48288,20.985658409387224,37
0.2,2301,18,48306,20.984361424847958,82
0.2,2302,0,48306,20.97524967433782,101
0.2,2303,16,48322,20.97309027777778,84
0.2,2304,-15,48307,20.957483731019522,47
0.2,2305,-54,48253,20.924978317432785,87
0.2,2306,-90,48163,20.876896402254008,141
0.2,2307,12,48175,20.87305025996534,89
0.2,2308,90,48265,20.902988306626245,10
0.2,2309,91,48356,20.933333333333334,10
0.2,2310,78,48434,20.958026828212894,23
0.2,2311,58,48492,20.974048442906575,42
0.2,2312,60,48552,20.990920881971466,41
0.2,2313,37,48589,20.997839239412272,64
0.2,2314,52,48641,21.01123110151188,49
0.2,2315,-118,48523,20.951208981001727,219
0.2,2316,87,48610,20.979715148899437,14
0.2,2317,87,48697,21.008196721311474,13
0.2,2318,86,48783,21.03622250970246,14
0.2,2319,-163,48620,20.95689655172414,268
0.2,2320,94,48714,20.988367083153815,6
0.2,2321,55,48769,21.003014642549527,45
0.2,2322,53,48822,21.01678863538528,48
0.2,2323,80,48902,21.042168674698797,21
0.2,2324,-114,48788,20.984086021505377,218
0.2,2325,38,48826,20.99140154772141,63
0.2,2326,-7,48819,20.979372582724537,107
0.2,2327,11,48830,20.975085910652922,121
0.2,2328,69,48899,20.99570631172177,31
0.2,2329,64,48963,21.014163090128754,37
0.2,2330,27,48990,21.01673101673102,75
0.2,2331,0,48990,21.00771869639794,103
0.2,2332,52,49042,21.02100300042863,48
0.2,2333,21,49063,21.020994001713795,11
0.2,2334,-93,48970,20.972162740899357,198
0.2,2335,32,49002,20.976883561643834,68
0.2,2336,-41,48961,20.95036371416346,72
0.2,2337,-87,48874,20.904191616766468,192
0.2,2338,-10,48864,20.890979050876442,111
0.2,2339,49,48913,20.902991452991454,51
0.2,2340,47,48960,20.914139256727893,53
0.2,2341,12,48972,20.910333048676346,88
0.2,2342,47,49019,20.921468203158344,54
0.2,2343,62,49081,20.938993174061434,40
0.2,2344,-64,49017,20.902771855010663,96
0.2,2345,1,49018,20.894288150042627,99
0.2,2346,45,49063,20.90455901150405,58
0.2,2347,57,49120,20.91993185689949,45
0.2,2348,59,49179,20.936143039591315,42
0.2,2349,34,49213,20.941702127659575,66
0.2,2350,-70,49143,20.903019991492982,170
0.2,2351,-34,49109,20.8796768707483,68
0.2,2352,80,49189,20.904802379940502,20
0.2,2353,-173,49016,20.822429906542055,205
0.2,2354,-83,48933,20.778343949044586,192
0.2,2355,-280,48653,20.650679117147707,185
0.2,2356,39,48692,20.658464149342386,61
0.2,2357,93,48785,20.689143341815097,8
0.2,2358,89,48874,20.718100890207715,12
0.2,2359,11,48885,20.713983050847457,89
0.2,2360,44,48929,20.723845828038968,56
0.2,2361,77,49006,20.74767146486029,23
0.2,2362,-83,48923,20.70376639864579,183
0.2,2363,4,48927,20.696700507614214,119
0.2,2364,7,48934,20.69090909090909,94
0.2,2365,-25,48909,20.671597633136095,126
0.2,2366,67,48976,20.69117025771018,34
0.2,2367,5,48981,20.68454391891892,97
0.2,2368,-32,48949,20.662304769945123,69
0.2,2369,72,49021,20.683966244725738,29
0.2,2370,93,49114,20.71446646984395,7
0.2,2371,65,49179,20.733136593591905,36
0.2,2372,-21,49158,20.715549936788875,123
0.2,2373,28,49186,20.718618365627634,74
0.2,2374,-110,49076,20.66357894736842,155
0.2,2375,81,49157,20.688973063973062,19
0.2,2376,82,49239,20.714766512410602,19
0.2,2377,93,49332,20.74516400336417,7
0.2,2378,54,49386,20.759142496847414,46
0.2,2379,25,49411,20.7609243697479,76
0.2,2380,50,49461,20.773204535909283,50
0.2,2381,48,49509,20.78463476070529,52
0.2,2382,86,49595,20.81200167855644,15
0.2,2383,47,49642,20.822986577181208,54
0.2,2384,18,49660,20.82180293501048,83
0.2,2385,18,49678,20.820620284995808,83
0.2,2386,16,49694,20.818600754084624,93
0.2,2387,44,49738,20.82830820770519,57
0.2,2388,-132,49606,20.764336542486397,234
0.2,2389,21,49627,20.764435146443514,80
0.2,2390,91,49718,20.793810121288164,9
0.2,2391,76,49794,20.816889632107024,24
0.2,2392,50,49844,20.829084830756372,51
0.2,2393,94,49938,20.859649122807017,6
0.2,2394,48,49986,20.87098121085595,52
0.2,2395,-33,49953,20.848497495826376,135
0.2,2396,30,49983,20.852315394242805,79
0.2,2397,52,50035,20.86530442035029,49
0.2,2398,94,50129,20.895789912463528,7
0.2,2399,-44,50085,20.86875,147
0.2,2400,94,50179,20.89920866305706,7
0.2,2401,66,50245,20.91798501248959,34
0.2,2402,92,50337,20.94756554307116,8
0.2,2403,95,50432,20.9783693843594,6
0.2,2404,89,50521,21.006652806652806,12
0.2,2405,81,50602,21.03158769742311,20
0.2,2406,66,50668,21.050270045700042,36
0.2,2407,54,50722,21.063953488372093,47
0.2,2408,43,50765,21.073059360730593,58
0.2,2409,-46,50719,21.045228215767636,147
0.2,2410,90,50809,21.073828287017836,10
0.2,2411,38,50847,21.08084577114428,77
0.2,2412,-93,50754,21.0335681723995,127
0.2,2413,-137,50617,20.968102734051367,171
0.2,2414,81,50698,20.99296066252588,19
0.2,2415,27,50725,20.995447019867548,73
0.2,2416,-32,50693,20.97352089366984,135
0.2,2417,-11,50682,20.96029776674938,115
0.2,2418,37,50719,20.96692848284415,64
0.2,2419,55,50774,20.98099173553719,47
0.2,2420,94,50868,21.01115241635688,7
0.2,2421,48,50916,21.022295623451694,52
0.2,2422,80,50996,21.04663640115559,21
0.2,2423,46,51042,21.056930693069308,54
0.2,2424,12,51054,21.053195876288658,89
0.2,2425,72,51126,21.07419620774938,29
0.2,2426,-102,51024,21.023485784919654,136
0.2,2427,86,51110,21.0502471169687,15
0.2,2428,51,51161,21.06257719226019,49
0.2,2429,5,51166,21.0559670781893,26
0.2,2430,20,51186,21.055532702591528,84
0.2,2431,35,51221,21.06126644736842,65
0.2,2432,61,51282,21.077681874229345,40
0.2,2433,-8,51274,21.06573541495481,110
0.2,2434,-263,51011,20.949075975359342,232
0.2,2435,-138,50873,20.883825944170773,171
0.2,2436,9,50882,20.87894952810833,93
0.2,2437,69,50951,20.898687448728467,31
0.2,2438,72,51023,20.919639196391962,30
0.2,2439,5,51028,20.91311475409836,99
0.2,2440,80,51108,20.937320770176157,21
0.2,2441,-126,50982,20.877149877149876,158
0.2,2442,76,51058,20.89971346704871,25
0.2,2443,91,51149,20.928396072013093,9
0.2,2444,74,51223,20.950102249488754,27
0.2,2445,61,51284,20.9664758789861,39
0.2,2446,81,51365,20.991009399264406,20
0.2,2447,5,51370,20.984477124183005,95
0.2,2448,66,51436,21.00285830951409,35
0.2,2449,-191,51245,20.916326530612245,166
0.2,2450,-23,51222,20.8984088127295,123
0.2,2451,-161,51061,20.8242251223491,264
0.2,2452,81,51142,20.848756624541377,20
0.2,2453,6,51148,20.84270578647107,25
0.2,2454,36,51184,20.84887983706721,64
0.2,2455,12,51196,20.84527687296417,90
0.2,2456,47,51243,20.855921855921856,57
0.2,2457,46,51289,20.86615134255492,55
0.2,2458,52,51341,20.878812525416837,48
0.2,2459,61,51402,20.89512195121951,39
0.2,2460,37,51439,20.901665989435187,63
0.2,2461,-63,51376,20.867587327376118,178
0.2,2462,28,51404,20.870483150629315,72
0.2,2463,65,51469,20.888392857142858,37
0.2,2464,78,51547,20.911561866125762,23
0.2,2465,68,51615,20.93065693430657,33
0.2,2466,52,51667,20.943250912038913,48
0.2,2467,30,51697,20.946920583468394,70
0.2,2468,81,51778,20.97124341838801,19
0.2,2469,67,51845,20.989878542510123,34
0.2,2470,-94,51751,20.943342776203966,195
0.2,2471,65,51816,20.961165048543688,36
0.2,2472,-25,51791,20.942579862515164,127
0.2,2473,77,51868,20.965238480194017,24
0.2,2474,21,51889,20.965252525252524,11
0.2,2475,-135,51754,20.90226171243942,170
0.2,2476,-20,51734,20.885748889786033,51
0.2,2477,68,51802,20.904761904761905,33
0.2,2478,49,51851,20.91609519967729,51
0.2,2479,-24,51827,20.897983870967742,125
0.2,2480,90,51917,20.92583635630794,10
0.2,2481,65,51982,20.943593875906526,36
0.2,2482,-17,51965,20.928312525171165,49
0.2,2483,33,51998,20.93317230273752,69
0.2,2484,-66,51932,20.898189134808852,170
0.2,2485,64,51996,20.91552695092518,37
0.2,2486,46,52042,20.92561318858062,55
0.2,2487,36,52078,20.931672025723472,65
0.2,2488,48,52126,20.94254720771394,52
0.2,2489,-55,52071,20.912048192771085,86
0.2,2490,26,52097,20.914090726615818,6
0.2,2491,91,52188,20.942215088282506,9
0.2,2492,-68,52120,20.90653830726033,30
0.2,2493,90,52210,20.934242181234964,10
0.2,2494,-117,52093,20.878957915831663,150
0.2,2495,-31,52062,20.858173076923077,132
0.2,2496,-74,51988,20.82018422106528,177
0.2,2497,65,52053,20.83787029623699,37
0.2,2498,33,52086,20.842737094837936,68
0.2,2499,92,52178,20.8712,9
0.2,2500,8,52186,20.86605357856857,93
0.2,2501,12,52198,20.862509992006395,89
0.2,2502,-34,52164,20.840591290451457,65
0.2,2503,28,52192,20.843450479233226,74
0.2,2504,6,52198,20.8375249500998,26
0.2,2505,34,52232,20.842777334397447,66
0.2,2506,-176,52056,20.76426007179896,210
0.2,2507,-10,52046,20.751993620414673,111
0.2,2508,66,52112,20.77002789956158,34
0.2,2509,88,52200,20.796812749003983,12
0.2,2510,-4,52196,20.786937475109518,35
0.2,2511,65,52261,20.80453821656051,36
0.2,2512,-36,52225,20.781933943493833,67
0.2,2513,28,52253,20.78480509148767,72
0.2,2514,13,52266,20.781709741550696,88
0.2,2515,42,52308,20.79014308426073,59
0.2,2516,12,52320,20.786650774731825,89
0.2,2517,36,52356,20.792692613185068,65
0.2,2518,-11,52345,20.780071456927352,113
0.2,2519,67,52412,20.798412698412697,34
0.2,2520,20,52432,20.798095993653313,81
0.2,2521,-66,52366,20.763679619349723,172
0.2,2522,-148,52218,20.69678953626635,248
0.2,2523,17,52235,20.695324881141048,84
0.2,2524,75,52310,20.716831683168316,26
0.2,2525,-33,52277,20.695566112430722,154
0.2,2526,21,52298,20.695686584883262,79
0.2,2527,-8,52290,20.684335443037973,108
0.2,2528,-53,52237,20.655199683669434,84
0.2,2529,18,52255,20.654150197628457,84
0.2,2530,-146,52109,20.588305017779533,111
0.2,2531,72,52181,20.60860979462875,29
0.2,2532,-69,52112,20.573233320173706,178
0.2,2533,89,52201,20.60023677979479,11
0.2,2534,-7,52194,20.589349112426035,108
0.2,2535,29,52223,20.592665615141957,74
0.2,2536,78,52301,20.615293653921956,22
0.2,2537,85,52386,20.64066193853428,16
0.2,2538,79,52465,20.663647105159512,22
0.2,2539,-37,52428,20.640944881889762,77
0.2,2540,75,52503,20.662337662337663,25
0.2,2541,-17,52486,20.64752163650669,119
0.2,2542,13,52499,20.64451435312623,90
0.2,2543,84,52583,20.66941823899371,16
0.2,2544,40,52623,20.677013752455796,60
0.2,2545,88,52711,20.703456402199528,13
0.2,2546,83,52794,20.72791519434629,18
0.2,2547,-27,52767,20.709183673469386,130
0.2,2548,-92,52675,20.664966653589644,124
0.2,2549,32,52707,20.66941176470588,69
0.2,2550,-11,52696,20.656997255978048,112
0.2,2551,-186,52510,20.57601880877743,296
0.2,2552,79,52589,20.598903251077164,21
0.2,2553,94,52683,20.627642913077526,7
0.2,2554,80,52763,20.650880626223092,36
0.2,2555,62,52825,20.667057902973397,39
0.2,2556,85,52910,20.69221744231521,16
0.2,2557,17,52927,20.690774042220486,85
0.2,2558,24,52951,20.692067213755372,78
0.2,2559,94,53045,20.720703125,23
0.2,2560,80,53125,20.74385005857087,21
0.2,2561,78,53203,20.766198282591724,23
0.2,2562,-52,53151,20.73780725712056,152
0.2,2563,95,53246,20.766770670826833,6
0.2,2564,79,53325,20.789473684210527,22
0.2,2565,83,53408,20.813717848791892,17
0.2,2566,46,53454,20.823529411764707,54
0.2,2567,83,53537,20.847741433021806,18
0.2,2568,14,53551,20.84507590502141,87
0.2,2569,-24,53527,20.827626459143968,127
0.2,2570,-50,53477,20.8000777907429,151
0.2,2571,94,53571,20.828538102643858,6
0.2,2572,78,53649,20.85075787019044,23
0.2,2573,-14,53635,20.83721833721834,115
0.2,2574,-176,53459,20.760776699029126,281
0.2,2575,89,53548,20.78726708074534,12
0.2,2576,36,53584,20.793170353123788,64
0.2,2577,39,53623,20.80023273855702,63
0.2,2578,-36,53587,20.778208607987594,145
0.2,2579,93,53680,20.8062015503876,7
0.2,2580,-107,53573,20.756683456024795,216
0.2,2581,95,53668,20.78543764523625,6
0.2,2582,78,53746,20.80758807588076,23
0.2,2583,40,53786,20.815015479876163,60
0.2,2584,72,53858,20.834816247582204,31
0.2,2585,-8,53850,20.82366589327146,111
0.2,2586,-145,53705,20.75956706609973,249
0.2,2587,69,53774,20.77820710973725,32
0.2,2588,80,53854,20.801081498648127,20
0.2,2589,57,53911,20.815057915057913,44
0.2,2590,13,53924,20.812041682747974,88
0.2,2591,67,53991,20.82986111111111,33
0.2,2592,53,54044,20.842267643655997,54
0.2,2593,72,54116,20.861989205859675,29
0.2,2594,84,54200,20.886319845857418,17
0.2,2595,86,54286,20.91140215716487,14
0.2,2596,72,54358,20.93107431651906,28
0.2,2597,23,54381,20.93187066974596,78
0.2,2598,88,54469,20.957676029242016,13
0.2,2599,78,54547,20.979615384615386,22
0.2,2600,54,54601,20.992310649750095,70
0.2,2601,14,54615,20.989623366641045,88
0.2,2602,-14,54601,20.976181329235498,124
0.2,2603,89,54690,21.002304147465438,12
0.2,2604,25,54715,21.00383877159309,78
0.2,2605,-38,54677,20.98119723714505,69
0.2,2606,-16,54661,20.967011891062523,48
0.2,2607,-319,54342,20.836656441717793,251
0.2,2608,-62,54280,20.804906094289,94
0.2,2609,-68,54212,20.77088122605364,102
0.2,2610,-144,54068,20.707774798927613,177
0.2,2611,92,54160,20.735068912710567,13
0.2,2612,-37,54123,20.71297359357061,68
0.2,2613,60,54183,20.728003060443765,41
0.2,2614,-12,54171,20.715487571701722,115
0.2,2615,-23,54148,20.698776758409785,54
0.2,2616,80,54228,20.72143675964845,20
0.2,2617,-14,54214,20.708174178762413,120
0.2,2618,-3,54211,20.699121802214584,35
0.2,2619,73,54284,20.71908396946565,30
0.2,2620,55,54339,20.732163296451738,46
0.2,2621,-41,54298,20.708619374523266,172
0.2,2622,43,54341,20.717117804041173,57
0.2,2623,86,54427,20.741996951219512,15
0.2,2624,16,54443,20.740190476190477,15
0.2,2625,-270,54173,20.62947448591013,304
0.2,2626,65,54238,20.64636467453369,36
0.2,2627,89,54327,20.672374429223744,12
0.2,2628,-39,54288,20.649676683149487,72
0.2,2629,-65,54223,20.617110266159695,180
0.2,2630,66,54289,20.634359559103004,35
0.2,2631,69,54358,20.65273556231003,32
0.2,2632,-89,54269,20.61109001139385,195
0.2,2633,83,54352,20.63477600607441,18
0.2,2634,81,54433,20.657685009487665,19
0.2,2635,61,54494,20.67298937784522,39
0.2,2636,-187,54307,20.594235874099354,152
0.2,2637,43,54350,20.6027293404094,59
0.2,2638,-46,54304,20.5774914740432,78
0.2,2639,-33,54271,20.55719696969697,139
0.2,2640,84,54355,20.581219235138207,16
0.2,2641,-238,54117,20.48334595003785,297
0.2,2642,54,54171,20.496027241770715,46
0.2,2643,-37,54134,20.47428139183056,138
0.2,2644,82,54216,20.497542533081287,18
0.2,2645,-75,54141,20.461451247165535,175
0.2,2646,-129,54012,20.404986777483945,231
0.2,2647,-165,53847,20.334969788519636,198
0.2,2648,79,53926,20.357115892789732,22
0.2,2649,41,53967,20.36490566037736,60
0.2,2650,-440,53527,20.191248585439457,479
0.2,2651,55,53582,20.204374057315235,46
0.2,2652,-194,53388,20.12363362231436,314
0.2,2653,45,53433,20.133006782215524,56
0.2,2654,56,53489,20.146516007532956,45
0.2,2655,-255,53234,20.04292168674699,287
0.2,2656,-93,53141,20.000376364320662,124
0.2,2657,75,53216,20.02106847253574,25
0.2,2658,45,53261,20.030462579917263,58
0.2,2659,-67,53194,19.997744360902256,157
0.2,2660,91,53285,20.02442690717775,9
0.2,2661,16,53301,20.022915101427497,15
0.2,2662,75,53376,20.043559894855427,26
0.2,2663,-121,53255,19.990615615615617,156
0.2,2664,26,53281,19.992870544090056,74
0.2,2665,0,53281,19.98537134283571,100
0.2,2666,-190,53091,19.906636670416198,294
0.2,2667,58,53149,19.920914542728635,42
0.2,2668,91,53240,19.94754589733983,9
0.2,2669,67,53307,19.96516853932584,33
0.2,2670,61,53368,19.980531636091353,40
0.2,2671,-33,53335,19.960703592814372,65
0.2,2672,71,53406,19.97979797979798,30
0.2,2673,82,53488,20.00299177262528,18
0.2,2674,-11,53477,19.991401869158878,112
0.2,2675,27,53504,19.994020926756352,73
0.2,2676,26,53530,19.99626447515876,75
0.2,2677,70,53600,20.01493651979089,30
0.2,2678,-190,53410,19.936543486375513,294
0.2,2679,57,53467,19.95037313432836,46
0.2,2680,92,53559,19.977247295785155,8
0.2,2681,94,53653,20.0048471290082,6
0.2,2682,-24,53629,19.988445769660828,125
0.2,2683,71,53700,20.007451564828614,30
0.2,2684,72,53772,20.0268156424581,30
0.2,2685,25,53797,20.02866716306776,76
0.2,2686,4,53801,20.02270189802754,28
0.2,2687,80,53881,20.04501488095238,20
0.2,2688,-51,53830,20.018594272963927,83
0.2,2689,17,53847,20.01747211895911,85
0.2,2690,-11,53836,20.00594574507618,112
0.2,2691,11,53847,20.00260029717682,91
0.2,2692,91,53938,20.02896398069068,9
0.2,2693,79,54017,20.05085374907201,22
0.2,2694,10,54027,20.04712430426716,22
0.2,2695,-243,53784,19.949554896142434,346
0.2,2696,79,53863,19.971449758991472,22
0.2,2697,27,53890,19.97405485544848,75
0.2,2698,35,53925,19.979622082252686,67
0.2,2699,-1,53924,19.971851851851852,103
0.2,2700,27,53951,19.974453905960754,73
0.2,2701,81,54032,19.997039230199853,20
0.2,2702,5,54037,19.99149093599704,96
0.2,2703,55,54092,20.004437869822485,48
0.2,2704,71,54163,20.02329020332717,29
0.2,2705,57,54220,20.036954915003694,44
0.2,2706,-92,54128,19.995567048393056,123
0.2,2707,-279,53849,19.885155096011818,315
0.2,2708,84,53933,19.908822443706164,17
0.2,2709,25,53958,19.91070110701107,75
0.2,2710,-38,53920,19.889339727037992,141
0.2,2711,-127,53793,19.835176991150444,249
0.2,2712,69,53862,19.853298931072615,32
0.2,2713,-7,53855,19.84340456890199,111
0.2,2714,-6,53849,19.83388581952118,37
0.2,2715,76,53925,19.854565537555228,25
0.2,2716,87,54012,19.879278616120722,13
0.2,2717,85,54097,19.903237674760852,15
0.2,2718,74,54171,19.92313350496506,27
0.2,2719,51,54222,19.93455882352941,50
0.2,2720,46,54268,19.944138184490996,56
0.2,2721,64,54332,19.960323291697282,37
0.2,2722,-35,54297,19.940139551964744,144
0.2,2723,44,54341,19.948972099853158,57
0.2,2724,61,54402,19.964036697247707,39
0.2,2725,69,54471,19.98202494497432,36
0.2,2726,94,54565,20.009167583425008,7
0.2,2727,82,54647,20.031891495601172,19
0.2,2728,79,54726,20.053499450348113,22
0.2,2729,43,54769,20.061904761904763,57
0.2,2730,-110,54659,20.014280483339437,143
0.2,2731,-125,54534,19.961200585651536,89
0.2,2732,36,54570,19.967069154774972,65
0.2,2733,28,54598,19.970007315288953,72
0.2,2734,89,54687,19.995246800731262,12
0.2,2735,10,54697,19.991593567251464,91
0.2,2736,84,54781,20.01497990500548,16
0.2,2737,38,54819,20.02154857560263,63
0.2,2738,89,54908,20.046732384081782,12
0.2,2739,88,54996,20.07153284671533,13
0.2,2740,41,55037,20.07916818679314,60
0.2,2741,-87,54950,20.0401167031364,120
0.2,2742,50,55000,20.05103900838498,51
0.2,2743,60,55060,20.065597667638485,40
0.2,2744,60,55120,20.08014571948998,40
0.2,2745,93,55213,20.10670065549891,8
0.2,2746,29,55242,20.109938114306516,71
0.2,2747,94,55336,20.136826783114994,6
0.2,2748,75,55411,20.156784285194615,26
0.2,2749,79,55490,20.17818181818182,22
0.2,2750,51,55541,20.189385677935295,51
0.2,2751,-36,55505,20.168968023255815,72
0.2,2752,87,55592,20.193243734108247,13
0.2,2753,63,55655,20.20878721859114,37
0.2,2754,89,55744,20.233756805807623,11
0.2,2755,26,55770,20.235849056603772,6
0.2,2756,-5,55765,20.226695683714183,37
0.2,2757,-115,55650,20.17766497461929,150
0.2,2758,-302,55348,20.060891627401233,337
0.2,2759,77,55425,20.081521739130434,23
0.2,2760,-57,55368,20.053603766751177,158
0.2,2761,61,55429,20.06842867487328,40
0.2,2762,32,55461,20.07274701411509,69
0.2,2763,88,55549,20.097322720694645,12
0.2,2764,-11,55538,20.08607594936709,42
0.2,2765,33,55571,20.090744757772956,68
0.2,2766,87,55658,20.11492591254066,14
0.2,2767,-7,55651,20.105130057803468,38
0.2,2768,87,55738,20.129288551823763,14
0.2,2769,78,55816,20.15018050541516,22
0.2,2770,82,55898,20.17250090220137,19
0.2,2771,54,55952,20.184704184704184,55
0.2,2772,29,55981,20.187883159033536,71
0.2,2773,-31,55950,20.169430425378515,139
0.2,2774,-9,55941,20.158918918918918,111
0.2,2775,-106,55835,20.113472622478387,139
0.2,2776,94,55929,20.140079222182212,6
0.2,2777,91,56020,20.165586753059756,10
0.2,2778,13,56033,20.1630082763584,89
0.2,2779,45,56078,20.171942446043165,55
0.2,2780,16,56094,20.170442286947143,84
0.2,2781,24,56118,20.17181883537024,78
0.2,2782,17,56135,20.170679123248295,15
0.2,2783,-49,56086,20.145833333333332,150
0.2,2784,43,56129,20.154039497307,59
0.2,2785,-6,56123,20.14465183058148,121
0.2,2786,60,56183,20.158952278435592,41
0.2,2787,51,56234,20.170014347202297,50
0.2,2788,-154,56080,20.107565435640016,244
0.2,2789,80,56160,20.129032258064516,20
0.2,2790,7,56167,20.124328197778574,95
0.2,2791,-9,56158,20.113896848137536,109
0.2,2792,7,56165,20.10920157536699,24
0.2,2793,-5,56160,20.10021474588404,108
0.2,2794,45,56205,20.10912343470483,56
0.2,2795,91,56296,20.13447782546495,9
0.2,2796,67,56363,20.15123346442617,34
0.2,2797,70,56433,20.169049320943532,31
0.2,2798,57,56490,20.182207931404072,45
0.2,2799,39,56529,20.188928571428573,84
0.2,2800,37,56566,20.194930382006426,75
0.2,2801,89,56655,20.219486081370448,11
0.2,2802,-143,56512,20.16125579735997,178
0.2,2803,63,56575,20.176533523537802,38
0.2,2804,62,56637,20.19144385026738,39
0.2,2805,60,56697,20.205630791161795,40
0.2,2806,-20,56677,20.191307445671537,53
0.2,2807,-71,56606,20.15883190883191,171
0.2,2808,90,56696,20.18369526521894,10
0.2,2809,51,56747,20.194661921708185,49
0.2,2810,46,56793,20.20384204909285,56
0.2,2811,95,56888,20.230440967283073,6
0.2,2812,-86,56802,20.192676857447566,190
0.2,2813,5,56807,20.18727789623312,26
0.2,2814,49,56856,20.197513321492007,51
0.2,2815,-31,56825,20.179332386363637,63
0.2,2816,62,56887,20.194178203762867,39
0.2,2817,38,56925,20.200496806245564,64
0.2,2818,86,57011,20.22383824051082,14
0.2,2819,78,57089,20.24432624113475,23
0.2,2820,41,57130,20.251683800070897,59
0.2,2821,68,57198,20.268603827072997,32
0.2,2822,84,57282,20.29117959617428,16
0.2,2823,14,57296,20.288951841359772,87
0.2,2824,25,57321,20.29061946902655,75
0.2,2825,-104,57217,20.246638358103326,135
0.2,2826,-35,57182,20.227095861337105,135
0.2,2827,42,57224,20.234794908062234,79
0.2,2828,-123,57101,20.1841640155532,231
0.2,2829,18,57119,20.18339222614841,82
0.2,2830,38,57157,20.18968562345461,62
0.2,2831,-197,56960,20.112994350282484,304
0.2,2832,65,57025,20.12883868690434,35
0.2,2833,-6,57019,20.119618913196895,106
0.2,2834,78,57097,20.140035273368607,28
0.2,2835,-190,56907,20.065937940761636,155
0.2,2836,60,56967,20.080014099400774,42
0.2,2837,53,57020,20.091613812544043,50
0.2,2838,75,57095,20.110954561465306,25
0.2,2839,-8,57087,20.10105633802817,109
0.2,2840,90,57177,20.125659978880677,11
0.2,2841,-20,57157,20.111541168191415,122
0.2,2842,31,57188,20.115371086880057,69
0.2,2843,63,57251,20.130450070323487,37
0.2,2844,54,57305,20.142355008787348,46
0.2,2845,-50,57255,20.117709065354884,164
0.2,2846,73,57328,20.136283807516683,28
0.2,2847,-2,57326,20.128511235955056,103
0.2,2848,-43,57283,20.106353106353108,145
0.2,2849,40,57323,20.113333333333333,60
0.2,2850,50,57373,20.123816204840406,51
0.2,2851,90,57463,20.148316970546986,10
0.2,2852,-24,57439,20.13284262180161,56
0.2,2853,-58,57381,20.105466012613874,167
0.2,2854,3,57384,20.099474605954466,28
0.2,2855,54,57438,20.111344537815125,46
0.2,2856,-35,57403,20.092054602730137,67
0.2,2857,35,57438,20.097270818754374,65
0.2,2858,43,57481,20.10528156698146,57
0.2,2859,-21,57460,20.09090909090909,122
0.2,2860,-22,57438,20.076197133869275,122
0.2,2861,-61,57377,20.04786862334032,98
0.2,2862,65,57442,20.063569682151588,35
0.2,2863,83,57525,20.08554469273743,17
0.2,2864,25,57550,20.087260034904013,75
0.2,2865,78,57628,20.107466852756456,23
0.2,2866,37,57665,20.113358911754446,68
0.2,2867,69,57734,20.130404463040446,33
0.2,2868,94,57828,20.156151969327293,7
0.2,2869,-22,57806,20.141463414634146,126
0.2,2870,94,57900,20.167189132706373,7
0.2,2871,78,57978,20.18732590529248,23
0.2,2872,78,58056,20.20744865993735,22
0.2,2873,-38,58018,20.187195546276968,141
0.2,2874,93,58111,20.212521739130434,7
0.2,2875,22,58133,20.213143254520165,79
0.2,2876,78,58211,20.233229058046575,24
0.2,2877,-77,58134,20.19944405837387,186
0.2,2878,-47,58087,20.176102813476902,148
0.2,2879,34,58121,20.180902777777778,69
0.2,2880,92,58213,20.205831308573412,8
0.2,2881,-108,58105,20.161346287300486,142
0.2,2882,-50,58055,20.137010058966354,153
0.2,2883,22,58077,20.1376560332871,82
0.2,2884,83,58160,20.15944540727903,18
0.2,2885,-58,58102,20.132363132363132,100
0.2,2886,88,58190,20.155871146518876,13
0.2,2887,-37,58153,20.13608033240997,150
0.2,2888,89,58242,20.159916926272068,11
0.2,2889,70,58312,20.177162629757785,31
0.2,2890,63,58375,20.191975095122796,37
0.2,2891,93,58468,20.217150760719225,7
0.2,2892,-382,58086,20.078119599032146,355
0.2,2893,46,58132,20.087076710435383,55
0.2,2894,-173,57959,20.020379965457686,209
0.2,2895,94,58053,20.045925414364643,7
0.2,2896,62,58115,20.060407317915086,38
0.2,2897,32,58147,20.064527260179435,68
0.2,2898,74,58221,20.08313211452225,27
0.2,2899,-65,58156,20.053793103448275,27
0.2,2900,-38,58118,20.0337814546708,72
0.2,2901,47,58165,20.043073742246726,54
0.2,2902,42,58207,20.050637271787807,58
0.2,2903,-13,58194,20.039256198347108,115
0.2,2904,-376,57818,19.902925989672976,341
0.2,2905,67,57885,19.91913282863042,33
0.2,2906,1,57886,19.912624699002407,100
0.2,2907,62,57948,19.927097661623108,39
0.2,2908,76,58024,19.94637332416638,25
0.2,2909,69,58093,19.963230240549827,31
0.2,2910,-426,57667,19.81003091721058,322
0.2,2911,70,57737,19.827266483516482,30
0.2,2912,-100,57637,19.786131136285615,220
0.2,2913,73,57710,19.80439258750858,28
0.2,2914,91,57801,19.828816466552315,9
0.2,2915,-78,57723,19.795267489711936,179
0.2,2916,93,57816,19.820363387041482,8
0.2,2917,-8,57808,19.81082933516107,110
0.2,2918,93,57901,19.835902706406305,7
0.2,2919,72,57973,19.85376712328767,28
0.2,2920,-24,57949,19.838753851420748,127
0.2,2921,22,57971,19.83949349760438,78
0.2,2922,85,58056,19.86178583646938,15
0.2,2923,88,58144,19.885088919288645,12
0.2,2924,13,58157,19.882735042735042,89
0.2,2925,-33,58124,19.86466165413534,64
0.2,2926,42,58166,19.872224120259652,59
0.2,2927,27,58193,19.874658469945356,76
0.2,2928,89,58282,19.89825879139638,12
0.2,2929,80,58362,19.91877133105802,21
0.2,2930,92,58454,19.943364039576934,8
0.2,2931,43,58497,19.951227830832195,58
0.2,2932,-267,58230,19.853392430958063,367
0.2,2933,76,58306,19.87252897068848,24
0.2,2934,33,58339,19.877001703577513,67
0.2,2935,-26,58313,19.861376021798364,129
0.2,2936,42,58355,19.868913857677903,59
0.2,2937,77,58432,19.888359428182437,24
0.2,2938,88,58520,19.91153453555631,13
0.2,2939,55,58575,19.9234693877551,46
0.2,2940,80,58655,19.943896633798026,21
0.2,2941,-19,58636,19.9306594153637,119
0.2,2942,85,58721,19.952769283044514,16
0.2,2943,-23,58698,19.938179347826086,79
0.2,2944,87,58785,19.960950764006792,13
0.2,2945,-32,58753,19.943312966734556,64
0.2,2946,23,58776,19.944350186630473,9
0.2,2947,82,58858,19.96540027137042,18
0.2,2948,14,58872,19.963377416073246,17
0.2,2949,-64,58808,19.93491525423729,95
0.2,2950,91,58899,19.95899695018638,9
0.2,2951,-124,58775,19.910230352303522,159
0.2,2952,-251,58524,19.81848967152049,362
0.2,2953,85,58609,19.840555179417738,16
0.2,2954,-16,58593,19.828426395939086,117
0.2,2955,91,58684,19.852503382949934,10
0.2,2956,86,58770,19.874873182279337,15
0.2,2957,91,58861,19.898918187964842,10
0.2,2958,38,58899,19.905035484961136,64
0.2,2959,-40,58859,19.884797297297297,74
0.2,2960,48,58907,19.894292468760554,52
0.2,2961,-140,58767,19.84031060094531,242
0.2,2962,44,58811,19.848464394195073,56
0.2,2963,-23,58788,19.83400809716599,55
0.2,2964,12,58800,19.831365935919056,89
0.2,2965,63,58863,19.845920431557655,38
0.2,2966,91,58954,19.869902258173237,9
0.2,2967,14,58968,19.867924528301888,17
0.2,2968,40,59008,19.87470528797575,62
0.2,2969,49,59057,19.884511784511783,53
0.2,2970,78,59135,19.904072702793673,22
0.2,2971,46,59181,19.9128532974428,54
0.2,2972,64,59245,19.927682475613857,36
0.2,2973,73,59318,19.945527908540686,28
0.2,2974,-106,59212,19.903193277310926,207
0.2,2975,93,59305,19.927755376344088,10
0.2,2976,71,59376,19.944910984212296,30
0.2,2977,-2,59374,19.937541974479515,34
0.2,2978,57,59431,19.94998321584424,43
0.2,2979,39,59470,19.956375838926174,64
0.2,2980,-58,59412,19.930224756793024,161
0.2,2981,79,59491,19.950033534540577,21
0.2,2982,-52,59439,19.925913509889373,155
0.2,2983,87,59526,19.948391420911527,14
0.2,2984,73,59599,19.966164154103854,28
0.2,2985,9,59608,19.962491627595444,91
0.2,2986,-78,59530,19.929695346501507,110
0.2,2987,-23,59507,19.91532797858099,56
0.2,2988,86,59593,19.937437269989964,15
0.2,2989,37,59630,19.94314381270903,63
0.2,2990,-121,59509,19.89602139752591,153
0.2,2991,78,59587,19.915441176470587,22
0.2,2992,83,59670,19.936518543267624,18
0.2,2993,-25,59645,19.921509686038743,125
0.2,2994,-76,59569,19.889482470784642,176
0.2,2995,32,59601,19.893524699599467,71
0.2,2996,18,59619,19.892892892892892,84
0.2,2997,-216,59403,19.81420947298199,256
0.2,2998,-74,59329,19.782927642547516,180
0.2,2999,34,59363,19.787666666666667,67
0.2,3000,15,59378,19.78607130956348,16
0.2,3001,-237,59141,19.700532978014657,273
0.2,3002,90,59231,19.723942723942724,10
0.2,3003,77,59308,19.74300932090546,24
0.2,3004,-112,59196,19.69916805324459,147
0.2,3005,30,59226,19.702594810379242,73
0.2,3006,78,59304,19.72198204190223,22
0.2,3007,-10,59294,19.712101063829788,112
0.2,3008,-24,59270,19.697573944832172,124
0.2,3009,15,59285,19.696013289036546,85
0.2,3010,-15,59270,19.684490202590503,47
0.2,3011,73,59343,19.70219123505976,28
0.2,3012,-242,59101,19.61533355459675,136
0.2,3013,70,59171,19.632050431320504,31
0.2,3014,23,59194,19.633167495854064,80
0.2,3015,90,59284,19.656498673740053,11
0.2,3016,85,59369,19.678157109711634,15
0.2,3017,32,59401,19.682239893969516,68
0.2,3018,8,59409,19.678370321298445,93
0.2,3019,10,59419,19.675165562913907,93
0.2,3020,-156,59263,19.61701423369745,261
0.2,3021,47,59310,19.626075446724023,53
0.2,3022,5,59315,19.621237181607675,99
0.2,3023,41,59356,19.62830687830688,60
0.2,3024,44,59400,19.636363636363637,57
0.2,3025,54,59454,19.647719762062128,47
0.2,3026,-193,59261,19.577469441691445,227
0.2,3027,51,59312,19.58784676354029,51
0.2,3028,69,59381,19.604159788709143,31
0.2,3029,87,59468,19.626402640264025,14
0.2,3030,14,59482,19.624546354338502,87
0.2,3031,65,59547,19.639511873350923,36
0.2,3032,65,59612,19.654467523903726,35
0.2,3033,59,59671,19.667435728411338,41
0.2,3034,-58,59613,19.64184514003295,90
0.2,3035,91,59704,19.665349143610012,10
0.2,3036,-61,59643,19.638788277905828,93
0.2,3037,-68,59575,19.609940750493745,101
0.2,3038,56,59631,19.62191510365252,57
0.2,3039,63,59694,19.636184210526316,38
0.2,3040,-110,59584,19.593554751726405,212
0.2,3041,-72,59512,19.56344510190664,187
0.2,3042,36,59548,19.56884653302662,64
0.2,3043,15,59563,19.567345597897503,85
0.2,3044,10,59573,19.564203612479474,22
0.2,3045,88,59661,19.58667104399212,13
0.2,3046,91,59752,19.6101083032491,9
0.2,3047,64,59816,19.6246719160105,36
0.2,3048,-2,59814,19.61757953427353,103
0.2,3049,11,59825,19.614754098360656,92
0.2,3050,-10,59815,19.605047525401506,42
0.2,3051,89,59904,19.627785058977718,11
0.2,3052,-128,59776,19.579430068784802,91
0.2,3053,39,59815,19.585789129011133,62
0.2,3054,73,59888,19.603273322422258,27
0.2,3055,87,59975,19.62532722513089,14
0.2,3056,-77,59898,19.593719332679097,212
0.2,3057,7,59905,19.58960104643558,94
0.2,3058,-15,59890,19.578293559986925,46
0.2,3059,-258,59632,19.487581699346403,221
0.2,3060,72,59704,19.5047370140477,28
0.2,3061,38,59742,19.51077726975833,63
0.2,3062,17,59759,19.509957557949722,101
0.2,3063,-133,59626,19.460182767624023,95
0.2,3064,52,59678,19.470799347471452,48
0.2,3065,44,59722,19.47879973907371,59
0.2,3066,80,59802,19.498532768177373,21
0.2,3067,20,59822,19.498696219035203,12
0.2,3068,84,59906,19.519713261648747,16
0.2,3069,85,59991,19.541042345276875,15
0.2,3070,-230,59761,19.45978508629111,196
0.2,3071,-102,59659,19.420247395833332,135
0.2,3072,-10,59649,19.410673608851287,112
0.2,3073,-31,59618,19.39427456083279,133
0.2,3074,77,59695,19.4130081300813,23
0.2,3075,-93,59602,19.376462938881666,125
0.2,3076,-3,59599,19.369190770230745,136
0.2,3077,-32,59567,19.35250162443145,64
0.2,3078,-38,59529,19.33387463462163,139
0.2,3079,74,59603,19.351623376623376,26
0.2,3080,66,59669,19.366764037650114,35
0.2,3081,-76,59593,19.33582089552239,109
0.2,3082,73,59666,19.353227375932534,27
0.2,3083,51,59717,19.36348897535668,49
0.2,3084,75,59792,19.381523500810374,25
0.2,3085,-10,59782,19.37200259235256,42
0.2,3086,37,59819,19.37771298995789,64
0.2,3087,43,59862,19.385362694300518,57
0.2,3088,85,59947,19.406604078989965,17
0.2,3089,72,60019,19.423624595469256,29
0.2,3090,-9,60010,19.414428987382724,109
0.2,3091,21,60031,19.414941785252264,107
0.2,3092,91,60122,19.43808600064662,9
0.2,3093,50,60172,19.447963800904976,50
0.2,3094,91,60263,19.47108239095315,9
0.2,3095,-28,60235,19.455749354005167,136
0.2,3096,11,60246,19.45301905069422,90
0.2,3097,13,60259,19.45093608779858,88
0.2,3098,92,60351,19.47434656340755,9
0.2,3099,92,60443,19.49774193548387,8
0.2,3100,60,60503,19.510802966784908,49
0.2,3101,61,60564,19.524177949709866,39
0.2,3102,-42,60522,19.504350628424106,144
0.2,3103,-161,60361,19.446198453608247,123
0.2,3104,88,60449,19.4682769726248,12
0.2,3105,29,60478,19.471345782356728,71
0.2,3106,33,60511,19.475700032185387,70
0.2,3107,-17,60494,19.463963963963963,117
0.2,3108,52,60546,19.474429076873594,50
0.2,3109,89,60635,19.4967845659164,12
0.2,3110,91,60726,19.51976856316297,9
0.2,3111,64,60790,19.534061696658096,37
0.2,3112,84,60874,19.554770318021202,17
0.2,3113,83,60957,19.57514450867052,17
0.2,3114,52,61009,19.585553772070625,48
0.2,3115,53,61062,19.59627727856226,49
0.2,3116,95,61157,19.6204683991017,6
0.2,3117,78,61235,19.639191789608724,23
0.2,3118,83,61318,19.659506252003847,17
0.2,3119,-39,61279,19.640705128205127,71
0.2,3120,53,61332,19.651393784043577,47
0.2,3121,59,61391,19.66399743754004,42
0.2,3122,33,61424,19.668267691322445,68
0.2,3123,49,61473,19.67765685019206,76
0.2,3124,90,61563,19.70016,10
0.2,3125,57,61620,19.712092130518233,43
0.2,3126,48,61668,19.721138471378318,52
0.2,3127,77,61745,19.739450127877237,24
0.2,3128,87,61832,19.76094598913391,13
0.2,3129,59,61891,19.773482428115017,42
0.2,3130,-23,61868,19.759821143404665,124
0.2,3131,38,61906,19.76564495530013,63
0.2,3132,92,61998,19.788700925630387,8
0.2,3133,81,62079,19.808232291001914,19
0.2,3134,91,62170,19.830940988835724,15
0.2,3135,90,62260,19.853316326530614,11
0.2,3136,82,62342,19.873127191584317,19
0.2,3137,-265,62077,19.782345442957297,323
0.2,3138,16,62093,19.781140490602102,85
0.2,3139,-119,61974,19.736942675159234,223
0.2,3140,88,62062,19.75867558102515,12
0.2,3141,31,62093,19.762253341820497,71
0.2,3142,-95,61998,19.725739739102767,196
0.2,3143,-234,61764,19.64503816793893,269
0.2,3144,62,61826,19.658505564387916,40
0.2,3145,-208,61618,19.586141131595678,241
0.2,3146,-186,61432,19.52081347314903,150
0.2,3147,-77,61355,19.490152477763658,111
0.2,3148,-11,61344,19.480469990473168,113
0.2,3149,-24,61320,19.466666666666665,126
0.2,3150,55,61375,19.477943509996827,46
0.2,3151,16,61391,19.476840101522843,87
0.2,3152,-131,61260,19.429115128449094,163
0.2,3153,19,61279,19.428979074191503,81
0.2,3154,71,61350,19.445324881141048,29
0.2,3155,-82,61268,19.41318124207858,113
0.2,3156,-72,61196,19.384225530566994,175
0.2,3157,86,61282,19.405319822672578,14
0.2,3158,92,61374,19.42830009496676,9
0.2,3159,-3,61371,19.42120253164557,34
0.2,3160,-14,61357,19.410629547611514,46
0.2,3161,73,61430,19.427577482605944,28
0.2,3162,-48,61382,19.40625987986089,150
0.2,3163,62,61444,19.419721871049305,39
0.2,3164,19,61463,19.41958925750395,82
0.2,3165,-22,61441,19.406506632975365,60
0.2,3166,69,61510,19.422166087780234,31
0.2,3167,92,61602,19.445075757575758,9
0.2,3168,64,61666,19.459135373934995,37
0.2,3169,18,61684,19.458675078864353,82
0.2,3170,80,61764,19.477767265846737,20
0.2,3171,-15,61749,19.46689785624212,115
0.2,3172,82,61831,19.486605735896628,18
0.2,3173,40,61871,19.493068683049778,60
0.2,3174,94,61965,19.516535433070867,7
0.2,3175,67,62032,19.53148614609572,33
0.2,3176,56,62088,19.54296506137866,44
0.2,3177,93,62181,19.566079295154186,8
0.2,3178,53,62234,19.576596413966655,47
0.2,3179,-39,62195,19.55817610062893,142
0.2,3180,-155,62040,19.50330084878969,258
0.2,3181,61,62101,19.516341923318667,42
0.2,3182,76,62177,19.534087338988375,24
0.2,3183,15,62192,19.532663316582916,86
0.2,3184,31,62223,19.536263736263738,69
0.2,3185,57,62280,19.548022598870055,43
0.2,3186,93,62373,19.571069971760277,7
0.2,3187,71,62444,19.58720200752823,30
0.2,3188,39,62483,19.59328943242396,62
0.2,3189,-6,62477,19.58526645768025,107
0.2,3190,61,62538,19.598245064243184,40
0.2,3191,-167,62371,19.539786967418546,200
0.2,3192,29,62400,19.542749765111182,72
0.2,3193,70,62470,19.558547276142768,30
0.2,3194,81,62551,19.57777777777778,19
0.2,3195,25,62576,19.57947434292866,76
0.2,3196,82,62658,19.59899906162027,18
0.2,3197,55,62713,19.610068792995623,46
0.2,3198,84,62797,19.63019693654267,16
0.2,3199,94,62891,19.6534375,7
0.2,3200,91,62982,19.67572633552015,10
0.2,3201,39,63021,19.681761399125545,61
0.2,3202,41,63062,19.68841710896035,62
0.2,3203,-6,63056,19.68039950062422,38
0.2,3204,59,63115,19.692667706708267,41
0.2,3205,72,63187,19.70898315658141,28
0.2,3206,10,63197,19.705955721858434,92
0.2,3207,-150,63047,19.653054862842893,253
0.2,3208,-8,63039,19.644437519476472,41
0.2,3209,-45,62994,19.624299065420562,80
0.2,3210,78,63072,19.642478978511367,22
0.2,3211,49,63121,19.651618929016188,52
0.2,3212,-161,62960,19.59539371304077,267
0.2,3213,53,63013,19.605787181082764,47
0.2,3214,-82,62931,19.574183514774493,187
0.2,3215,70,63001,19.5898631840796,31
0.2,3216,-4,62997,19.582530307740132,106
0.2,3217,6,63003,19.57830950901181,97
0.2,3218,79,63082,19.59676918297608,21
0.2,3219,52,63134,19.606832298136645,49
0.2,3220,14,63148,19.605091586463832,88
0.2,3221,-10,63138,19.595903165735567,114
0.2,3222,-1,63137,19.589512876202296,103
0.2,3223,52,63189,19.59956575682382,49
0.2,3224,71,63260,19.615503875968994,30
0.2,3225,76,63336,19.632982021078735,24
0.2,3226,77,63413,19.650759219088936,23
0.2,3227,90,63503,19.672552664188352,10
0.2,3228,35,63538,19.677299473521213,66
0.2,3229,16,63554,19.676160990712074,86
0.2,3230,94,63648,19.6991643454039,7
0.2,3231,19,63667,19.698948019801982,13
0.2,3232,65,63732,19.712960098979277,36
0.2,3233,-63,63669,19.6873840445269,163
0.2,3234,64,63733,19.701081916537866,37
0.2,3235,80,63813,19.719715698393077,21
0.2,3236,70,63883,19.735248687055915,31
0.2,3237,-19,63864,19.72328597899938,120
0.2,3238,65,63929,19.737264587835753,35
0.2,3239,85,64014,19.757407407407406,15
0.2,3240,-52,63962,19.73526689293428,155
0.2,3241,-217,63745,19.66224552745219,250
0.2,3242,56,63801,19.67345050878816,44
0.2,3243,87,63888,19.694204685573368,14
0.2,3244,62,63950,19.70724191063174,39
0.2,3245,2,63952,19.701786814540974,98
0.2,3246,68,64020,19.716661533723435,32
0.2,3247,-97,63923,19.68072660098522,199
0.2,3248,89,64012,19.7020621729763,12
0.2,3249,83,64095,19.72153846153846,18
0.2,3250,80,64175,19.740079975392188,21
0.2,3251,68,64243,19.754920049200493,33
0.2,3252,88,64331,19.775899169996926,13
0.2,3253,9,64340,19.77258758451137,93
0.2,3254,70,64410,19.788018433179722,30
0.2,3255,83,64493,19.80743243243243,18
0.2,3256,83,64576,19.82683451028554,18
0.2,3257,34,64610,19.83118477593616,66
0.2,3258,-93,64517,19.796563362994785,134
0.2,3259,63,64580,19.809815950920246,38
0.2,3260,55,64635,19.820607175712972,46
0.2,3261,37,64672,19.825873697118332,68
0.2,3262,15,64687,19.8243947287772,16
0.2,3263,79,64766,19.842524509803923,22
0.2,3264,73,64839,19.858805513016847,27
0.2,3265,57,64896,19.870177587262706,44
0.2,3266,27,64923,19.872359963269055,73
0.2,3267,-232,64691,19.795287637698898,266
0.2,3268,54,64745,19.805750994187825,46
0.2,3269,35,64780,19.810397553516818,65
0.2,3270,47,64827,19.81870987465607,53
0.2,3271,-32,64795,19.8028728606357,136
0.2,3272,12,64807,19.80048884815154,89
0.2,3273,38,64845,19.806047648136836,62
0.2,3274,62,64907,19.818931297709923,38
0.2,3275,78,64985,19.836691086691086,22
0.2,3276,-46,64939,19.81660054928288,147
0.2,3277,66,65005,19.830689444783406,35
0.2,3278,50,65055,19.83989021043001,52
0.2,3279,-29,65026,19.825,61
0.2,3280,16,65042,19.82383419689119,16
0.2,3281,-14,65028,19.813528336380255,114
0.2,3282,-31,64997,19.798050563508987,134
0.2,3283,51,65048,19.807551766138854,50
0.2,3284,-114,64934,19.76681887366819,146
0.2,3285,68,65002,19.78149726110773,32
0.2,3286,-190,64812,19.717675692120476,225
0.2,3287,73,64885,19.73388077858881,27
0.2,3288,94,64979,19.756460930373972,7
0.2,3289,89,65068,19.777507598784194,12
0.2,3290,43,65111,19.78456396232148,59
0.2,3291,-33,65078,19.768529769137302,136
0.2,3292,74,65152,19.784998481627696,27
0.2,3293,15,65167,19.78354584092289,16
0.2,3294,-25,65142,19.769954476479516,56
0.2,3295,19,65161,19.769720873786408,83
0.2,3296,-235,64926,19.692447679708827,199
0.2,3297,61,64987,19.704972710733777,41
0.2,3298,-42,64945,19.68626856623219,144
0.2,3299,92,65037,19.708181818181817,8
0.2,3300,91,65128,19.729778854892455,9
0.2,3301,-137,64991,19.682313749242883,170
0.2,3302,74,65065,19.698758704208295,26
0.2,3303,66,65131,19.71277239709443,38
0.2,3304,77,65208,19.730105900151287,24
0.2,3305,5,65213,19.72565033272837,96
0.2,3306,55,65268,19.73631690353795,45
0.2,3307,-42,65226,19.717654171704957,144
0.2,3308,70,65296,19.732849803566033,31
0.2,3309,45,65341,19.7404833836858,55
0.2,3310,-11,65330,19.731199033524614,113
0.2,3311,88,65418,19.7518115942029,13
0.2,3312,64,65482,19.76516752188349,38
0.2,3313,88,65570,19.785757392878697,12
0.2,3314,46,65616,19.79366515837104,55
0.2,3315,61,65677,19.80609167671894,39
0.2,3316,35,65712,19.810672294241783,66
0.2,3317,-212,65500,19.74080771549126,246
0.2,3318,-20,65480,19.728833986140405,123
0.2,3319,28,65508,19.73132530120482,73
0.2,3320,19,65527,19.731105088828667,81
0.2,3321,13,65540,19.729078868151717,102
0.2,3322,58,65598,19.74059584712609,43
0.2,3323,66,65664,19.75451263537906,34
0.2,3324,-50,65614,19.733533834586467,83
0.2,3325,-80,65534,19.703547805171375,112
0.2,3326,90,65624,19.724676886083557,10
0.2,3327,49,65673,19.733473557692307,52
0.2,3328,-95,65578,19.699008711324723,216
0.2,3329,-203,65375,19.63213213213213,307
0.2,3330,95,65470,19.654758330831584,6
0.2,3331,62,65532,19.667466986794718,39
0.2,3332,27,65559,19.66966696669667,74
0.2,3333,38,65597,19.675164967006598,63
0.2,3334,-91,65506,19.64197901049475,195
0.2,3335,51,65557,19.651378896882495,50
0.2,3336,53,65610,19.661372490260714,52
0.2,3337,36,65646,19.66626722588376,66
0.2,3338,42,65688,19.67295597484277,59
0.2,3339,-296,65392,19.578443113772455,262
0.2,3340,91,65483,19.599820413049986,10
0.2,3341,51,65534,19.60921603830042,50
0.2,3342,72,65606,19.62488782530661,28
0.2,3343,39,65645,19.630681818181817,62
0.2,3344,77,65722,19.64783258594918,23
0.2,3345,94,65816,19.67005379557681,6
0.2,3346,32,65848,19.673737675530326,69
0.2,3347,65,65913,19.68727598566308,36
0.2,3348,81,65994,19.705583756345177,20
0.2,3349,-85,65909,19.674328358208957,122
0.2,3350,94,66003,19.696508504923905,6
0.2,3351,-64,65939,19.67153937947494,104
0.2,3352,-99,65840,19.636146734267818,202
0.2,3353,61,65901,19.648479427549194,40
0.2,3354,28,65929,19.65096870342772,74
0.2,3355,83,66012,19.66984505363528,18
0.2,3356,-191,65821,19.60708966338993,224
0.2,3357,37,65858,19.61226920786182,63
0.2,3358,91,65949,19.633521881512355,9
0.2,3359,-36,65913,19.616964285714285,67
0.2,3360,95,66008,19.639393037786373,6
0.2,3361,41,66049,19.645746579417015,59
0.2,3362,-31,66018,19.630686886708297,131
0.2,3363,-81,65937,19.60077288941736,113
0.2,3364,49,65986,19.609509658246658,51
0.2,3365,58,66044,19.62091503267974,42
0.2,3366,45,66089,19.628452628452628,55
0.2,3367,-53,66036,19.60688836104513,155
0.2,3368,87,66123,19.626892252894034,14
0.2,3369,90,66213,19.647774480712165,10
0.2,3370,23,66236,19.648768911302284,77
0.2,3371,93,66329,19.670521945432977,7
0.2,3372,47,66376,19.678624369997035,67
0.2,3373,-2,66374,19.672199170124482,33
0.2,3374,40,66414,19.67822222222222,62
0.2,3375,-25,66389,19.66498815165877,128
0.2,3376,83,66472,19.683742967130588,18
0.2,3377,69,66541,19.698342214328004,31
0.2,3378,84,66625,19.717372003551347,16
0.2,3379,-63,66562,19.692899408284024,175
0.2,3380,67,66629,19.706891452233066,34
0.2,3381,-112,66517,19.667947959787107,215
0.2,3382,6,66523,19.663907774164944,94
0.2,3383,-174,66349,19.606678486997637,206
0.2,3384,-81,66268,19.576957163958642,117
0.2,3385,25,66293,19.578558771411696,75
0.2,3386,93,66386,19.60023619722468,7
0.2,3387,58,66444,19.611570247933884,42
0.2,3388,-87,66357,19.58011212747123,189
0.2,3389,54,66411,19.590265486725663,47
0.2,3390,-7,66404,19.582424063698024,109
0.2,3391,9,66413,19.57930424528302,91
0.2,3392,29,66442,19.582080754494548,71
0.2,3393,49,66491,19.590748379493224,51
0.2,3394,-27,66464,19.577025036818853,128
0.2,3395,79,66543,19.59452296819788,23
0.2,3396,66,66609,19.608183691492492,36
0.2,3397,88,66697,19.62831077104179,12
0.2,3398,69,66766,19.64283612827302,34
0.2,3399,-13,66753,19.633235294117647,114
0.2,3400,79,66832,19.650690973243165,22
0.2,3401,68,66900,19.664902998236332,33
0.2,3402,85,66985,19.684102262709374,16
0.2,3403,44,67029,19.691245593419506,56
0.2,3404,27,67056,19.69339207048458,74
0.2,3405,69,67125,19.707868467410453,31
0.2,3406,-75,67050,19.680070443205167,178
0.2,3407,78,67128,19.697183098591548,22
0.2,3408,46,67174,19.70489879730126,55
0.2,3409,-2,67172,19.698533724340177,104
0.2,3410,72,67244,19.713866901201992,28
0.2,3411,90,67334,19.734466588511136,11
0.2,3412,78,67412,19.751538236155874,23
0.2,3413,32,67444,19.75512595196251,70
0.2,3414,39,67483,19.760761346998535,61
0.2,3415,-171,67312,19.704918032786885,276
0.2,3416,85,67397,19.724026924202516,15
0.2,3417,14,67411,19.7223522527794,86
0.2,3418,26,67437,19.724188359169347,75
0.2,3419,68,67505,19.73830409356725,32
0.2,3420,-99,67406,19.703595439929845,200
0.2,3421,56,67462,19.714202220923436,45
0.2,3422,18,67480,19.713701431492844,85
0.2,3423,83,67563,19.732184579439252,18
0.2,3424,-4,67559,19.725255474452556,36
0.2,3425,25,67584,19.726795096322242,75
0.2,3426,88,67672,19.746717245404145,12
0.2,3427,93,67765,19.76808634772462,8
0.2,3428,-367,67398,19.655293088363955,426
0.2,3429,76,67474,19.671720116618076,25
0.2,3430,-90,67384,19.639755173418827,124
0.2,3431,94,67478,19.66142191142191,7
0.2,3432,73,67551,19.676958928051267,28
0.2,3433,82,67633,19.695107746068725,19
0.2,3434,43,67676,19.7018922852984,58
0.2,3435,74,67750,19.71769499417928,26
0.2,3436,20,67770,19.717777131219087,86
0.2,3437,43,67813,19.72454915648633,58
0.2,3438,-6,67807,19.717068915382377,107
0.2,3439,62,67869,19.72936046511628,39
0.2,3440,-36,67833,19.713164777680905,144
0.2,3441,90,67923,19.73358512492737,10
0.2,3442,79,68002,19.750798722044728,21
0.2,3443,-15,67987,19.740708478513355,121
0.2,3444,62,68049,19.752975326560232,38
0.2,3445,90,68139,19.773360417875796,11
0.2,3446,35,68174,19.77777777777778,66
0.2,3447,48,68222,19.785962877030162,53
0.2,3448,20,68242,19.7860249347637,81
0.2,3449,19,68261,19.785797101449276,84
0.2,3450,-193,68068,19.724137931034484,299
0.2,3451,25,68093,19.72566628041715,76
0.2,3452,63,68156,19.73819866782508,38
0.2,3453,92,68248,19.75911986103069,9
0.2,3454,7,68255,19.755426917510853,96
0.2,3455,-100,68155,19.720775462962962,206
0.2,3456,85,68240,19.73965866358114,16
0.2,3457,72,68312,19.75477154424523,28
0.2,3458,80,68392,19.77218849378433,21
0.2,3459,5,68397,19.76791907514451,96
0.2,3460,84,68481,19.78647789656169,17
0.2,3461,95,68576,19.808203350664357,6
0.2,3462,83,68659,19.826451053999424,17
0.2,3463,36,68695,19.831120092378754,65
0.2,3464,82,68777,19.84906204906205,19
0.2,3465,93,68870,19.870167339873053,8
0.2,3466,-64,68806,19.845976348428035,26
0.2,3467,74,68880,19.86159169550173,27
0.2,3468,18,68898,19.86105505909484,82
0.2,3469,56,68954,19.871469740634005,45
0.2,3470,75,69029,19.887352348026507,25
0.2,3471,77,69106,19.90380184331797,23
0.2,3472,77,69183,19.920241865822057,23
0.2,3473,39,69222,19.92573402417962,62
0.2,3474,1,69223,19.920287769784174,101
0.2,3475,-76,69147,19.892692750287686,111
0.2,3476,35,69182,19.897037676157606,66
0.2,3477,47,69229,19.90483036227717,55
0.2,3478,68,69297,19.918654785858006,32
0.2,3479,59,69356,19.929885057471264,41
0.2,3480,78,69434,19.94656707842574,23
0.2,3481,8,69442,19.94313612866169,93
0.2,3482,-39,69403,19.926213034740165,79
0.2,3483,84,69487,19.944603903559127,16
0.2,3484,42,69529,19.95093256814921,58
0.2,3485,67,69596,19.964429145152035,33
0.2,3486,-9,69587,19.9561227416117,109
0.2,3487,32,69619,19.959575688073393,71
0.2,3488,-21,69598,19.947836056176556,137
0.2,3489,-45,69553,19.929226361031517,149
0.2,3490,65,69618,19.942136923517616,36
0.2,3491,64,69682,19.95475372279496,36
0.2,3492,28,69710,19.957056971085027,74
0.2,3493,79,69789,19.973955352032053,22
0.2,3494,-27,69762,19.960515021459226,130
0.2,3495,75,69837,19.976258581235697,27
0.2,3496,66,69903,19.989419502430653,40
0.2,3497,42,69945,19.995711835334475,58
0.2,3498,58,70003,20.006573306659046,44
0.2,3499,54,70057,20.016285714285715,47
0.2,3500,50,70107,20.0248500428449,53
0.2,3501,59,70166,20.035979440319817,43
0.2,3502,87,70253,20.055095632315158,13
0.2,3503,67,70320,20.068493150684933,34
0.2,3504,79,70399,20.08530670470756,21
0.2,3505,75,70474,20.10096976611523,25
0.2,3506,53,70527,20.110350727117194,48
0.2,3507,70,70597,20.124572405929303,55
0.2,3508,68,70665,20.138216015958964,33
0.2,3509,91,70756,20.15840455840456,10
0.2,3510,54,70810,20.168043292509257,46
0.2,3511,-306,70504,20.0751708428246,347
0.2,3512,75,70579,20.09080557927697,26
0.2,3513,89,70668,20.11041548093341,12
0.2,3514,39,70707,20.11578947368421,64
0.2,3515,-267,70440,20.034129692832764,369
0.2,3516,34,70474,20.03810065396645,67
0.2,3517,39,70513,20.043490619670266,64
0.2,3518,-34,70479,20.028132992327365,137
0.2,3519,57,70536,20.038636363636364,44
0.2,3520,-27,70509,20.02527690996876,128
0.2,3521,-29,70480,20.01135718341851,131
0.2,3522,36,70516,20.01589554357082,65
0.2,3523,94,70610,20.03688989784336,6
0.2,3524,80,70690,20.053900709219857,23
0.2,3525,-83,70607,20.024673851389675,188
0.2,3526,71,70678,20.039126736603347,29
0.2,3527,-151,70527,19.9906462585034,260
0.2,3528,94,70621,20.011618022102578,6
0.2,3529,-129,70492,19.96940509915014,230
0.2,3530,49,70541,19.97762673463608,51
0.2,3531,51,70592,19.986409966024915,51
0.2,3532,14,70606,19.98471553920181,86
0.2,3533,12,70618,19.982456140350877,20
0.2,3534,78,70696,19.998868458274398,23
0.2,3535,87,70783,20.017816742081447,13
0.2,3536,-10,70773,20.00932994062765,41
0.2,3537,-6,70767,20.001978518937253,107
0.2,3538,88,70855,20.021192427239335,12
0.2,3539,82,70937,20.03870056497175,19
0.2,3540,-82,70855,20.00988421349901,184
0.2,3541,60,70915,20.021174477696217,40
0.2,3542,95,71010,20.04233700254022,6
0.2,3543,-190,70820,19.983069977426638,303
0.2,3544,49,70869,19.991255289139634,53
0.2,3545,86,70955,20.00987027636774,14
0.2,3546,54,71009,20.019453058923034,47
0.2,3547,64,71073,20.03184892897407,37
0.2,3548,56,71129,20.041983657368274,45
0.2,3549,77,71206,20.058028169014083,23
0.2,3550,55,71261,20.067868206139117,45
0.2,3551,47,71308,20.07545045045045,54
0.2,3552,21,71329,20.075710667041935,10
0.2,3553,3,71332,20.070906021384356,97
0.2,3554,90,71422,20.090576652601968,11
0.2,3555,69,71491,20.10433070866142,56
0.2,3556,-24,71467,20.091931402867584,124
0.2,3557,77,71544,20.107925801011806,24
0.2,3558,25,71569,20.109300365271142,76
0.2,3559,75,71644,20.124719101123596,28
0.2,3560,-3,71641,20.118225217635494,34
0.2,3561,-115,71526,20.080291970802918,219
0.2,3562,75,71601,20.09570586584339,25
0.2,3563,-58,71543,20.073793490460158,90
0.2,3564,28,71571,20.07601683029453,72
0.2,3565,55,71626,20.085810431856423,45
0.2,3566,90,71716,20.105410709279507,10
0.2,3567,65,71781,20.117993273542602,35
0.2,3568,-19,71762,20.10703278229196,51
0.2,3569,65,71827,20.119607843137256,36
0.2,3570,64,71891,20.1318958274993,36
0.2,3571,60,71951,20.143057110862262,42
0.2,3572,25,71976,20.144416456759025,6
0.2,3573,57,72033,20.154728595411303,44
0.2,3574,48,72081,20.162517482517483,53
0.2,3575,54,72135,20.171979865771814,47
0.2,3576,92,72227,20.192060385798154,8
0.2,3577,33,72260,20.19564002235886,69
0.2,3578,64,72324,20.207879295892706,53
0.2,3579,-42,72282,20.19050279329609,174
0.2,3580,74,72356,20.205529181792794,26
0.2,3581,15,72371,20.204075935231714,85
0.2,3582,17,72388,20.203181691320122,85
0.2,3583,-70,72318,20.178013392857142,102
0.2,3584,51,72369,20.18661087866109,50
0.2,3585,55,72424,20.196319018404907,47
0.2,3586,63,72487,20.208252021187622,37
0.2,3587,-72,72415,20.182552954292085,104
0.2,3588,89,72504,20.201727500696574,11
0.2,3589,53,72557,20.210863509749302,49
0.2,3590,91,72648,20.230576441102755,9
0.2,3591,19,72667,20.23023385300668,81
0.2,3592,-118,72549,20.191761758975787,84
0.2,3593,89,72638,20.210907067334446,12
0.2,3594,91,72729,20.23059805285118,9
0.2,3595,6,72735,20.226640711902114,95
0.2,3596,26,72761,20.22824576035585,75
0.2,3597,-39,72722,20.21178432462479,141
0.2,3598,15,72737,20.21033620450125,120
0.2,3599,66,72803,20.223055555555554,35
0.2,3600,64,72867,20.235212440988615,37
0.2,3601,-218,72649,20.16907273736813,250
0.2,3602,17,72666,20.16819317235637,83
0.2,3603,82,72748,20.18534961154273,18
0.2,3604,23,72771,20.186130374479887,79
0.2,3605,-130,72641,20.144481419855797,162
0.2,3606,93,72734,20.164679789298585,7
0.2,3607,52,72786,20.17350332594235,49
0.2,3608,-32,72754,20.159046827376006,64
0.2,3609,24,72778,20.1601108033241,77
0.2,3610,70,72848,20.17391304347826,30
0.2,3611,-43,72805,20.15642303433001,153
0.2,3612,73,72878,20.171048989759203,27
0.2,3613,-189,72689,20.11317100166021,222
0.2,3614,91,72780,20.13278008298755,9
0.2,3615,-100,72680,20.099557522123895,134
0.2,3616,88,72768,20.118330107824164,12
0.2,3617,-59,72709,20.096462133775567,98
0.2,3618,-46,72663,20.078198397347332,148
0.2,3619,81,72744,20.09502762430939,84
0.2,3620,-122,72622,20.055785694559514,228
0.2,3621,3,72625,20.051076753175042,97
0.2,3622,-31,72594,20.03698592326801,132
0.2,3623,42,72636,20.043046357615893,59
0.2,3624,-47,72589,20.024551724137932,148
0.2,3625,21,72610,20.024820739106453,82
0.2,3626,-17,72593,20.014612627515852,119
0.2,3627,40,72633,20.020121278941566,60
0.2,3628,57,72690,20.030311380545605,44
0.2,3629,60,72750,20.041322314049587,41
0.2,3630,-109,72641,20.005783530707795,143
0.2,3631,91,72732,20.02533039647577,9
0.2,3632,5,72737,20.021194605009633,116
0.2,3633,35,72772,20.025316455696203,66
0.2,3634,24,72796,20.026409903713894,77
0.2,3635,67,72863,20.03932893289329,34
0.2,3636,86,72949,20.057464943634862,14
0.2,3637,53,73002,20.066520065970312,47
0.2,3638,30,73032,20.069249793899424,70
0.2,3639,65,73097,20.081593406593406,35
0.2,3640,63,73160,20.09338093930239,38
0.2,3641,62,73222,20.104887424492038,38
0.2,3642,-210,73012,20.041723853966513,244
0.2,3643,-17,72995,20.031558726673985,117
0.2,3644,47,73042,20.03895747599451,54
0.2,3645,-168,72874,19.987383433900163,133
0.2,3646,-179,72695,19.932821497120923,293
0.2,3647,87,72782,19.951206140350877,13
0.2,3648,25,72807,19.952589750616607,77
0.2,3649,-16,72791,19.942739726027398,47
0.2,3650,60,72851,19.953711311969325,41
0.2,3651,29,72880,19.95618838992333,71
0.2,3652,63,72943,19.96797153024911,37
0.2,3653,88,73031,19.986590038314176,13
0.2,3654,89,73120,20.00547195622435,12
0.2,3655,87,73207,20.02379649890591,14
0.2,3656,-41,73166,20.00710965272081,142
0.2,3657,88,73254,20.02569710224166,12
0.2,3658,34,73288,20.02951626127357,67
0.2,3659,82,73370,20.046448087431695,18
0.2,3660,-59,73311,20.02485659655832,91
0.2,3661,57,73368,20.034953577280174,45
0.2,3662,-23,73345,20.023205023205023,55
0.2,3663,73,73418,20.037663755458514,28
0.2,3664,-43,73375,20.020463847203274,144
0.2,3665,14,73389,20.018821603927986,86
0.2,3666,59,73448,20.029451868012,41
0.2,3667,68,73516,20.042529989094874,33
0.2,3668,66,73582,20.05505587353502,35
0.2,3669,84,73666,20.072479564032697,18
0.2,3670,83,73749,20.08962135657859,18
0.2,3671,15,73764,20.08823529411765,17
0.2,3672,14,73778,20.086577729376533,86
0.2,3673,28,73806,20.088731627653782,72
0.2,3674,-337,73469,19.99156462585034,371
0.2,3675,25,73494,19.99292709466812,75
0.2,3676,-44,73450,19.975523524612456,76
0.2,3677,80,73530,19.99184339314845,21
0.2,3678,19,73549,19.991573797227506,82
0.2,3679,19,73568,19.991304347826087,82
0.2,3680,57,73625,20.001358326541702,46
0.2,3681,64,73689,20.013307984790874,36
0.2,3682,-3,73686,20.007059462394785,104
0.2,3683,-5,73681,20.000271444082518,106
0.2,3684,-58,73623,19.97910447761194,161
0.2,3685,81,73704,19.995659251220836,20
0.2,3686,73,73777,20.01003525901817,28
0.2,3687,90,73867,20.029013015184383,11
0.2,3688,94,73961,20.049064787205204,6
0.2,3689,54,74015,20.058265582655828,46
0.2,3690,-3,74012,20.052018423191548,35
0.2,3691,78,74090,20.06771397616468,22
0.2,3692,-89,74001,20.038180341186028,189
0.2,3693,55,74056,20.047644829453166,45
0.2,3694,70,74126,20.061163734776724,30
0.2,3695,94,74220,20.08116883116883,7
0.2,3696,92,74312,20.100622126048147,9
0.2,3697,81,74393,20.1170903190914,19
0.2,3698,-45,74348,20.09948634766153,77
0.2,3699,88,74436,20.117837837837836,13
0.2,3700,46,74482,20.12483112672251,56
0.2,3701,-17,74465,20.114802809292275,119
0.2,3702,21,74486,20.11504185795301,82
0.2,3703,58,74544,20.12526997840173,43
0.2,3704,59,74603,20.135762483130904,42
0.2,3705,28,74631,20.137884511602806,72
0.2,3706,94,74725,20.157809549500943,7
0.2,3707,81,74806,20.174217907227614,19
0.2,3708,37,74843,20.178754381234835,63
0.2,3709,-66,74777,20.155525606469002,169
0.2,3710,23,74800,20.15629210455403,77
0.2,3711,-440,74360,20.032327586206897,474
0.2,3712,64,74424,20.04416913546997,37
0.2,3713,77,74501,20.059504577275174,23
0.2,3714,-22,74479,20.048183041722744,123
0.2,3715,50,74529,20.056243272335845,51
0.2,3716,-27,74502,20.043583535108958,129
0.2,3717,56,74558,20.05325443786982,45
0.2,3718,88,74646,20.071524603388006,12
0.2,3719,78,74724,20.087096774193547,23
0.2,3720,94,74818,20.10696049449073,7
0.2,3721,82,74900,20.12358946802794,18
0.2,3722,81,74981,20.13994090787,20
0.2,3723,-18,74963,20.1296992481203,120
0.2,3724,-118,74845,20.09261744966443,151
0.2,3725,-25,74820,20.0805152979066,56
0.2,3726,93,74913,20.100080493694662,7
0.2,3727,82,74995,20.116684549356222,19
0.2,3728,91,75086,20.135693215339234,9
0.2,3729,-31,75055,20.121983914209114,63
0.2,3730,55,75110,20.131332082551594,46
0.2,3731,95,75205,20.15139335476956,6
0.2,3732,-65,75140,20.12858290918832,98
0.2,3733,21,75161,20.128816282806643,79
0.2,3734,5,75166,20.124765729585008,97
0.2,3735,88,75254,20.14293361884368,12
0.2,3736,9,75263,20.13995183302114,91
0.2,3737,49,75312,20.147672552166934,52
0.2,3738,-112,75200,20.112329499866274,75
0.2,3739,51,75251,20.120588235294118,49
0.2,3740,66,75317,20.132852178561883,35
0.2,3741,20,75337,20.13281667557456,80
0.2,3742,50,75387,20.140796152818595,50
0.2,3743,-2,75385,20.134882478632477,103
0.2,3744,-48,75337,20.116688918558076,156
0.2,3745,7,75344,20.11318739989322,104
0.2,3746,77,75421,20.12836936215639,23
0.2,3747,21,75442,20.128601921024547,81
0.2,3748,-9,75433,20.12083222192585,40
0.2,3749,77,75510,20.136,23
0.2,3750,58,75568,20.14609437483338,42
0.2,3751,73,75641,20.160181236673775,28
0.2,3752,-38,75603,20.144684252597923,138
0.2,3753,72,75675,20.158497602557272,29
0.2,3754,78,75753,20.173901464713715,22
0.2,3755,42,75795,20.179712460063897,59
0.2,3756,37,75832,20.184189512909235,65
0.2,3757,74,75906,20.198509845662585,27
0.2,3758,12,75918,20.196328810853952,91
0.2,3759,-75,75843,20.171010638297872,108
0.2,3760,-2,75841,20.165115660728528,102
0.2,3761,-110,75731,20.130515683147262,215
0.2,3762,56,75787,20.14004783417486,45
0.2,3763,-26,75761,20.12778958554729,73
0.2,3764,65,75826,20.139707835325364,35
0.2,3765,-39,75787,20.124004248539563,155
0.2,3766,93,75880,20.143350146004778,7
0.2,3767,89,75969,20.161624203821656,12
0.2,3768,77,76046,20.17670469620589,23
0.2,3769,91,76137,20.19549071618037,9
0.2,3770,60,76197,20.206046141607,41
0.2,3771,55,76252,20.215270413573702,46
0.2,3772,-103,76149,20.182613305062283,135
0.2,3773,55,76204,20.19183889772125,45
0.2,3774,22,76226,20.1923178807947,80
0.2,3775,55,76281,20.201536016949152,45
0.2,3776,-128,76153,20.162298120201218,161
0.2,3777,85,76238,20.179460031762837,15
0.2,3778,-21,76217,20.168563111934375,122
0.2,3779,41,76258,20.174074074074074,60
0.2,3780,37,76295,20.178524199947105,63
0.2,3781,85,76380,20.195663670015865,15
0.2,3782,-36,76344,20.18080888183981,140
0.2,3783,82,76426,20.197145877378436,18
0.2,3784,-41,76385,20.180977542932627,142
0.2,3785,87,76472,20.1986265187533,14
0.2,3786,58,76530,20.20860839714814,42
0.2,3787,81,76611,20.224656810982047,20
0.2,3788,2,76613,20.219846925310108,30
0.2,3789,64,76677,20.231398416886545,38
0.2,3790,4,76681,20.227116855710893,29
0.2,3791,35,76716,20.231012658227847,65
0.2,3792,-92,76624,20.20142367519114,196
0.2,3793,79,76703,20.216921454928833,27
0.2,3794,85,76788,20.23399209486166,16
0.2,3795,20,76808,20.233930453108535,12
0.2,3796,29,76837,20.236239136160126,72
0.2,3797,31,76868,20.239073196419167,70
0.2,3798,63,76931,20.250329033956305,37
0.2,3799,76,77007,20.265,24
0.2,3800,86,77093,20.282294133122864,15
0.2,3801,-77,77016,20.256706996317728,180
0.2,3802,37,77053,20.261109650276097,69
0.2,3803,-241,76812,20.19242902208202,363
0.2,3804,54,76866,20.20131406044678,48
0.2,3805,39,76905,20.206253284287968,62
0.2,3806,91,76996,20.224848962437616,10
0.2,3807,4,77000,20.220588235294116,98
0.2,3808,72,77072,20.23418220005251,29
0.2,3809,-135,76937,20.193438320209975,167
0.2,3810,75,77012,20.207819469955393,26
0.2,3811,52,77064,20.216159496327386,50
0.2,3812,49,77113,20.22370836611592,53
0.2,3813,17,77130,20.222863135815416,32
0.2,3814,62,77192,20.23381389252949,38
0.2,3815,-24,77168,20.22222222222222,60
0.2,3816,6,77174,20.218496201205134,95
0.2,3817,82,77256,20.23467784180199,19
0.2,3818,49,77305,20.242210002618485,51
0.2,3819,-92,77213,20.21282722513089,194
0.2,3820,82,77295,20.228997644595655,19
0.2,3821,55,77350,20.238095238095237,47
0.2,3822,86,77436,20.255296887261313,15
0.2,3823,81,77517,20.2711820083682,20
0.2,3824,48,77565,20.27843137254902,53
0.2,3825,92,77657,20.297177208572922,9
0.2,3826,86,77743,20.31434544029266,15
0.2,3827,79,77822,20.32967607105538,21
0.2,3828,-48,77774,20.31183076521285,149
0.2,3829,47,77821,20.318798955613577,54
0.2,3830,-325,77496,20.22866092404072,360
0.2,3831,15,77511,20.227296450939455,86
0.2,3832,81,77592,20.243151578398123,20
0.2,3833,-29,77563,20.230307772561293,131
0.2,3834,94,77657,20.24954367666232,7
0.2,3835,32,77689,20.252606882168926,68
0.2,3836,-104,77585,20.220224133437583,207
0.2,3837,6,77591,20.216519020323084,95
0.2,3838,81,77672,20.232352175045584,20
0.2,3839,26,77698,20.233854166666667,109
0.2,3840,45,77743,20.24030200468628,56
0.2,3841,-72,77671,20.216293597084853,174
0.2,3842,-117,77554,20.180588082227427,220
0.2,3843,53,77607,20.189125910509887,48
0.2,3844,-143,77464,20.14668400520156,249
0.2,3845,75,77539,20.160946437857515,26
0.2,3846,54,77593,20.169742656615544,47
0.2,3847,19,77612,20.16943866943867,82
0.2,3848,-22,77590,20.158482722785138,126
0.2,3849,-51,77539,20.14,152
0.2,3850,-363,77176,20.040508958712024,399
0.2,3851,-5,77171,20.034008307372794,116
0.2,3852,88,77259,20.051648066441732,12
0.2,3853,89,77348,20.069538142189934,11
0.2,3854,46,77394,20.07626459143969,57
0.2,3855,90,77484,20.09439834024896,11
0.2,3856,93,77577,20.113300492610836,7
0.2,3857,-59,77518,20.092794193882842,163
0.2,3858,25,77543,20.09406582016066,77
0.2,3859,52,77595,20.102331606217618,49
0.2,3860,-38,77557,20.087283087283087,69
0.2,3861,46,77603,20.093992749870534,56
0.2,3862,55,77658,20.10302873414445,45
0.2,3863,69,77727,20.115683229813666,32
0.2,3864,60,77787,20.126002587322123,41
0.2,3865,18,77805,20.125452664252457,83
0.2,3866,38,77843,20.13007499353504,65
0.2,3867,91,77934,20.148397104446744,10
0.2,3868,-13,77921,20.139829413285085,116
0.2,3869,88,78009,20.15736434108527,12
0.2,3870,62,78071,20.168173598553345,39
0.2,3871,69,78140,20.180785123966942,31
0.2,3872,34,78174,20.184353214562353,67
0.2,3873,60,78234,20.19463087248322,40
0.2,3874,77,78311,20.209290322580646,23
0.2,3875,68,78379,20.221620227038184,33
0.2,3876,67,78446,20.233685839566675,33
0.2,3877,-31,78415,20.220474471377,133
0.2,3878,1,78416,20.215519463779323,101
0.2,3879,92,78508,20.234020618556702,8
0.2,3880,-1,78507,20.228549342952846,33
0.2,3881,22,78529,20.229005667181866,81
0.2,3882,-299,78230,20.146793716198815,269
0.2,3883,60,78290,20.157054582904223,40
0.2,3884,56,78346,20.166280566280566,46
0.2,3885,10,78356,20.1636644364385,98
0.2,3886,64,78420,20.174942114741444,37
0.2,3887,7,78427,20.171553497942387,96
0.2,3888,95,78522,20.19079454872718,6
0.2,3889,-36,78486,20.176349614395885,136
0.2,3890,19,78505,20.17604728861475,82
0.2,3891,-143,78362,20.134121274409043,175
0.2,3892,89,78451,20.1518109427177,12
0.2,3893,-5,78446,20.145351823317924,105
0.2,3894,94,78540,20.16431322207959,6
0.2,3895,85,78625,20.180954825462013,15
0.2,3896,88,78713,20.19835771105979,12
0.2,3897,83,78796,20.214468958440225,17
0.2,3898,34,78830,20.21800461656835,69
0.2,3899,80,78910,20.233333333333334,20
0.2,3900,-86,78824,20.206100999743654,188
0.2,3901,87,78911,20.22321886212199,13
0.2,3902,22,78933,20.22367409684858,78
0.2,3903,-67,78866,20.201331967213115,102
0.2,3904,71,78937,20.214340588988478,30
0.2,3905,52,78989,20.22247823860727,49
0.2,3906,-230,78759,20.158433580752497,333
0.2,3907,89,78848,20.176049129989764,12
0.2,3908,92,78940,20.19442312611921,9
0.2,3909,34,78974,20.197953964194372,68
0.2,3910,85,79059,20.214523139861928,15
0.2,3911,-182,78877,20.162832310838446,215
0.2,3912,-15,78862,20.153846153846153,117
0.2,3913,83,78945,20.16990291262136,18
0.2,3914,15,78960,20.168582375478927,16
0.2,3915,73,79033,20.182073544433095,27
0.2,3916,86,79119,20.19887669134542,14
0.2,3917,82,79201,20.21465033180194,18
0.2,3918,20,79221,20.214595560091862,11
0.2,3919,45,79266,20.22091836734694,56
0.2,3920,93,79359,20.239479724560063,7
0.2,3921,76,79435,20.253697093319733,25
0.2,3922,-118,79317,20.2184552638287,150
0.2,3923,28,79345,20.220438328236494,72
0.2,3924,76,79421,20.234649681528662,24
0.2,3925,46,79467,20.241212429954153,55
0.2,3926,-2,79465,20.23554876496053,103
0.2,3927,17,79482,20.2347250509165,85
0.2,3928,-48,79434,20.217358106388392,150
0.2,3929,-82,79352,20.191348600508906,184
0.2,3930,60,79412,20.20147545153905,40
0.2,3931,89,79501,20.218972533062054,12
0.2,3932,75,79576,20.232901093312993,32
0.2,3933,12,79588,20.230808337569904,89
0.2,3934,88,79676,20.248030495552733,13
0.2,3935,89,79765,20.265497967479675,12
0.2,3936,47,79812,20.27228854457709,54
0.2,3937,-6,79806,20.265617064499747,106
0.2,3938,57,79863,20.274942878903275,43
0.2,3939,6,79869,20.271319796954316,95
0.2,3940,95,79964,20.290281654402435,6
0.2,3941,45,80009,20.296549974632168,55
0.2,3942,48,80057,20.303575957392848,53
0.2,3943,62,80119,20.314148073022313,38
0.2,3944,47,80166,20.32091254752852,55
0.2,3945,58,80224,20.33046122655854,42
0.2,3946,51,80275,20.338231568279706,49
0.2,3947,3,80278,20.333839918946303,97
0.2,3948,86,80364,20.350468473031146,14
0.2,3949,-55,80309,20.33139240506329,158
0.2,3950,94,80403,20.350037965072133,7
0.2,3951,59,80462,20.359817813765183,41
0.2,3952,44,80506,20.365798128004048,56
0.2,3953,49,80555,20.373039959534648,53
0.2,3954,18,80573,20.3724399494311,82
0.2,3955,91,80664,20.390293225480285,10
0.2,3956,-21,80643,20.379833206974983,123
0.2,3957,-147,80496,20.337544214249622,249
0.2,3958,62,80558,20.348067693862088,39
0.2,3959,-62,80496,20.327272727272728,95
0.2,3960,78,80574,20.341832870487252,23
0.2,3961,88,80662,20.358909641595154,13
0.2,3962,-89,80573,20.331314660610648,191
0.2,3963,-132,80441,20.292885973763873,236
0.2,3964,34,80475,20.296343001261032,66
0.2,3965,76,80551,20.310388300554717,24
0.2,3966,91,80642,20.32820771363751,10
0.2,3967,90,80732,20.34576612903226,10
0.2,3968,-23,80709,20.334845049130763,126
0.2,3969,-95,80614,20.305793450881612,197
0.2,3970,14,80628,20.304205489801056,88
0.2,3971,-222,80406,20.24320241691843,256
0.2,3972,-63,80343,20.222250188774225,165
0.2,3973,-87,80256,20.19526925012582,195
0.2,3974,73,80329,20.208553459119496,27
0.2,3975,-48,80281,20.19139839034205,150
0.2,3976,81,80362,20.206688458637164,19
0.2,3977,78,80440,20.221216691804926,23
0.2,3978,-5,80435,20.21487811007791,43
0.2,3979,-13,80422,20.206532663316583,114
0.2,3980,83,80505,20.22230595327807,17
0.2,3981,27,80532,20.224008036162733,73
0.2,3982,89,80621,20.241275420537285,12
0.2,3983,40,80661,20.246234939759034,61
0.2,3984,5,80666,20.24240903387704,101
0.2,3985,-39,80627,20.22754641244355,71
0.2,3986,80,80707,20.242538249310257,21
0.2,3987,-5,80702,20.236208625877634,106
0.2,3988,16,80718,20.235146653296564,15
0.2,3989,18,80736,20.234586466165414,13
0.2,3990,-86,80650,20.207967927837636,206
0.2,3991,63,80713,20.2186873747495,38
0.2,3992,83,80796,20.234410217881294,18
0.2,3993,-107,80689,20.20255383074612,69
0.2,3994,94,80783,20.22102628285357,6
0.2,3995,-18,80765,20.21146146146146,121
0.2,3996,40,80805,20.216412309231924,60
0.2,3997,93,80898,20.23461730865433,7
0.2,3998,64,80962,20.245561390347586,36
0.2,3999,58,81020,20.255,42
0.2,4000,-15,81005,20.246188452886777,115
0.2,4001,25,81030,20.24737631184408,76
0.2,4002,-40,80990,20.232325755683238,141
0.2,4003,70,81060,20.244755244755243,31
0.2,4004,91,81151,20.262421972534334,10
0.2,4005,75,81226,20.27608587119321,25
0.2,4006,35,81261,20.279760419266285,72
0.2,4007,-30,81231,20.267215568862277,131
0.2,4008,13,81244,20.265402843601894,89
0.2,4009,26,81270,20.266832917705734,75
0.2,4010,-18,81252,20.25729244577412,119
0.2,4011,37,81289,20.26146560319043,66
0.2,4012,45,81334,20.267630201844007,55
0.2,4013,70,81404,20.280019930244144,31
0.2,4014,80,81484,20.29489414694894,21
0.2,4015,89,81573,20.312001992031874,11
0.2,4016,-183,81390,20.26138909634055,146
0.2,4017,68,81458,20.273270283723246,33
0.2,4018,55,81513,20.281910923115202,46
0.2,4019,79,81592,20.296517412935323,21
0.2,4020,69,81661,20.308629694105942,31
0.2,4021,-61,81600,20.288413724515166,93
0.2,4022,94,81694,20.30673626646781,6
0.2,4023,-61,81633,20.286530815109344,163
0.2,4024,69,81702,20.29863354037267,32
0.2,4025,-268,81434,20.22702434177844,307
0.2,4026,84,81518,20.242860690340205,17
0.2,4027,5,81523,20.239076464746773,26
0.2,4028,61,81584,20.249193348225365,40
0.2,4029,94,81678,20.267493796526054,6
0.2,4030,22,81700,20.267923592160756,9
0.2,4031,-128,81572,20.231150793650794,163
0.2,4032,9,81581,20.228365980659557,22
0.2,4033,-75,81506,20.204759543877046,177
0.2,4034,89,81595,20.22180916976456,11
0.2,4035,56,81651,20.2306739345887,45
0.2,4036,45,81696,20.23680951201387,55
0.2,4037,74,81770,20.250123823675086,26
0.2,4038,-41,81729,20.234959148304036,142
0.2,4039,-64,81665,20.21410891089109,165
0.2,4040,35,81700,20.21776787923781,67
0.2,4041,83,81783,20.233300346363187,17
0.2,4042,64,81847,20.244125649270345,38
0.2,4043,90,81937,20.26137487636004,10
0.2,4044,-10,81927,20.25389369592089,41
0.2,4045,-57,81870,20.23479980227385,161
0.2,4046,42,81912,20.24017790956264,59
0.2,4047,67,81979,20.25172924901186,34
0.2,4048,84,82063,20.267473450234625,16
0.2,4049,29,82092,20.26962962962963,73
0.2,4050,70,82162,20.28190570229573,31
0.2,4051,-11,82151,20.274185587364265,113
0.2,4052,74,82225,20.28744140143104,27
0.2,4053,6,82231,20.28391711889492,94
0.2,4054,41,82272,20.289025893958076,59
0.2,4055,80,82352,20.303747534516766,20
0.2,4056,82,82434,20.318954892777914,18
0.2,4057,43,82477,20.324544110399213,58
0.2,4058,93,82570,20.342448879034244,7
0.2,4059,-95,82475,20.314039408866996,198
0.2,4060,61,82536,20.324058113765084,39
0.2,4061,81,82617,20.338995568685377,19
0.2,4062,85,82702,20.35491016490278,15
0.2,4063,-3,82699,20.34916338582677,104
0.2,4064,62,82761,20.35940959409594,39
0.2,4065,86,82847,20.37555336940482,14
0.2,4066,16,82863,20.37447750184411,16
0.2,4067,0,82863,20.36946902654867,100
0.2,4068,93,82956,20.387318751536004,7
0.2,4069,73,83029,20.4002457002457,28
0.2,4070,20,83049,20.400147383935153,80
0.2,4071,89,83138,20.416994106090375,11
0.2,4072,-71,83067,20.394549472133562,173
0.2,4073,4,83071,20.39052528227786,28
0.2,4074,73,83144,20.403435582822087,29
0.2,4075,79,83223,20.417811579980373,22
0.2,4076,54,83277,20.426048565121413,47
0.2,4077,72,83349,20.438695438940655,28
0.2,4078,70,83419,20.45084579553812,31
0.2,4079,89,83508,20.46764705882353,12
0.2,4080,-3,83505,20.461896593972067,105
0.2,4081,56,83561,20.470602645761883,45
0.2,4082,-131,83430,20.433504775900072,163
0.2,4083,88,83518,20.450048971596473,13
0.2,4084,7,83525,20.446756425948593,93
0.2,4085,68,83593,20.458394517865884,33
0.2,4086,33,83626,20.46146317592366,68
0.2,4087,51,83677,20.46893346379648,50
0.2,4088,93,83770,20.4866715578381,8
0.2,4089,52,83822,20.49437652811736,49
0.2,4090,-67,83755,20.472989489122465,170
0.2,4091,-101,83654,20.443304007820135,203
0.2,4092,76,83730,20.45687759589543,25
0.2,4093,-109,83621,20.425256472887153,155
0.2,4094,83,83704,20.44053724053724,18
0.2,4095,59,83763,20.449951171875,41
0.2,4096,32,83795,20.452770319746154,68
0.2,4097,94,83889,20.470717423133237,6
0.2,4098,63,83952,20.481092949499878,38
0.2,4099,81,84033,20.495853658536586,20
0.2,4100,0,84033,20.49085588880761,101
0.2,4101,-9,84024,20.48366650414432,109
0.2,4102,-160,83864,20.439678284182307,194
0.2,4103,-100,83764,20.410331384015596,132
0.2,4104,1,83765,20.40560292326431,100
0.2,4105,-121,83644,20.371164150024356,156
0.2,4106,29,83673,20.37326515704894,73
0.2,4107,88,83761,20.389727361246347,12
0.2,4108,43,83804,20.395229982964224,60
0.2,4109,75,83879,20.40851581508516,25
0.2,4110,87,83966,20.424714181464363,14
0.2,4111,-2,83964,20.419260700389106,35
0.2,4112,51,84015,20.426695842450766,49
0.2,4113,57,84072,20.43558580456976,51
0.2,4114,-17,84055,20.426488456865126,120
0.2,4115,85,84140,20.4421768707483,15
0.2,4116,47,84187,20.44862764148652,55
0.2,4117,-12,84175,20.44074793589121,113
0.2,4118,20,84195,20.44064093226511,80
0.2,4119,92,84287,20.458009708737865,9
0.2,4120,51,84338,20.465421014316913,49
0.2,4121,71,84409,20.477680737506066,29
0.2,4122,91,84500,20.494785350472956,10
0.2,4123,-36,84464,20.481086323957324,68
0.2,4124,-81,84383,20.45648484848485,113
0.2,4125,14,84397,20.454920019389238,86
0.2,4126,-20,84377,20.445117518778773,125
0.2,4127,89,84466,20.461724806201552,11
0.2,4128,-17,84449,20.452651973843544,117
0.2,4129,-95,84354,20.424697336561742,154
0.2,4130,6,84360,20.421205519244737,96
0.2,4131,59,84419,20.43054211035818,42
0.2,4132,-29,84390,20.418582143721267,131
0.2,4133,77,84467,20.432268988872764,24
0.2,4134,-154,84313,20.390084643288997,195
0.2,4135,-56,84257,20.37161508704062,157
0.2,4136,62,84319,20.381677544114094,39
0.2,4137,82,84401,20.396568390526824,19
0.2,4138,74,84475,20.409519207538054,26
0.2,4139,62,84537,20.419565217391305,38
0.2,4140,-202,84335,20.365853658536587,324
0.2,4141,-24,84311,20.355142443264125,132
0.2,4142,49,84360,20.362056480811006,53
0.2,4143,56,84416,20.37065637065637,44
0.2,4144,-23,84393,20.360193003618818,127
0.2,4145,-90,84303,20.33357452966715,123
0.2,4146,86,84389,20.34940921147818,14
0.2,4147,73,84462,20.362102217936354,27
0.2,4148,38,84500,20.366353338153772,62
0.2,4149,-51,84449,20.349156626506023,84
0.2,4150,-120,84329,20.315345699831365,152
0.2,4151,-109,84220,20.284200385356456,212
0.2,4152,74,84294,20.297134601492896,27
0.2,4153,86,84380,20.3129513721714,15
0.2,4154,71,84451,20.325150421179302,29
0.2,4155,46,84497,20.33132820019249,56
0.2,4156,89,84586,20.34784700505172,39
0.2,4157,23,84609,20.348484848484848,77
0.2,4158,45,84654,20.354412118297667,55
0.2,4159,87,84741,20.37043269230769,13
0.2,4160,-2,84739,20.36505647680846,34
0.2,4161,93,84832,20.38250840941855,7
0.2,4162,9,84841,20.379774201297142,91
0.2,4163,93,84934,20.397214217098945,8
0.2,4164,0,84934,20.392316926770707,31
0.2,4165,64,84998,20.402784445511283,37
0.2,4166,-76,84922,20.379649628029757,179
0.2,4167,-152,84770,20.338291746641076,261
0.2,4168,66,84836,20.34924442312305,34
0.2,4169,71,84907,20.361390887290167,29
0.2,4170,76,84983,20.37473028050827,27
0.2,4171,48,85031,20.381351869606902,53
0.2,4172,60,85091,20.3908459142104,41
0.2,4173,85,85176,20.406324868231913,16
0.2,4174,93,85269,20.4237125748503,7
0.2,4175,48,85317,20.430316091954023,53
0.2,4176,-37,85280,20.41656691405315,69
0.2,4177,43,85323,20.421972235519387,57
0.2,4178,57,85380,20.430725053840632,44
0.2,4179,-180,85200,20.382775119617225,284
0.2,4180,60,85260,20.39225065773738,40
0.2,4181,8,85268,20.38928742228599,92
0.2,4182,93,85361,20.406645947884293,7
0.2,4183,22,85383,20.407026768642446,80
0.2,4184,82,85465,20.42174432497013,18
0.2,4185,-310,85155,20.342809364548494,348
0.2,4186,89,85244,20.359207069500837,11
0.2,4187,-58,85186,20.34049665711557,91
0.2,4188,-26,85160,20.329434232513726,59
0.2,4189,-138,85022,20.29164677804296,240
0.2,4190,-44,84978,20.27630637079456,75
0.2,4191,76,85054,20.289599236641223,24
0.2,4192,5,85059,20.285952778440258,95
0.2,4193,76,85135,20.29923700524559,24
0.2,4194,21,85156,20.299404052443386,80
0.2,4195,94,85250,20.316968541468064,7
0.2,4196,12,85262,20.31498689540148,122
0.2,4197,3,85265,20.31086231538828,98
0.2,4198,85,85350,20.326268159085497,15
0.2,4199,41,85391,20.331190476190475,60
0.2,4200,-124,85267,20.296834087122114,228
0.2,4201,6,85273,20.29343169919086,96
0.2,4202,77,85350,20.30692362598144,23
0.2,4203,88,85438,20.323025689819218,12
0.2,4204,-24,85414,20.312485136741973,125
0.2,4205,70,85484,20.324298621017594,30
0.2,4206,73,85557,20.336819586403614,27
0.2,4207,-103,85454,20.307509505703422,227
0.2,4208,-168,85286,20.262770254217152,202
0.2,4209,91,85377,20.279572446555818,9
0.2,4210,-83,85294,20.25504630729043,116
0.2,4211,-14,85280,20.246913580246915,60
0.2,4212,12,85292,20.244956088298125,88
0.2,4213,24,85316,20.245847176079735,77
0.2,4214,28,85344,20.247686832740214,72
0.2,4215,-41,85303,20.233159392789375,143
0.2,4216,-307,84996,20.155560825231206,204
0.2,4217,56,85052,20.164058795637743,45
0.2,4218,58,85110,20.173026783598008,43
0.2,4219,-5,85105,20.167061611374407,105
0.2,4220,15,85120,20.165837479270316,85
0.2,4221,50,85170,20.172903837044053,63
0.2,4222,42,85212,20.178072460336253,58
0.2,4223,60,85272,20.1875,42
0.2,4224,55,85327,20.195739644970413,48
0.2,4225,70,85397,20.20752484619025,30
0.2,4226,89,85486,20.223799384906552,11
0.2,4227,-3,85483,20.218306527909178,35
0.2,4228,86,85569,20.233861432962875,15
0.2,4229,83,85652,20.24869976359338,18
0.2,4230,-311,85341,20.170408886787992,431
0.2,4231,48,85389,20.176984877126653,52
0.2,4232,92,85481,20.193952279707062,9
0.2,4233,83,85564,20.20878601794993,17
0.2,4234,-66,85498,20.188429752066117,167
0.2,4235,61,85559,20.1980642115203,40
0.2,4236,48,85607,20.20462591456219,52
0.2,4237,-4,85603,20.198914582350167,42
0.2,4238,-297,85306,20.1240858693088,455
0.2,4239,57,85363,20.132783018867926,44
0.2,4240,75,85438,20.145720348974297,25
0.2,4241,59,85497,20.154879773691654,42
0.2,4242,44,85541,20.16049964647655,56
0.2,4243,94,85635,20.17789820923657,6
0.2,4244,89,85724,20.194110718492343,12
0.2,4245,86,85810,20.209609043805933,14
0.2,4246,94,85904,20.22698375323758,7
0.2,4247,71,85975,20.238935969868173,29
0.2,4248,-61,85914,20.21981642739468,92
0.2,4249,-23,85891,20.209647058823528,125
0.2,4250,-244,85647,20.147494707127734,349
0.2,4251,-3,85644,20.142050799623707,104
0.2,4252,67,85711,20.153068422290147,34
0.2,4253,87,85798,20.16878232251998,13
0.2,4254,87,85885,20.184488836662748,13
0.2,4255,95,85980,20.202067669172934,6
0.2,4256,-100,85880,20.173831336622033,204
0.2,4257,-30,85850,20.162047909816817,62
0.2,4258,5,85855,20.158487907959614,97
0.2,4259,92,85947,20.175352112676055,9
0.2,4260,49,85996,20.182116873973246,51
0.2,4261,20,86016,20.182074143594555,83
0.2,4262,56,86072,20.19047619047619,45
0.2,4263,45,86117,20.19629455909944,55
0.2,4264,51,86168,20.203516998827666,50
0.2,4265,-189,85979,20.1544772620722,221
0.2,4266,3,85982,20.150456995547223,99
0.2,4267,17,85999,20.14971883786317,84
0.2,4268,81,86080,20.163972827360038,19
0.2,4269,78,86158,20.17751756440281,27
0.2,4270,65,86223,20.188012175134627,35
0.2,4271,72,86295,20.2001404494382,28
0.2,4272,17,86312,20.199391528200326,88
0.2,4273,93,86405,20.216424894712212,7
0.2,4274,88,86493,20.232280701754387,12
0.2,4275,-34,86459,20.21959775491113,137
0.2,4276,76,86535,20.232639700724807,24
0.2,4277,-95,86440,20.205703599812995,128
0.2,4278,48,86488,20.21219911194204,53
0.2,4279,93,86581,20.229205607476636,7
0.2,4280,-31,86550,20.217238962859145,63
0.2,4281,70,86620,20.228865016347502,31
0.2,4282,95,86715,20.246322671024984,6
0.2,4283,90,86805,20.26260504201681,10
0.2,4284,70,86875,20.274212368728122,30
0.2,4285,-53,86822,20.25711619225385,157
0.2,4286,88,86910,20.272918124562633,12
0.2,4287,70,86980,20.284514925373134,31
0.2,4288,-284,86696,20.213569596642575,249
0.2,4289,37,86733,20.217482517482516,66
0.2,4290,80,86813,20.231414588673967,20
0.2,4291,39,86852,20.23578751164958,86
0.2,4292,80,86932,20.24970882832518,21
0.2,4293,-5,86927,20.24382859804378,106
0.2,4294,77,87004,20.257043073341094,23
0.2,4295,70,87074,20.268621973929235,30
0.2,4296,10,87084,20.26623225506167,22
0.2,4297,60,87144,20.275476966030713,40
0.2,4298,-19,87125,20.2663410095371,123
0.2,4299,95,87220,20.28372093023256,6
0.2,4300,46,87266,20.28970006975122,55
0.2,4301,71,87337,20.301487680148767,30
0.2,4302,-64,87273,20.281896351382755,96
0.2,4303,-81,87192,20.25836431226766,184
0.2,4304,95,87287,20.275725900116143,6
0.2,4305,52,87339,20.28309335810497,48
0.2,4306,26,87365,20.284420710471327,75
0.2,4307,31,87396,20.28690807799443,70
0.2,4308,83,87479,20.301462056161522,17
0.2,4309,35,87514,20.304872389791182,67
0.2,4310,-44,87470,20.289955926699143,147
0.2,4311,-81,87389,20.266465677179962,115
0.2,4312,13,87402,20.2647808949687,88
0.2,4313,72,87474,20.276773296244784,29
0.2,4314,76,87550,20.28968713789108,24
0.2,4315,55,87605,20.29772937905468,45
0.2,4316,52,87657,20.30507296733843,49
0.2,4317,79,87736,20.318666049096805,21
0.2,4318,44,87780,20.32414910858995,57
0.2,4319,65,87845,20.33449074074074,36
0.2,4320,75,87920,20.347141865308956,26
0.2,4321,69,87989,20.358398889403055,40
0.2,4322,-108,87881,20.328706916493175,139
0.2,4323,87,87968,20.344125809435706,13
0.2,4324,-43,87925,20.329479768786126,76
0.2,4325,85,88010,20.34442903374942,16
0.2,4326,39,88049,20.348740466836144,62
0.2,4327,49,88098,20.35536044362292,51
0.2,4328,36,88134,20.358974358974358,65
0.2,4329,-63,88071,20.33972286374134,164
0.2,4330,38,88109,20.343800507965828,64
0.2,4331,88,88197,20.359418282548475,12
0.2,4332,86,88283,20.374567274405724,14
0.2,4333,87,88370,20.38994000922935,14
0.2,4334,-48,88322,20.374163783160324,82
0.2,4335,70,88392,20.38560885608856,30
0.2,4336,-6,88386,20.37952501729306,107
0.2,4337,94,88480,20.396496081143383,7
0.2,4338,-11,88469,20.38926019820235,113
0.2,4339,-22,88447,20.379493087557602,162
0.2,4340,88,88535,20.395070260308685,13
0.2,4341,54,88589,20.402809765085212,47
0.2,4342,-182,88407,20.35620538798066,285
0.2,4343,11,88418,20.35405156537753,91
0.2,4344,24,88442,20.354890678941313,79
0.2,4345,31,88473,20.357340082834792,70
0.2,4346,-1,88472,20.352426961122614,103
0.2,4347,87,88559,20.36775528978841,14
0.2,4348,93,88652,20.384456196826857,7
0.2,4349,-19,88633,20.375402298850574,122
0.2,4350,82,88715,20.389565617099517,19
0.2,4351,-112,88603,20.359145220588236,144
0.2,4352,91,88694,20.37537330576614,9
0.2,4353,-94,88600,20.349104271933854,127
0.2,4354,59,88659,20.357979334098737,42
0.2,4355,-18,88641,20.34917355371901,121
0.2,4356,75,88716,20.361716777599266,25
0.2,4357,51,88767,20.368747131711796,50
0.2,4358,-7,88760,20.362468456067905,109
0.2,4359,32,88792,20.3651376146789,70
0.2,4360,84,88876,20.37972941985783,17
0.2,4361,-58,88818,20.361760660247594,159
0.2,4362,-122,88696,20.329131331652533,159
0.2,4363,91,88787,20.345325389550872,9
0.2,4364,-97,88690,20.3184421534937,201
0.2,4365,63,88753,20.32821804855703,38
0.2,4366,14,88767,20.326768948935197,89
0.2,4367,55,88822,20.33470695970696,48
0.2,4368,44,88866,20.340123598077362,56
0.2,4369,-14,88852,20.332265446224255,118
0.2,4370,87,88939,20.347517730496453,14
0.2,4371,86,89025,20.362534309240623,14
0.2,4372,-146,88879,20.324491195975302,254
0.2,4373,-77,88802,20.302240512117056,108
0.2,4374,-13,88789,20.29462857142857,46
0.2,4375,21,88810,20.294789762340038,80
0.2,4376,-53,88757,20.278044322595385,85
0.2,4377,-69,88688,20.25765189584285,102
0.2,4378,36,88724,20.261246860013703,65
0.2,4379,77,88801,20.27420091324201,24
0.2,4380,-50,88751,20.258160237388726,151
0.2,4381,72,88823,20.269968051118212,29
0.2,4382,64,88887,20.279945242984258,37
0.2,4383,93,88980,20.29653284671533,7
0.2,4384,93,89073,20.313112884834663,8
0.2,4385,92,89165,20.329457364341085,8
0.2,4386,-222,88943,20.274219284248918,272
0.2,4387,-16,88927,20.26595259799453,117
0.2,4388,-142,88785,20.228981544771017,121
0.2,4389,94,88879,20.245785876993168,7
0.2,4390,-24,88855,20.235709405602368,126
0.2,4391,93,88948,20.252276867030965,8
0.2,4392,76,89024,20.264966992943318,24
0.2,4393,41,89065,20.269685935366407,61
0.2,4394,-73,88992,20.248464163822526,175
0.2,4395,85,89077,20.26319381255687,15
0.2,4396,-6,89071,20.257220832385716,38
0.2,4397,-34,89037,20.24488403819918,134
0.2,4398,-185,88852,20.198226869743124,218
0.2,4399,86,88938,20.21318181818182,14
0.2,4400,68,89006,20.224039990911155,32
0.2,4401,2,89008,20.219900045433892,29
0.2,4402,67,89075,20.23052464228935,35
0.2,4403,83,89158,20.24477747502271,17
0.2,4404,90,89248,20.26061293984109,11
0.2,4405,-18,89230,20.251929187471628,118
0.2,4406,15,89245,20.250737463126843,86
0.2,4407,72,89317,20.262477313974593,29
0.2,4408,89,89406,20.278067589022456,12
0.2,4409,1,89407,20.273696145124717,102
0.2,4410,-30,89377,20.2622987984584,133
0.2,4411,-17,89360,20.25385312783318,119
0.2,4412,28,89388,20.2556084296397,91
0.2,4413,88,89476,20.270956048935208,12
0.2,4414,-24,89452,20.26092865232163,124
0.2,4415,70,89522,20.272192028985508,30
0.2,4416,-4,89518,20.266696853067693,105
0.2,4417,6,89524,20.263467632412855,94
0.2,4418,-47,89477,20.248246209549674,152
0.2,4419,84,89561,20.26266968325792,17
0.2,4420,94,89655,20.279348563673377,6
0.2,4421,-30,89625,20.26797829036635,62
0.2,4422,1,89626,20.263621976034365,102
0.2,4423,76,89702,20.27622061482821,25
0.2,4424,-173,89529,20.232542372881355,205
0.2,4425,-39,89490,20.219159511974695,156
0.2,4426,57,89547,20.2274678111588,43
0.2,4427,-61,89486,20.209123757904244,95
0.2,4428,-8,89478,20.20275457213818,39
0.2,4429,64,89542,20.212641083521444,37
0.2,4430,-24,89518,20.202663055743624,124
0.2,4431,23,89541,20.203294223826713,77
0.2,4432,-62,89479,20.18475073313783,163
0.2,4433,63,89542,20.19440685611186,38
0.2,4434,17,89559,20.19368658399098,14
0.2,4435,54,89613,20.201307484220017,46
0.2,4436,-329,89284,20.122605363984675,224
0.2,4437,59,89343,20.13136547994592,42
0.2,4438,-48,89295,20.116017120973193,80
0.2,4439,-30,89265,20.10472972972973,62
0.2,4440,-68,89197,20.084890790362532,102
0.2,4441,-95,89102,20.058982440342188,200
0.2,4442,19,89121,20.058744091829844,82
0.2,4443,-14,89107,20.0510801080108,114
0.2,4444,-20,89087,20.04206974128234,120
0.2,4445,54,89141,20.049707602339183,46
0.2,4446,39,89180,20.05396896784349,78
0.2,4447,84,89264,20.068345323741006,17
0.2,4448,30,89294,20.070577657900653,71
0.2,4449,75,89369,20.082921348314606,25
0.2,4450,52,89421,20.090092114131657,49
0.2,4451,-1,89420,20.08535489667565,33
0.2,4452,33,89453,20.088255108915337,67
0.2,4453,-491,88962,19.973506960035923,528
0.2,4454,35,88997,19.976879910213242,73
0.2,4455,77,89074,19.98967684021544,23
0.2,4456,-14,89060,19.982050706753423,46
0.2,4457,32,89092,19.98474652310453,69
0.2,4458,86,89178,19.999551468939224,15
0.2,4459,-8,89170,19.993273542600896,109
0.2,4460,-51,89119,19.977359336471643,83
0.2,4461,-37,89082,19.964589870013448,68
0.2,4462,60,89142,19.973560385390993,43
0.2,4463,-8,89134,19.967293906810035,110
0.2,4464,75,89209,19.979619260918252,26
0.2,4465,62,89271,19.989028213166144,39
0.2,4466,-50,89221,19.973360197000225,153
0.2,4467,-61,89160,19.955237242614146,163
0.2,4468,-43,89117,19.941150145446407,76
0.2,4469,-16,89101,19.9331096196868,116
0.2,4470,77,89178,19.945873406396778,23
0.2,4471,58,89236,19.95438282647585,42
0.2,4472,-63,89173,19.9358372456964,179
0.2,4473,92,89265,19.951944568618686,9
0.2,4474,14,89279,19.950614525139663,88
0.2,4475,31,89310,19.95308310991957,72
0.2,4476,90,89400,19.96872905963815,11
0.2,4477,78,89478,19.98168825368468,23
0.2,4478,75,89553,19.993971868720696,25
0.2,4479,90,89643,20.009598214285713,11
0.2,4480,36,89679,20.013166703860744,65
0.2,4481,-113,89566,19.983489513609996,147
0.2,4482,80,89646,19.99687709123355,21
0.2,4483,-6,89640,19.991079393398753,108
0.2,4484,85,89725,20.005574136008917,16
0.2,4485,-140,89585,19.969906375390103,172
0.2,4486,68,89653,19.980610652997548,32
0.2,4487,70,89723,19.991755793226382,30
0.2,4488,-274,89449,19.926264201381155,378
0.2,4489,-25,89424,19.916258351893095,129
0.2,4490,61,89485,19.92540636829214,41
0.2,4491,76,89561,19.937889581478185,25
0.2,4492,-48,89513,19.922768751391054,82
0.2,4493,92,89605,19.938807298620382,9
0.2,4494,87,89692,19.95372636262514,13
0.2,4495,46,89738,19.959519572953738,55
0.2,4496,-257,89481,19.897931954636423,154
0.2,4497,60,89541,19.906847487772342,41
0.2,4498,-127,89414,19.87419426539231,238
0.2,4499,58,89472,19.882666666666665,42
0.2,4500,22,89494,19.883137080648744,80
0.2,4501,21,89515,19.883385162150155,79
0.2,4502,27,89542,19.88496557850322,74
0.2,4503,12,89554,19.883214920071048,88
0.2,4504,42,89596,19.888124306326304,60
0.2,4505,57,89653,19.896360408344428,43
0.2,4506,-70,89583,19.876414466385622,103
0.2,4507,36,89619,19.879991126885535,65
0.2,4508,17,89636,19.879352406298516,83
0.2,4509,33,89669,19.882261640798227,70
0.2,4510,52,89721,19.8893815118599,49
0.2,4511,75,89796,19.90159574468085,26
0.2,4512,51,89847,19.908486594283183,50
0.2,4513,57,89904,19.916703588834736,43
0.2,4514,27,89931,19.91827242524917,73
0.2,4515,77,90008,19.930912311780336,24
0.2,4516,15,90023,19.92982067744078,87
0.2,4517,-61,89962,19.911907923860117,161
0.2,4518,86,90048,19.926532418676697,15
0.2,4519,-46,90002,19.91194690265487,151
0.2,4520,-23,89979,19.902455209024552,124
0.2,4521,56,90035,19.910437859354268,44
0.2,4522,-138,89897,19.875525093964182,243
0.2,4523,91,89988,19.891246684350133,9
0.2,4524,-33,89955,19.879558011049724,65
0.2,4525,81,90036,19.893062306672558,19
0.2,4526,-49,89987,19.87784404683013,149
0.2,4527,73,90060,19.88957597173145,27
0.2,4528,80,90140,19.902848310885407,20
0.2,4529,81,90221,19.91633554083885,19
0.2,4530,0,90221,19.911939969101745,101
0.2,4531,86,90307,19.926522506619595,14
0.2,4532,-15,90292,19.918817560114714,118
0.2,4533,35,90327,19.922143802382003,66
0.2,4534,-47,90280,19.90738699007718,149
0.2,4535,41,90321,19.912037037037038,59
0.2,4536,50,90371,19.91866872382632,52
0.2,4537,-167,90204,19.877479065667696,280
0.2,4538,17,90221,19.8768451200705,84
0.2,4539,49,90270,19.883259911894275,56
0.2,4540,90,90360,19.89870072671218,11
0.2,4541,77,90437,19.911272567151034,23
0.2,4542,-181,90256,19.867048206031257,215
0.2,4543,45,90301,19.872579225352112,56
0.2,4544,26,90327,19.873927392739272,74
0.2,4545,12,90339,19.872195336559614,89
0.2,4546,81,90420,19.885638882779855,44
0.2,4547,64,90484,19.89533861037819,39
0.2,4548,-34,90450,19.88349087711585,65
0.2,4549,85,90535,19.897802197802196,15
0.2,4550,82,90617,19.911448033399253,18
0.2,4551,22,90639,19.911906854130052,82
0.2,4552,93,90732,19.92795958708544,7
0.2,4553,91,90823,19.94356609574001,10
0.2,4554,36,90859,19.94709110867179,65
0.2,4555,45,90904,19.952589991220368,55
0.2,4556,73,90977,19.964230853631776,27
0.2,4557,-127,90850,19.93198771390961,90
0.2,4558,-2,90848,19.927177012502742,33
0.2,4559,60,90908,19.935964912280703,41
0.2,4560,60,90968,19.944748958561718,41
0.2,4561,49,91017,19.951117930732135,52
0.2,4562,-194,90823,19.904229673460442,296
0.2,4563,-30,90793,19.893295354951796,131
0.2,4564,80,90873,19.90646221248631,21
0.2,4565,8,90881,19.903854577310558,92
0.2,4566,32,90913,19.906503174950732,69
0.2,4567,66,90979,19.916593695271455,34
0.2,4568,-65,90914,19.898008316918364,97
0.2,4569,-152,90762,19.86039387308534,259
0.2,4570,66,90828,19.87048785823671,34
0.2,4571,-58,90770,19.85345581802275,182
0.2,4572,43,90813,19.858517384649026,58
0.2,4573,-50,90763,19.84324442501093,152
0.2,4574,62,90825,19.852459016393443,39
0.2,4575,35,90860,19.85576923076923,66
0.2,4576,92,90952,19.871531570897968,8
0.2,4577,55,91007,19.87920489296636,46
0.2,4578,-42,90965,19.865691198951737,142
0.2,4579,85,91050,19.87991266375546,16
0.2,4580,-174,90876,19.83759004584152,280
0.2,4581,94,90970,19.853775643823656,6
0.2,4582,-92,90878,19.82936940868427,124
0.2,4583,-35,90843,19.81740837696335,143
0.2,4584,71,90914,19.82857142857143,30
0.2,4585,85,90999,19.842782381160053,15
0.2,4586,72,91071,19.8541530412034,28
0.2,4587,76,91147,19.86639058413252,24
0.2,4588,32,91179,19.869034648071477,70
0.2,4589,95,91274,19.885403050108934,6
0.2,4590,17,91291,19.884774558919624,86
0.2,4591,18,91309,19.884364111498257,83
0.2,4592,78,91387,19.897017200087088,23
0.2,4593,82,91469,19.910535481062254,19
0.2,4594,25,91494,19.91164309031556,75
0.2,4595,89,91583,19.92667536988686,11
0.2,4596,53,91636,19.933869915162063,48
0.2,4597,75,91711,19.945846020008698,26
0.2,4598,22,91733,19.94629267232007,79
0.2,4599,48,91781,19.952391304347827,52
0.2,4600,77,91858,19.96479026298631,23
0.2,4601,41,91899,19.96936114732725,60
0.2,4602,77,91976,19.981751031935694,24
0.2,4603,61,92037,19.99066029539531,41
0.2,4604,46,92083,19.99630836047774,54
0.2,4605,10,92093,19.99413808076422,91
0.2,4606,74,92167,20.00586064684176,27
0.2,4607,29,92196,20.0078125,72
0.2,4608,72,92268,20.01909307875895,28
0.2,4609,-165,92103,19.978958785249457,198
0.2,4610,87,92190,19.993493819128172,13
0.2,4611,95,92285,20.009757155247183,6
0.2,4612,81,92366,20.022978538911772,19
0.2,4613,-81,92285,20.00108365843086,116
0.2,4614,89,92374,20.016034669555797,11
0.2,4615,10,92384,20.013864818024263,22
0.2,4616,45,92429,20.019276586528047,56
0.2,4617,87,92516,20.033780857514074,13
0.2,4618,69,92585,20.04438190084434,32
0.2,4619,72,92657,20.055627705627707,29
0.2,4620,38,92695,20.059510928370482,64
0.2,4621,11,92706,20.057550843790565,89
0.2,4622,19,92725,20.057322085226044,81
0.2,4623,53,92778,20.064446366782008,47
0.2,4624,-54,92724,20.04843243243243,87
0.2,4625,-34,92690,20.036748811067877,67
0.2,4626,47,92737,20.0425761832721,55
0.2,4627,-3,92734,20.037597234226446,106
0.2,4628,87,92821,20.052063080578957,14
0.2,4629,77,92898,20.06436285097192,24
0.2,4630,-30,92868,20.053552148564027,133
0.2,4631,69,92937,20.064119170984455,32
0.2,4632,40,92977,20.068422188646664,61
0.2,4633,50,93027,20.074881312041434,50
0.2,4634,-657,92370,19.928802588996763,561
0.2,4635,38,92408,19.93270060396894,62
0.2,4636,63,92471,19.94198835453957,38
0.2,4637,14,92485,19.940707201379904,87
0.2,4638,24,92509,19.941582237551195,77
0.2,4639,50,92559,19.948060344827585,50
0.2,4640,1,92560,19.943977591036415,101
0.2,4641,2,92562,19.94011202068074,98
0.2,4642,-13,92549,19.933017445617057,114
0.2,4643,92,92641,19.948535745047373,9
0.2,4644,5,92646,19.945317545748118,108
0.2,4645,90,92736,19.96039603960396,10
0.2,4646,82,92818,19.973746503120292,18
0.2,4647,-45,92773,19.959767641996557,83
0.2,4648,-29,92744,19.949236394923638,131
0.2,4649,24,92768,19.95010752688172,78
0.2,4650,-18,92750,19.941947968178887,119
0.2,4651,20,92770,19.94196044711952,12
0.2,4652,-118,92652,19.91231463571889,219
0.2,4653,15,92667,19.911259131929523,85
0.2,4654,51,92718,19.917937701396347,50
0.2,4655,-32,92686,19.906786941580755,134
0.2,4656,-20,92666,19.898217736740392,121
0.2,4657,55,92721,19.90575354229283,45
0.2,4658,-20,92701,19.897188237819275,120
0.2,4659,6,92707,19.89420600858369,25
0.2,4660,37,92744,19.897875992276337,64
0.2,4661,33,92777,19.9006864006864,67
0.2,4662,39,92816,19.904782328972765,62
0.2,4663,-37,92779,19.892581475128644,70
0.2,4664,59,92838,19.90096463022508,42
0.2,4665,57,92895,19.908915559365624,44
0.2,4666,42,92937,19.91364902506964,58
0.2,4667,49,92986,19.91988003427592,51
0.2,4668,5,92991,19.916684514885414,95
0.2,4669,90,93081,19.93169164882227,11
0.2,4670,27,93108,19.93320488118176,76
0.2,4671,-151,92957,19.896618150684933,190
0.2,4672,-88,92869,19.873528782366787,122
0.2,4673,2,92871,19.869704749679077,99
0.2,4674,34,92905,19.87272727272727,75
0.2,4675,-80,92825,19.85136869118905,185
0.2,4676,71,92896,19.862304896301048,30
0.2,4677,91,92987,19.87751175716118,9
0.2,4678,-119,92868,19.84783073306262,150
0.2,4679,-37,92831,19.83568376068376,137
0.2,4680,61,92892,19.84447767571032,40
0.2,4681,60,92952,19.853054250320376,44
0.2,4682,59,93011,19.861413623745463,41
0.2,4683,84,93095,19.875106746370623,18
0.2,4684,43,93138,19.880042689434365,58
0.2,4685,89,93227,19.8947930004268,11
0.2,4686,65,93292,19.90441647109025,36
0.2,4687,42,93334,19.909129692832764,60
0.2,4688,39,93373,19.91320110897846,68
0.2,4689,-35,93338,19.901492537313434,68
0.2,4690,84,93422,19.915156683010018,17
0.2,4691,22,93444,19.915601023017903,78
0.2,4692,-2,93442,19.910931174089068,104
0.2,4693,62,93504,19.91989774179804,39
0.2,4694,8,93512,19.917358892438763,92
0.2,4695,63,93575,19.9265332197615,38
0.2,4696,18,93593,19.926123057270598,85
0.2,4697,83,93676,19.939548744146446,18
0.2,4698,-116,93560,19.910619280698022,150
0.2,4699,-3,93557,19.905744680851065,105
0.2,4700,93,93650,19.921293341842162,7
0.2,4701,-2,93648,19.916631220757125,33
0.2,4702,-8,93640,19.910695300871783,40
0.2,4703,80,93720,19.9234693877551,21
0.2,4704,56,93776,19.93113708820404,47
0.2,4705,78,93854,19.943476413089673,26
0.2,4706,-17,93837,19.935627788400254,118
0.2,4707,91,93928,19.95072217502124,9
0.2,4708,85,94013,19.964535994903375,16
0.2,4709,50,94063,19.97091295116773,51
0.2,4710,79,94142,19.983443005731267,21
0.2,4711,49,94191,19.98960101867572,52
0.2,4712,92,94283,20.004880118820285,9
0.2,4713,44,94327,20.00997030123038,58
0.2,4714,76,94403,20.02184517497349,24
0.2,4715,-30,94373,20.011238337574216,130
0.2,4716,64,94437,20.02056391774433,37
0.2,4717,75,94512,20.032217041119118,25
0.2,4718,33,94545,20.034965034965033,70
0.2,4719,33,94578,20.03771186440678,67
0.2,4720,94,94672,20.05337852149968,6
0.2,4721,-190,94482,20.008894536213468,224
0.2,4722,-85,94397,19.986661020537795,118
0.2,4723,60,94457,19.995131244707874,41
0.2,4724,-56,94401,19.97904761904762,103
0.2,4725,49,94450,19.985188319932288,52
0.2,4726,83,94533,19.998519145335308,18
0.2,4727,69,94602,20.008883248730964,32
0.2,4728,63,94665,20.01797420173398,38
0.2,4729,78,94743,20.030232558139534,22
0.2,4730,50,94793,20.036567321919257,50
0.2,4731,52,94845,20.043322062552832,49
0.2,4732,-41,94804,20.030424677794212,143
0.2,4733,71,94875,20.041191381495565,32
0.2,4734,50,94925,20.04751847940866,50
0.2,4735,-125,94800,20.01689189189189,228
0.2,4736,63,94863,20.02596580113996,38
0.2,4737,-61,94802,20.00886449978894,162
0.2,4738,49,94851,20.014982063726524,53
0.2,4739,62,94913,20.02383966244726,38
0.2,4740,78,94991,20.036068340012655,22
0.2,4741,37,95028,20.039645719105863,63
0.2,4742,49,95077,20.045751633986928,51
0.2,4743,62,95139,20.054595278246207,38
0.2,4744,45,95184,20.059852476290832,58
0.2,4745,54,95238,20.06700379266751,47
0.2,4746,-90,95148,20.043817147672215,195
0.2,4747,-22,95126,20.03496208930076,124
0.2,4748,-11,95115,20.028427037271005,114
0.2,4749,52,95167,20.03515789473684,49
0.2,4750,85,95252,20.048831824878974,15
0.2,4751,94,95346,20.064393939393938,6
0.2,4752,83,95429,20.077635177782454,18
0.2,4753,19,95448,20.07740849810686,82
0.2,4754,79,95527,20.089800210304944,21
0.2,4755,85,95612,20.103448275862068,15
0.2,4756,69,95681,20.11372713895312,31
0.2,4757,72,95753,20.12463219840269,29
0.2,4758,80,95833,20.13721370035722,21
0.2,4759,88,95921,20.151470588235295,13
0.2,4760,-154,95767,20.114891829447593,256
0.2,4761,57,95824,20.122637547249056,44
0.2,4762,60,95884,20.131009867730423,41
0.2,4763,83,95967,20.144206549118387,18
0.2,4764,42,96009,20.148793284365162,60
0.2,4765,-12,95997,20.14204783885858,113
0.2,4766,27,96024,20.143486469477658,75
0.2,4767,83,96107,20.156669463087248,17
0.2,4768,90,96197,20.171314741035857,11
0.2,4769,-6,96191,20.165828092243185,107
0.2,4770,91,96282,20.180674910920143,10
0.2,4771,-97,96185,20.156119027661358,130
0.2,4772,66,96251,20.16572386339828,34
0.2,4773,-6,96245,20.16024298282363,122
0.2,4774,-18,96227,20.152251308900524,118
0.2,4775,71,96298,20.16289782244556,30
0.2,4776,50,96348,20.169143814109272,50
0.2,4777,92,96440,20.184177480117203,8
0.2,4778,89,96529,20.198577108181627,12
0.2,4779,84,96613,20.211924686192468,17
0.2,4780,13,96626,20.210416230914035,89
0.2,4781,25,96651,20.21141781681305,75
0.2,4782,33,96684,20.214091574325735,68
0.2,4783,62,96746,20.222826086956523,39
0.2,4784,-34,96712,20.211494252873564,65
0.2,4785,82,96794,20.224404513163392,18
0.2,4786,-332,96462,20.150825151451848,441
0.2,4787,83,96545,20.163951545530495,18
0.2,4788,-4,96541,20.15890582585091,104
0.2,4789,28,96569,20.16054279749478,73
0.2,4790,52,96621,20.167188478396994,49
0.2,4791,41,96662,20.17153589315526,62
0.2,4792,86,96748,20.18527018568746,14
0.2,4793,-43,96705,20.172090112640802,74
0.2,4794,-99,96606,20.147236704900937,215
0.2,4795,28,96634,20.1488740617181,73
0.2,4796,0,96634,20.144673754429853,101
0.2,4797,84,96718,20.157982492705294,17
0.2,4798,67,96785,20.16774327984997,34
0.2,4799,-78,96707,20.147291666666668,179
0.2,4800,-29,96678,20.137054780254115,61
0.2,4801,85,96763,20.150562265722616,16
0.2,4802,-106,96657,20.124297314178637,138
0.2,4803,77,96734,20.136136552872607,24
0.2,4804,60,96794,20.14443288241415,41
0.2,4805,-17,96777,20.136704119850187,117
0.2,4806,74,96851,20.147909298939048,26
0.2,4807,83,96934,20.16098169717138,18
0.2,4808,-30,96904,20.15055105011437,131
0.2,4809,-353,96551,20.072972972972973,328
0.2,4810,64,96615,20.082103512783206,36
0.2,4811,36,96651,20.085411471321695,65
0.2,4812,14,96665,20.084147101599832,97
0.2,4813,63,96728,20.09306190278355,89
0.2,4814,79,96807,20.105295950155764,21
0.2,4815,-72,96735,20.086171096345517,104
0.2,4816,45,96780,20.091343159642932,55
0.2,4817,90,96870,20.10585305105853,11
0.2,4818,-173,96697,20.06578128242374,136
0.2,4819,-110,96587,20.038796680497924,142
0.2,4820,76,96663,20.050404480398257,25
0.2,4821,84,96747,20.06366652841145,16
0.2,4822,88,96835,20.077752436243003,12
0.2,4823,78,96913,20.08975953565506,22
0.2,4824,75,96988,20.101139896373056,25
0.2,4825,-7,96981,20.095524243680067,108
0.2,4826,87,97068,20.109384711000622,35
0.2,4827,30,97098,20.111433305716652,71
0.2,4828,72,97170,20.122178504866433,29
0.2,4829,75,97245,20.133540372670808,26
0.2,4830,86,97331,20.147174498033532,15
0.2,4831,1,97332,20.1432119205298,100
0.2,4832,26,97358,20.1444237533623,74
0.2,4833,65,97423,20.153702937525857,36
0.2,4834,79,97502,20.165873836608068,21
0.2,4835,83,97585,20.178866832092638,17
0.2,4836,-70,97515,20.160223278891873,102
0.2,4837,24,97539,20.161016949152543,8
0.2,4838,47,97586,20.16656333953296,54
0.2,4839,6,97592,20.163636363636364,95
0.2,4840,2,97594,20.159884321421195,100
0.2,4841,-96,97498,20.13589425857084,130
0.2,4842,55,97553,20.143093124096634,45
0.2,4843,2,97555,20.13934764657308,102
0.2,4844,-38,97517,20.12734778121775,71
0.2,4845,29,97546,20.129178704085845,99
0.2,4846,23,97569,20.129770992366414,77
0.2,4847,82,97651,20.14253300330033,18
0.2,4848,70,97721,20.152815013404826,31
0.2,4849,73,97794,20.163711340206184,28
0.2,4850,93,97887,20.178726035868895,7
0.2,4851,47,97934,20.184253915910965,54
0.2,4852,83,98017,20.197197609725944,18
0.2,4853,94,98111,20.212402142562834,6
0.2,4854,-6,98105,20.207003089598352,107
0.2,4855,77,98182,20.218698517298186,23
0.2,4856,65,98247,20.22791846819024,35
0.2,4857,-16,98231,20.220461095100866,119
0.2,4858,-121,98110,20.191397406873843,154
0.2,4859,-16,98094,20.18395061728395,118
0.2,4860,10,98104,20.18185558527052,90
0.2,4861,-23,98081,20.17297408473879,126
0.2,4862,-55,98026,20.15751593666461,157
0.2,4863,81,98107,20.17002467105263,19
0.2,4864,33,98140,20.172661870503596,68
0.2,4865,95,98235,20.188039457459926,6
0.2,4866,34,98269,20.190877337168686,66
0.2,4867,37,98306,20.194330320460146,63
0.2,4868,-4,98302,20.189361265146847,36
0.2,4869,32,98334,20.191786447638602,71
0.2,4870,58,98392,20.199548347361937,43
0.2,4871,-254,98138,20.14326765188834,295
0.2,4872,39,98177,20.14713728709214,61
0.2,4873,-244,97933,20.09294214197784,280
0.2,4874,51,97984,20.099282051282053,50
0.2,4875,22,98006,20.099671862182117,78
0.2,4876,30,98036,20.10170186590117,72
0.2,4877,94,98130,20.116851168511687,7
0.2,4878,2,98132,20.11313793810207,99
0.2,4879,80,98212,20.125409836065575,20
0.2,4880,-120,98092,20.096701495595166,153
0.2,4881,73,98165,20.10753789430561,28
0.2,4882,48,98213,20.113250051198033,54
0.2,4883,59,98272,20.12121212121212,41
0.2,4884,90,98362,20.135516888433983,11
0.2,4885,77,98439,20.147155137126482,23
0.2,4886,78,98517,20.158993247391038,22
0.2,4887,1,98518,20.155073649754502,100
0.2,4888,-49,98469,20.140928615258744,152
0.2,4889,52,98521,20.147443762781187,49
0.2,4890,83,98604,20.160294418319364,17
0.2,4891,60,98664,20.168438266557644,41
0.2,4892,-41,98623,20.15593705293276,143
0.2,4893,-52,98571,20.141193297915816,83
0.2,4894,75,98646,20.152400408580185,25
0.2,4895,87,98733,20.16605392156863,13
0.2,4896,-37,98696,20.15438023279559,140
0.2,4897,-102,98594,20.1294405879951,135
0.2,4898,93,98687,20.14431516636048,8
0.2,4899,85,98772,20.157551020408164,15
0.2,4900,86,98858,20.17098551316058,14
0.2,4901,-193,98665,20.12749898000816,298
0.2,4902,9,98674,20.12522945135631,93
0.2,4903,65,98739,20.134380097879284,35
0.2,4904,87,98826,20.1480122324159,13
0.2,4905,-64,98762,20.130860171218917,96
0.2,4906,-12,98750,20.12431220705115,112
0.2,4907,-88,98662,20.102281988590057,121
0.2,4908,95,98757,20.11753921368914,6
0.2,4909,33,98790,20.120162932790222,67
0.2,4910,75,98865,20.131337813072694,29
0.2,4911,94,98959,20.14637622149837,7
0.2,4912,93,99052,20.16120496641563,7
0.2,4913,46,99098,20.166463166463167,55
0.2,4914,-13,99085,20.15971515768057,115
0.2,4915,81,99166,20.172091131000812,20
0.2,4916,84,99250,20.185072198495018,17
0.2,4917,-357,98893,20.108377389182596,320
0.2,4918,90,98983,20.12258589144135,10
0.2,4919,90,99073,20.13678861788618,11
0.2,4920,-11,99062,20.130461288356024,115
0.2,4921,2,99064,20.126777732629012,100
0.2,4922,-75,98989,20.107454803981312,180
0.2,4923,56,99045,20.114744110479286,44
0.2,4924,-3,99042,20.11005076142132,104
0.2,4925,82,99124,20.122614697523346,18
0.2,4926,59,99183,20.130505378526486,42
0.2,4927,-197,98986,20.086444805194805,229
0.2,4928,-23,98963,20.07770338811118,125
0.2,4929,45,99008,20.082758620689656,56
0.2,4930,54,99062,20.089636990468463,48
0.2,4931,-126,98936,20.06001622060016,237
0.2,4932,91,99027,20.074396918710725,10
0.2,4933,54,99081,20.08127280097284,46
0.2,4934,69,99150,20.091185410334347,32
0.2,4935,-22,99128,20.08265802269044,54
0.2,4936,29,99157,20.084464249544258,71
0.2,4937,-44,99113,20.071486431753748,146
0.2,4938,38,99151,20.075116420328,63
0.2,4939,-44,99107,20.062145748987856,157
0.2,4940,68,99175,20.07184780408824,33
0.2,4941,50,99225,20.077903682719548,51
0.2,4942,50,99275,20.083957111066155,50
0.2,4943,25,99300,20.08495145631068,76
0.2,4944,-35,99265,20.073811931243682,136
0.2,4945,-35,99230,20.062676910634856,68
0.2,4946,93,99323,20.077420658985243,8
0.2,4947,77,99400,20.088924818108328,23
0.2,4948,42,99442,20.093352192362094,60
0.2,4949,81,99523,20.105656565656567,19
0.2,4950,14,99537,20.104423348818422,18
0.2,4951,73,99610,20.115105008077546,28
0.2,4952,84,99694,20.128003230365437,16
0.2,4953,-41,99653,20.115664109810254,75
0.2,4954,17,99670,20.115035317860748,85
0.2,4955,-25,99645,20.10593220338983,56
0.2,4956,72,99717,20.116401049021587,29
0.2,4957,37,99754,20.119806373537717,63
0.2,4958,-38,99716,20.10808630772333,140
0.2,4959,-30,99686,20.09798387096774,62
0.2,4960,73,99759,20.108647450110865,27
0.2,4961,-150,99609,20.074365175332527,261
0.2,4962,86,99695,20.087648599637316,15
0.2,4963,22,99717,20.088033843674456,10
0.2,4964,50,99767,20.094058408862033,50
0.2,4965,-45,99722,20.080950463149417,148
0.2,4966,45,99767,20.08596738473928,64
0.2,4967,-146,99621,20.05253623188406,249
0.2,4968,-5,99616,20.04749446568726,107
0.2,4969,80,99696,20.059557344064388,20
0.2,4970,-35,99661,20.04848119090726,137
0.2,4971,65,99726,20.057522123893804,35
0.2,4972,2,99728,20.053891011461893,98
0.2,4973,93,99821,20.06855649376759,8
0.2,4974,89,99910,20.082412060301507,11
0.2,4975,51,99961,20.08862540192926,49
0.2,4976,68,100029,20.098251959011453,32
0.2,4977,91,100120,20.112494977902774,9
0.2,4978,68,100188,20.1221128740711,32
0.2,4979,3,100191,20.118674698795182,98
0.2,4980,67,100258,20.128086729572374,33
0.2,4981,83,100341,20.140706543556803,18
0.2,4982,64,100405,20.149508328316276,37
0.2,4983,53,100458,20.15609951845907,48
0.2,4984,-239,100219,20.104112337011035,348
0.2,4985,9,100228,20.101885278780586,92
0.2,4986,94,100322,20.11670342891518,6
0.2,4987,32,100354,20.119085805934244,76
0.2,4988,-10,100344,20.11304870715574,138
0.2,4989,56,100400,20.120240480961925,45
0.2,4990,84,100484,20.133039471047887,16
0.2,4991,-5,100479,20.128004807692307,108
0.2,4992,90,100569,20.141998798317644,11
0.2,4993,43,100612,20.146575891069283,58
0.2,4994,-13,100599,20.13993993993994,47
0.2,4995,-109,100490,20.114091273018413,140
0.2,4996,56,100546,20.121272763658194,91
0.2,4997,58,100604,20.128851540616246,42
0.2,4998,-49,100555,20.11502300460092,152
0.2,4999,55,100610,20.122,46
0.2,5000,-14,100596,20.115176964607077,118
0.2,5001,11,100607,20.113354658136746,21
0.2,5002,92,100699,20.127723365980412,8
0.2,5003,6,100705,20.12490007993605,94
0.2,5004,93,100798,20.13946053946054,7
0.2,5005,70,100868,20.1494206951658,31
0.2,5006,66,100934,20.158577990812862,34
0.2,5007,93,101027,20.17312300319489,8
0.2,5008,61,101088,20.181273707326813,39
0.2,5009,29,101117,20.18303393213573,72
0.2,5010,89,101206,20.196767112352823,12
0.2,5011,89,101295,20.21049481245012,11
0.2,5012,86,101381,20.22361859166168,14
0.2,5013,87,101468,20.236936577582767,13
0.2,5014,92,101560,20.25124626121635,14
0.2,5015,10,101570,20.24920255183413,90
0.2,5016,49,101619,20.254933227028104,52
0.2,5017,88,101707,20.26843363889996,13
0.2,5018,57,101764,20.275752141860927,43
0.2,5019,31,101795,20.27788844621514,71
0.2,5020,90,101885,20.291774546903007,11
0.2,5021,53,101938,20.298287534846676,48
0.2,5022,24,101962,20.299024487358153,8
0.2,5023,-48,101914,20.285429936305732,154
0.2,5024,40,101954,20.289353233830845,60
0.2,5025,77,102031,20.300636689216077,24
0.2,5026,89,102120,20.31430276506863,11
0.2,5027,63,102183,20.322792362768496,39
0.2,5028,76,102259,20.333863591171205,24
0.2,5029,-128,102131,20.30437375745527,160
0.2,5030,41,102172,20.30848737825482,60
0.2,5031,76,102248,20.319554848966614,24
0.2,5032,88,102336,20.333002185575204,12
0.2,5033,-101,102235,20.308899483512118,210
0.2,5034,52,102287,20.31519364448858,48
0.2,5035,-99,102188,20.291501191421762,204
0.2,5036,94,102282,20.30613460393091,6
0.2,5037,6,102288,20.303294958316794,25
0.2,5038,-1,102287,20.299067275253027,102
0.2,5039,61,102348,20.307142857142857,41
0.2,5040,94,102442,20.321761555246976,6
0.2,5041,89,102531,20.335382784609283,12
0.2,5042,25,102556,20.336307753321435,75
0.2,5043,61,102617,20.344369547977795,39
0.2,5044,-20,102597,20.33637264618434,123
0.2,5045,-148,102449,20.30301228695997,184
0.2,5046,-110,102339,20.27719437289479,142
0.2,5047,12,102351,20.27555467511886,20
0.2,5048,45,102396,20.28045157456922,55
0.2,5049,-17,102379,20.273069306930694,71
0.2,5050,67,102446,20.282320332607405,34
0.2,5051,88,102534,20.295724465558195,13
0.2,5052,46,102580,20.30081139916881,54
0.2,5053,92,102672,20.314998021369213,9
0.2,5054,79,102751,20.326607319485657,22
0.2,5055,-131,102620,20.296677215189874,232
0.2,5056,84,102704,20.309274273284554,16
0.2,5057,93,102797,20.323645709766705,8
0.2,5058,87,102884,20.336825459576993,13
0.2,5059,7,102891,20.334189723320158,93
0.2,5060,44,102935,20.338865836791147,56
0.2,5061,76,103011,20.34986171473726,25
0.2,5062,61,103072,20.357890578708275,40
0.2,5063,62,103134,20.36611374407583,38
0.2,5064,80,103214,20.377887462981242,21
0.2,5065,-25,103189,20.368930122384523,125
0.2,5066,59,103248,20.376554174067497,42
0.2,5067,26,103274,20.377663772691395,77
0.2,5068,8,103282,20.37522193726573,95
0.2,5069,76,103358,20.3861932938856,25
0.2,5070,-29,103329,20.376454348254782,130
0.2,5071,70,103399,20.386238170347003,30
0.2,5072,89,103488,20.399763453577766,11
0.2,5073,76,103564,20.410721324398896,25
0.2,5074,50,103614,20.416551724137932,50
0.2,5075,-20,103594,20.408589440504333,121
0.2,5076,95,103689,20.423281465432343,6
0.2,5077,93,103782,20.437573847971642,7
0.2,5078,69,103851,20.447135262847016,32
0.2,5079,40,103891,20.450984251968503,61
0.2,5080,61,103952,20.458964770714427,40
0.2,5081,92,104044,20.473042109405746,8
0.2,5082,-243,103801,20.421207948062168,207
0.2,5083,92,103893,20.435287175452398,9
0.2,5084,80,103973,20.44700098328417,20
0.2,5085,77,104050,20.458120330318522,23
0.2,5086,-36,104014,20.447021820326324,138
0.2,5087,88,104102,20.460298742138363,12
0.2,5088,80,104182,20.471998427981923,21
0.2,5089,78,104260,20.483300589390964,23
0.2,5090,49,104309,20.488901983893143,54
0.2,5091,56,104365,20.4958758837392,45
0.2,5092,62,104427,20.504025132534853,38
0.2,5093,77,104504,20.515115822536316,24
0.2,5094,95,104599,20.5297350343474,6
0.2,5095,91,104690,20.543563579277865,10
0.2,5096,-65,104625,20.526780459093583,172
0.2,5097,52,104677,20.532954099646922,49
0.2,5098,60,104737,20.54069425377525,40
0.2,5099,-19,104718,20.532941176470587,122
0.2,5100,87,104805,20.545971378161145,27
0.2,5101,71,104876,20.555860446883575,29
0.2,5102,70,104946,20.565549676660787,31
0.2,5103,7,104953,20.56289184952978,94
0.2,5104,88,105041,20.576101860920666,12
0.2,5105,-204,104837,20.532119075597336,238
0.2,5106,-261,104576,20.476992363422752,225
0.2,5107,84,104660,20.4894283476899,17
0.2,5108,-59,104601,20.473869641808573,162
0.2,5109,67,104668,20.482974559686888,34
0.2,5110,-47,104621,20.469771081980042,150
0.2,5111,-87,104534,20.448748043818465,122
0.2,5112,86,104620,20.461568550752983,15
0.2,5113,9,104629,20.459327336722723,22
0.2,5114,14,104643,20.45806451612903,87
0.2,5115,52,104695,20.46422986708366,49
0.2,5116,72,104767,20.474301348446357,28
0.2,5117,50,104817,20.480070339976553,50
0.2,5118,-9,104808,20.474311388943153,112
0.2,5119,91,104899,20.4880859375,10
0.2,5120,7,104906,20.485452060144503,98
0.2,5121,76,104982,20.49629051151894,25
0.2,5122,-94,104888,20.47394105016592,197
0.2,5123,83,104971,20.48614363778298,18
0.2,5124,24,104995,20.486829268292684,77
0.2,5125,52,105047,20.492976980101442,49
0.2,5126,17,105064,20.49229568948703,86
0.2,5127,75,105139,20.50292511700468,25
0.2,5128,91,105230,20.516669916162996,9
0.2,5129,-54,105176,20.50214424951267,156
0.2,5130,13,105189,20.500682128240108,18
0.2,5131,94,105283,20.515003897116134,10
0.2,5132,63,105346,20.523280732515097,38
0.2,5133,79,105425,20.534670821971172,22
0.2,5134,-15,105410,20.527750730282374,138
0.2,5135,76,105486,20.53855140186916,25
0.2,5136,76,105562,20.549347868405683,25
0.2,5137,18,105580,20.548851693265863,14
0.2,5138,-13,105567,20.542323409223584,45
0.2,5139,-1,105566,20.538132295719844,102
0.2,5140,-19,105547,20.5304415483369,56
0.2,5141,39,105586,20.534033450019447,61
0.2,5142,-5,105581,20.529068636982306,36
0.2,5143,94,105675,20.543351477449455,7
0.2,5144,26,105701,20.5444120505345,6
0.2,5145,53,105754,20.550719005052468,47
0.2,5146,-93,105661,20.52865747037109,56
0.2,5147,39,105700,20.532245532245533,62
0.2,5148,18,105718,20.531753738590016,14
0.2,5149,60,105778,20.539417475728154,41
0.2,5150,-52,105726,20.52533488642982,152
0.2,5151,72,105798,20.535326086956523,28
0.2,5152,11,105809,20.53347564525519,89
0.2,5153,-147,105662,20.500970120294916,266
0.2,5154,81,105743,20.51270611057226,20
0.2,5155,71,105814,20.522498060512024,29
0.2,5156,-115,105699,20.496218731820825,218
0.2,5157,74,105773,20.50659170221016,27
0.2,5158,10,105783,20.504555146346192,90
0.2,5159,18,105801,20.50406976744186,89
0.2,5160,-1,105800,20.499903119550474,103
0.2,5161,45,105845,20.504649360712904,57
0.2,5162,-48,105797,20.49138098005036,79
0.2,5163,94,105891,20.505615801704106,7
0.2,5164,-36,105855,20.494675701839302,139
0.2,5165,-167,105688,20.45838172667441,201
0.2,5166,77,105765,20.469324559705825,24
0.2,5167,49,105814,20.47484520123839,52
0.2,5168,62,105876,20.482878699941963,39
0.2,5169,73,105949,20.493036750483558,28
0.2,5170,46,105995,20.497969444981628,56
0.2,5171,52,106047,20.504060324825986,48
0.2,5172,67,106114,20.5130485211676,34
0.2,5173,86,106200,20.525705450328566,15
0.2,5174,-28,106172,20.51632850241546,148
0.2,5175,95,106267,20.530718701700156,6
0.2,5176,73,106340,20.540853776318333,28
0.2,5177,-53,106287,20.52665121668598,90
0.2,5178,67,106354,20.535624637960996,33
0.2,5179,10,106364,20.533590733590735,91
0.2,5180,-48,106316,20.52036286431191,82
0.2,5181,-25,106291,20.51157854110382,57
0.2,5182,71,106362,20.521319699016015,30
0.2,5183,40,106402,20.525077160493826,60
0.2,5184,90,106492,20.538476374156218,10
0.2,5185,14,106506,20.537215580408795,87
0.2,5186,79,106585,20.54848660111818,22
0.2,5187,64,106649,20.55686198920586,37
0.2,5188,75,106724,20.567354018115243,25
0.2,5189,-383,106341,20.489595375722544,440
0.2,5190,41,106382,20.493546522827973,59
0.2,5191,75,106457,20.50404468412943,25
0.2,5192,91,106548,20.517619872905836,9
0.2,5193,60,106608,20.525221409318444,41
0.2,5194,-100,106508,20.502021174205968,201
0.2,5195,51,106559,20.507890685142417,50
0.2,5196,86,106645,20.52049259187993,14
0.2,5197,52,106697,20.52654867256637,48
0.2,5198,80,106777,20.537988074629737,21
0.2,5199,18,106795,20.5375,82
0.2,5200,82,106877,20.54931743895405,19
0.2,5201,3,106880,20.545943867743176,99
0.2,5202,63,106943,20.55410340188353,37
0.2,5203,64,107007,20.562451960030746,37
0.2,5204,13,107020,20.560999039385205,87
0.2,5205,-12,107008,20.554744525547445,114
0.2,5206,83,107091,20.56673708469368,17
0.2,5207,77,107168,20.577572964669738,23
0.2,5208,94,107262,20.591668266461895,6
0.2,5209,-19,107243,20.584069097888676,119
0.2,5210,-445,106798,20.49472270197659,343
0.2,5211,37,106835,20.497889485801995,66
0.2,5212,47,106882,20.502973335891042,54
0.2,5213,-7,106875,20.497698504027618,107
0.2,5214,-20,106855,20.48993288590604,121
0.2,5215,-262,106593,20.4357745398773,305
0.2,5216,81,106674,20.44738355376653,20
0.2,5217,-136,106538,20.417401303181297,170
0.2,5218,81,106619,20.429009388771796,26
0.2,5219,45,106664,20.433716475095785,56
0.2,5220,-257,106407,20.380578433250335,359
0.2,5221,57,106464,20.387590961317503,44
0.2,5222,72,106536,20.39747271682941,28
0.2,5223,89,106625,20.41060490045942,12
0.2,5224,0,106625,20.406698564593302,101
0.2,5225,44,106669,20.41121316494451,56
0.2,5226,-221,106448,20.36502774057777,257
0.2,5227,30,106478,20.366870696250956,72
0.2,5228,-34,106444,20.35647351310002,137
0.2,5229,-17,106427,20.349330783938814,117
0.2,5230,36,106463,20.352322691645956,64
0.2,5231,63,106526,20.36047400611621,37
0.2,5232,82,106608,20.372253009745844,18
0.2,5233,84,106692,20.38440962934658,16
0.2,5234,-3,106689,20.379942693409742,105
0.2,5235,51,106740,20.385790679908325,50
0.2,5236,-41,106699,20.374069123544015,79
0.2,5237,49,106748,20.379534173348606,60
0.2,5238,88,106836,20.39244130559267,12
0.2,5239,-39,106797,20.381106870229008,70
0.2,5240,63,106860,20.38923869490555,38
0.2,5241,74,106934,20.399465852727968,27
0.2,5242,64,106998,20.40778180431051,36
0.2,5243,88,107086,20.420671243325707,13
0.2,5244,51,107137,20.42650142993327,50
0.2,5245,91,107228,20.439954250857795,9
0.2,5246,82,107310,20.451686678101773,24
0.2,5247,-20,107290,20.443978658536587,120
0.2,5248,-24,107266,20.43551152600495,124
0.2,5249,3,107269,20.432190476190478,97
0.2,5250,48,107317,20.437440487526185,52
0.2,5251,-15,107302,20.43069306930693,47
0.2,5252,-477,106825,20.335998477060727,441
0.2,5253,-120,106705,20.309288161400836,155
0.2,5254,62,106767,20.317221693625118,38
0.2,5255,-1,106766,20.31316590563166,103
0.2,5256,-34,106732,20.302834316149895,67
0.2,5257,-64,106668,20.286801065043743,96
0.2,5258,-36,106632,20.276098117512834,136
0.2,5259,92,106724,20.289733840304184,8
0.2,5260,46,106770,20.294620794525756,54
0.2,5261,-29,106741,20.285252755606233,130
0.2,5262,-239,106502,20.23598707961239,272
0.2,5263,78,106580,20.246960486322187,23
0.2,5264,-90,106490,20.226020892687558,191
0.2,5265,-2,106488,20.221800227876948,34
0.2,5266,58,106546,20.22897284981963,45
0.2,5267,86,106632,20.24145785876993,15
0.2,5268,21,106653,20.241601821977603,80
0.2,5269,60,106713,20.249146110056927,40
0.2,5270,-176,106537,20.21191424777082,141
0.2,5271,47,106584,20.216995447647953,54
0.2,5272,78,106662,20.227953726531386,23
0.2,5273,93,106755,20.24175199089875,8
0.2,5274,9,106764,20.23962085308057,93
0.2,5275,13,106777,20.2382486732373,90
0.2,5276,35,106812,20.241046048891416,65
0.2,5277,-21,106791,20.233232284956422,54
0.2,5278,80,106871,20.244553892782726,20
0.2,5279,-121,106750,20.21780303030303,156
0.2,5280,-48,106702,20.204885438363945,79
0.2,5281,84,106786,20.216963271488073,17
0.2,5282,11,106797,20.215218625780807,90
0.2,5283,81,106878,20.22672218016654,19
0.2,5284,-2,106876,20.222516556291392,102
0.2,5285,34,106910,20.225122966326143,67
0.2,5286,61,106971,20.23283525628901,40
0.2,5287,85,107056,20.245083207261725,15
0.2,5288,-201,106855,20.203252032520325,168
0.2,5289,67,106922,20.21209829867675,34
0.2,5290,49,106971,20.21753921753922,54
0.2,5291,37,107008,20.22071050642479,64
0.2,5292,74,107082,20.230870961647458,27
0.2,5293,88,107170,20.24367208160181,13
0.2,5294,67,107237,20.252502360717656,33
0.2,5295,36,107273,20.25547583081571,66
0.2,5296,48,107321,20.260713611478195,52
0.2,5297,65,107386,20.269158172895434,36
0.2,5298,88,107474,20.28193998867711,12
0.2,5299,56,107530,20.288679245283017,44
0.2,5300,57,107587,20.29560460290511,44
0.2,5301,91,107678,20.308940022632967,9
0.2,5302,-127,107551,20.281161606637752,159
0.2,5303,86,107637,20.293552036199095,14
0.2,5304,83,107720,20.305372290292176,17
0.2,5305,17,107737,20.304749340369394,14
0.2,5306,52,107789,20.31072168833616,48
0.2,5307,36,107825,20.31367746797287,66
0.2,5308,77,107902,20.324354869090225,24
0.2,5309,-63,107839,20.308662900188324,166
0.2,5310,-6,107833,20.303709282620975,38
0.2,5311,53,107886,20.309864457831324,48
0.2,5312,31,107917,20.311876529267835,70
0.2,5313,78,107995,20.322732404968008,22
0.2,5314,61,108056,20.33038570084666,40
0.2,5315,76,108132,20.340857787810382,25
0.2,5316,62,108194,20.348692871920257,39
0.2,5317,55,108249,20.35520872508462,47
0.2,5318,64,108313,20.363414175596915,37
0.2,5319,50,108363,20.368984962406014,51
0.2,5320,-33,108330,20.358955083630896,137
0.2,5321,61,108391,20.366591506952272,40
0.2,5322,91,108482,20.379860980650008,9
0.2,5323,88,108570,20.392561983471076,13
0.2,5324,63,108633,20.40056338028169,37
0.2,5325,18,108651,20.40011265490049,83
0.2,5326,75,108726,20.41036230523747,25
0.2,5327,76,108802,20.420795795795797,25
0.2,5328,94,108896,20.434603115030963,7
0.2,5329,59,108955,20.441838649155724,41
0.2,5330,71,109026,20.45132245357344,29
0.2,5331,55,109081,20.45780195048762,46
0.2,5332,-43,109038,20.44590286892931,74
0.2,5333,86,109124,20.45819272590926,14
0.2,5334,74,109198,20.468228678537958,27
0.2,5335,29,109227,20.469827586206897,72
0.2,5336,41,109268,20.47367434888514,61
0.2,5337,67,109335,20.482390408392657,34
0.2,5338,45,109380,20.48698258100768,56
0.2,5339,75,109455,20.497191011235955,26
0.2,5340,51,109506,20.502902078262498,49
0.2,5341,34,109540,20.505428678397603,66
0.2,5342,58,109598,20.512446191278308,43
0.2,5343,-196,109402,20.47193113772455,297
0.2,5344,-73,109329,20.45444340505145,175
0.2,5345,16,109345,20.4536101758324,85
0.2,5346,11,109356,20.45184215447915,90
0.2,5347,49,109405,20.457180254300674,52
0.2,5348,68,109473,20.466068424004487,33
0.2,5349,49,109522,20.47140186915888,52
0.2,5350,29,109551,20.472995701737993,72
0.2,5351,-7,109544,20.467862481315397,108
0.2,5352,20,109564,20.46777507939473,80
0.2,5353,38,109602,20.471049682480388,62
0.2,5354,-144,109458,20.44033613445378,181
0.2,5355,80,109538,20.45145631067961,21
0.2,5356,63,109601,20.459398917304462,37
0.2,5357,-57,109544,20.44494214259052,107
0.2,5358,90,109634,20.457921253965292,10
0.2,5359,2,109636,20.4544776119403,100
0.2,5360,76,109712,20.46483864950569,25
0.2,5361,75,109787,20.475009324878776,26
0.2,5362,-25,109762,20.466529927279506,127
0.2,5363,-43,109719,20.45469798657718,143
0.2,5364,-40,109679,20.443429636533086,142
0.2,5365,68,109747,20.45229221021245,32
0.2,5366,-38,109709,20.44140115520775,141
0.2,5367,-24,109685,20.43312220566319,124
0.2,5368,39,109724,20.43658036878376,62
0.2,5369,81,109805,20.44785847299814,20
0.2,5370,0,109805,20.444051387078755,32
0.2,5371,45,109850,20.448622486969473,56
0.2,5372,90,109940,20.461567094732924,11
0.2,5373,79,110019,20.472459992556754,21
0.2,5374,-14,110005,20.46604651162791,114
0.2,5375,90,110095,20.478980654761905,10
0.2,5376,21,110116,20.47907755253859,82
0.2,5377,-7,110109,20.473968017850503,39
0.2,5378,18,110127,20.47350808700502,83
0.2,5379,57,110184,20.480297397769515,50
0.2,5380,34,110218,20.482809886638172,74
0.2,5381,8,110226,20.480490523968786,34
0.2,5382,69,110295,20.489503994055358,32
0.2,5383,-81,110214,20.47065378900446,184
0.2,5384,75,110289,20.480779944289694,26
0.2,5385,84,110373,20.49257333828444,16
0.2,5386,-43,110330,20.480787080007424,75
0.2,5387,-173,110157,20.444877505567927,275
0.2,5388,91,110248,20.457969938764148,9
0.2,5389,76,110324,20.468274582560298,25
0.2,5390,86,110410,20.48043034687442,14
0.2,5391,-1,110409,20.47644658753709,102
0.2,5392,-33,110376,20.466530687928795,137
0.2,5393,65,110441,20.474786800148312,36
0.2,5394,89,110530,20.48748841519926,11
0.2,5395,-142,110388,20.457375833951076,243
0.2,5396,27,110415,20.4585881045025,74
0.2,5397,67,110482,20.467210077806595,34
0.2,5398,52,110534,20.47305056491943,51
0.2,5399,79,110613,20.483888888888888,21
0.2,5400,-92,110521,20.46306239585262,196
0.2,5401,67,110588,20.471677156608663,34
0.2,5402,82,110670,20.48306496390894,18
0.2,5403,89,110759,20.495743893412286,11
0.2,5404,70,110829,20.504902867715078,31
0.2,5405,16,110845,20.504069552349243,86
0.2,5406,-45,110800,20.491954873312373,149
0.2,5407,55,110855,20.49833579881657,46
0.2,5408,76,110931,20.50859678313921,25
0.2,5409,-84,110847,20.489279112754158,116
0.2,5410,76,110923,20.49953797819257,24
0.2,5411,90,111013,20.512379896526237,11
0.2,5412,47,111060,20.51727323111029,53
0.2,5413,-6,111054,20.512375323236054,38
0.2,5414,74,111128,20.52225300092336,27
0.2,5415,-3,111125,20.51790989660266,103
0.2,5416,74,111199,20.527782905667344,27
0.2,5417,68,111267,20.536544850498338,32
0.2,5418,61,111328,20.544011810297103,41
0.2,5419,-9,111319,20.538560885608856,119
0.2,5420,-130,111189,20.510791366906474,233
0.2,5421,92,111281,20.523976392475102,8
0.2,5422,56,111337,20.530518163378204,44
0.2,5423,-4,111333,20.525995575221238,106
0.2,5424,87,111420,20.53824884792627,13
0.2,5425,94,111514,20.55178768890527,7
0.2,5426,90,111604,20.564584484982493,10
0.2,5427,-8,111596,20.559322033898304,48
0.2,5428,64,111660,20.567323632344817,37
0.2,5429,70,111730,20.576427255985266,30
0.2,5430,80,111810,20.587368808690847,21
0.2,5431,-64,111746,20.57179675994109,28
0.2,5432,-1,111745,20.56782624700902,32
0.2,5433,16,111761,20.566985645933013,86
0.2,5434,3,111764,20.563753449862006,29
0.2,5435,45,111809,20.568248712288447,55
0.2,5436,-87,111722,20.54846422659555,224
0.2,5437,85,111807,20.56031629275469,16
0.2,5438,76,111883,20.570509284794998,24
0.2,5439,-16,111867,20.56378676470588,47
0.2,5440,73,111940,20.573424002940637,28
0.2,5441,73,112013,20.583057699375228,27
0.2,5442,93,112106,20.596362300202095,7
0.2,5443,-23,112083,20.588354151359294,125
0.2,5444,30,112113,20.5900826446281,71
0.2,5445,-60,112053,20.575284612559678,91
0.2,5446,73,112126,20.5849091242886,28
0.2,5447,13,112139,20.583516886930983,19
0.2,5448,69,112208,20.592402275646908,32
0.2,5449,-113,112095,20.56788990825688,149
0.2,5450,66,112161,20.576224545954872,34
0.2,5451,86,112247,20.588224504768892,14
0.2,5452,93,112340,20.601503759398497,8
0.2,5453,-96,112244,20.58012467913458,196
0.2,5454,37,112281,20.58313473877177,63
0.2,5455,40,112321,20.586693548387096,60
0.2,5456,-13,112308,20.580538757559097,45
0.2,5457,65,112373,20.588677171124953,36
0.2,5458,18,112391,20.58820296757648,83
0.2,5459,93,112484,20.601465201465203,7
0.2,5460,57,112541,20.608130379051456,43
0.2,5461,56,112597,20.61461003295496,45
0.2,5462,-44,112553,20.60278235401794,76
0.2,5463,34,112587,20.605234260614935,68
0.2,5464,84,112671,20.616834400731932,17
0.2,5465,85,112756,20.628613245517744,15
0.2,5466,45,112801,20.633071154197914,57
0.2,5467,59,112860,20.640087783467447,43
0.2,5468,14,112874,20.63887365149022,86
0.2,5469,84,112958,20.650457038391224,16
0.2,5470,54,113012,20.65655273259002,47
0.2,5471,-50,112962,20.64364035087719,83
0.2,5472,74,113036,20.65338936597844,27
0.2,5473,84,113120,20.664961636828643,16
0.2,5474,40,113160,20.66849315068493,61
0.2,5475,73,113233,20.678049671292914,27
0.2,5476,-8,113225,20.672813584078874,108
0.2,5477,-49,113176,20.660094925155168,151
0.2,5478,81,113257,20.671107866398977,19
0.2,5479,-25,113232,20.662773722627737,56
0.2,5480,62,113294,20.67031563583288,39
0.2,5481,-2,113292,20.666180226194818,103
0.2,5482,-21,113271,20.65858106875798,122
0.2,5483,-39,113232,20.64770240700219,142
0.2,5484,53,113285,20.653600729261623,50
0.2,5485,55,113340,20.65986146554867,45
0.2,5486,93,113433,20.673045379989066,8
0.2,5487,-92,113341,20.652514577259474,125
0.2,5488,25,113366,20.65330661322645,75
0.2,5489,94,113460,20.666666666666668,7
0.2,5490,10,113470,20.664724093971955,122
0.2,5491,-40,113430,20.653678077203203,142
0.2,5492,86,113516,20.66557436737666,14
0.2,5493,30,113546,20.667273389151802,70
0.2,5494,9,113555,20.665150136487718,91
0.2,5495,79,113634,20.675764192139738,22
0.2,5496,1,113635,20.67218482808805,30
0.2,5497,-30,113605,20.662968352128047,136
0.2,5498,-50,113555,20.65011820330969,152
0.2,5499,86,113641,20.662,14
0.2,5500,-95,113546,20.640974368296675,131
0.2,5501,27,113573,20.642130134496547,75
0.2,5502,78,113651,20.652553152825732,23
0.2,5503,93,113744,20.665697674418606,8
0.2,5504,-5,113739,20.661035422343325,107
0.2,5505,73,113812,20.670541227751542,28
0.2,5506,-79,113733,20.65244234610496,110
0.2,5507,42,113775,20.656318082788673,58
0.2,5508,3,113778,20.653113087674715,29
0.2,5509,-41,113737,20.641923774954627,76
0.2,5510,65,113802,20.64997278170931,36
0.2,5511,-26,113776,20.641509433962263,130
0.2,5512,-58,113718,20.627244694358787,162
0.2,5513,9,113727,20.625136017410227,22
0.2,5514,-71,113656,20.608522212148685,104
0.2,5515,69,113725,20.617295141406817,32
0.2,5516,-8,113717,20.6121080297263,108
0.2,5517,-177,113540,20.576295759333092,209
0.2,5518,63,113603,20.58398260554448,37
0.2,5519,52,113655,20.589673913043477,48
0.2,5520,19,113674,20.58938598080058,95
0.2,5521,62,113736,20.59688518652662,39
0.2,5522,76,113812,20.606916530870905,25
0.2,5523,-17,113795,20.600108616944244,50
0.2,5524,5,113800,20.597285067873305,98
0.2,5525,74,113874,20.606948968512487,27
0.2,5526,-42,113832,20.595621494481637,145
0.2,5527,78,113910,20.60600578871201,23
0.2,5528,-12,113898,20.60010851871948,114
0.2,5529,-65,113833,20.584629294755878,101
0.2,5530,54,113887,20.590670764780327,48
0.2,5531,-53,113834,20.577368040491685,157
0.2,5532,81,113915,20.588288451111513,19
0.2,5533,58,113973,20.595048789302492,43
0.2,5534,-201,113772,20.555013550135502,306
0.2,5535,60,113832,20.5621387283237,41
0.2,5536,83,113915,20.57341520679068,18
0.2,5537,-109,113806,20.55001805706031,143
0.2,5538,87,113893,20.562014804116266,13
0.2,5539,23,113916,20.56245487364621,78
0.2,5540,45,113961,20.56686518678939,57
0.2,5541,-23,113938,20.559003969686035,129
0.2,5542,88,114026,20.571170846112214,12
0.2,5543,-2,114024,20.567099567099568,104
0.2,5544,60,114084,20.574211000901713,40
0.2,5545,84,114168,20.585647313379013,16
0.2,5546,21,114189,20.585722011898323,79
0.2,5547,24,114213,20.58633741888969,77
0.2,5548,-3,114210,20.582086862497746,106
0.2,5549,87,114297,20.594054054054055,13
0.2,5550,-59,114238,20.579715366600613,91
0.2,5551,-25,114213,20.571505763688762,127
0.2,5552,55,114268,20.577705744642536,46
0.2,5553,-55,114213,20.564097947425278,88
0.2,5554,89,114302,20.576417641764177,12
0.2,5555,65,114367,20.584413246940244,36
0.2,5556,91,114458,20.59708475796293,10
0.2,5557,68,114526,20.605613530046778,33
0.2,5558,16,114542,20.604785033279367,93
0.2,5559,87,114629,20.616726618705037,13
0.2,5560,41,114670,20.620392015824493,59
0.2,5561,94,114764,20.63358504135203,6
0.2,5562,93,114857,20.646593564623405,8
0.2,5563,-46,114811,20.634615384615383,149
0.2,5564,45,114856,20.638993710691825,56
0.2,5565,88,114944,20.65109593963349,13
0.2,5566,62,115006,20.658523441710077,39
0.2,5567,82,115088,20.669540229885058,18
0.2,5568,31,115119,20.67139522355899,70
0.2,5569,86,115205,20.683123877917414,15
0.2,5570,3,115208,20.67994973972357,98
0.2,5571,-46,115162,20.667982770997845,152
0.2,5572,17,115179,20.667324600753634,14
0.2,5573,23,115202,20.667743092931467,79
0.2,5574,16,115218,20.666905829596413,84
0.2,5575,50,115268,20.672166427546628,61
0.2,5576,72,115340,20.681369912139143,28
0.2,5577,-24,115316,20.67335962710649,56
0.2,5578,71,115387,20.682380354902314,32
0.2,5579,95,115482,20.695698924731182,6
0.2,5580,89,115571,20.70793764558323,11
0.2,5581,92,115663,20.720709423145827,8
0.2,5582,87,115750,20.732581049614904,13
0.2,5583,36,115786,20.735315186246417,65
0.2,5584,89,115875,20.747538048343777,12
0.2,5585,73,115948,20.75689223057644,27
0.2,5586,-46,115902,20.744943619115805,147
0.2,5587,58,115960,20.75161059413028,42
0.2,5588,-70,115890,20.735373054213635,102
0.2,5589,-3,115887,20.73112701252236,104
0.2,5590,58,115945,20.737792881416564,43
0.2,5591,92,116037,20.750536480686694,8
0.2,5592,-1,116036,20.746647595208294,33
0.2,5593,14,116050,20.745441544511976,90
0.2,5594,71,116121,20.754423592493296,36
0.2,5595,63,116184,20.761972837741244,38
0.2,5596,-13,116171,20.755940682508488,115
0.2,5597,-10,116161,20.750446588067167,42
0.2,5598,65,116226,20.758349705304518,37
0.2,5599,39,116265,20.761607142857144,62
0.2,5600,68,116333,20.770041064095697,32
0.2,5601,76,116409,20.779900035701534,24
0.2,5602,47,116456,20.78457968945208,54
0.2,5603,70,116526,20.79336188436831,30
0.2,5604,45,116571,20.797680642283677,58
0.2,5605,-24,116547,20.789689618266145,55
0.2,5606,-65,116482,20.77438915641163,97
0.2,5607,73,116555,20.783701854493582,27
0.2,5608,82,116637,20.794615796042077,18
0.2,5609,-1,116636,20.79073083778966,114
0.2,5610,79,116715,20.80110497237569,22
0.2,5611,48,116763,20.805951532430505,53
0.2,5612,-41,116722,20.794940317120968,73
0.2,5613,-65,116657,20.779657997862486,96
0.2,5614,54,116711,20.785574354407835,52
0.2,5615,50,116761,20.790776353276353,51
0.2,5616,94,116855,20.803809862916147,7
0.2,5617,82,116937,20.814702741189034,19
0.2,5618,70,117007,20.823456130984162,31
0.2,5619,24,117031,20.824021352313167,7
0.2,5620,58,117089,20.83063511830635,42
0.2,5621,-192,116897,20.792778370686587,293
0.2,5622,63,116960,20.80028454561622,37
0.2,5623,64,117024,20.807965860597438,37
0.2,5624,87,117111,20.819733333333332,13
0.2,5625,72,117183,20.828830430145754,28
0.2,5626,91,117274,20.841300870801494,9
0.2,5627,67,117341,20.84950248756219,34
0.2,5628,-45,117296,20.83780422810446,147
0.2,5629,87,117383,20.84955595026643,13
0.2,5630,-64,117319,20.83448765760966,98
0.2,5631,88,117407,20.846413352272727,12
0.2,5632,-2,117405,20.842357535948874,103
0.2,5633,87,117492,20.854100106496272,13
0.2,5634,52,117544,20.859627329192545,48
0.2,5635,51,117595,20.86497515968772,50
0.2,5636,-81,117514,20.84690438176335,114
0.2,5637,78,117592,20.85704150407946,22
0.2,5638,81,117673,20.867707040255365,20
0.2,5639,57,117730,20.874113475177303,44
0.2,5640,43,117773,20.878035809253678,57
0.2,5641,80,117853,20.888514711095358,20
0.2,5642,72,117925,20.897572213361688,28
0.2,5643,37,117962,20.9004252303331,64
0.2,5644,-12,117950,20.894596988485386,43
0.2,5645,92,118042,20.907190931633014,9
0.2,5646,47,118089,20.91181158137064,53
0.2,5647,86,118175,20.92333569405099,15
0.2,5648,82,118257,20.934147636749866,18
0.2,5649,93,118350,20.946902654867255,8
0.2,5650,78,118428,20.956998761281188,23
0.2,5651,32,118460,20.958952583156403,68
0.2,5652,25,118485,20.9596674332213,76
0.2,5653,64,118549,20.967279801910152,37
0.2,5654,-42,118507,20.956145004420865,74
0.2,5655,-200,118307,20.917079207920793,164
0.2,5656,-61,118246,20.902598550468447,93
0.2,5657,-42,118204,20.891481088723932,143
0.2,5658,47,118251,20.896094716380986,53
0.2,5659,48,118299,20.90088339222615,54
0.2,5660,12,118311,20.899311075781664,19
0.2,5661,37,118348,20.90215471564818,64
0.2,5662,39,118387,20.905350520925303,61
0.2,5663,82,118469,20.916137005649716,18
0.2,5664,25,118494,20.916857899382173,6
0.2,5665,-377,118117,20.846629015178255,342
0.2,5666,-22,118095,20.83906829010058,58
0.2,5667,10,118105,20.837155963302752,93
0.2,5668,-163,117942,20.804727465161402,197
0.2,5669,73,118015,20.81393298059965,27
0.2,5670,13,118028,20.812555104919767,88
0.2,5671,-240,117788,20.76657263751763,273
0.2,5672,75,117863,20.776132557729596,26
0.2,5673,69,117932,20.78463165315474,31
0.2,5674,16,117948,20.783788546255508,16
0.2,5675,47,117995,20.788407329105002,55
0.2,5676,75,118070,20.797956667253832,26
0.2,5677,-70,118000,20.7819654808031,172
0.2,5678,80,118080,20.79239302694136,20
0.2,5679,-24,118056,20.78450704225352,126
0.2,5680,0,118056,20.780848442175675,103
0.2,5681,0,118056,20.777191129883843,102
0.2,5682,8,118064,20.774942811895126,92
0.2,5683,28,118092,20.7762139338494,72
0.2,5684,85,118177,20.787510993843448,20
0.2,5685,89,118266,20.799507562434048,11
0.2,5686,-52,118214,20.78670652365043,84
0.2,5687,12,118226,20.785161744022503,90
0.2,5688,-61,118165,20.77078572684127,96
0.2,5689,-130,118035,20.744288224956062,232
0.2,5690,25,118060,20.74503602178879,76
0.2,5691,-165,117895,20.712403373155304,199
0.2,5692,61,117956,20.71948006323555,40
0.2,5693,39,117995,20.722690551457674,70
0.2,5694,88,118083,20.734503950834064,12
0.2,5695,79,118162,20.744733146067414,22
0.2,5696,31,118193,20.74653326312094,72
0.2,5697,94,118287,20.75938925938926,6
0.2,5698,41,118328,20.76294086681874,61
0.2,5699,93,118421,20.77561403508772,7
0.2,5700,6,118427,20.773022276793544,95
0.2,5701,25,118452,20.773763591722204,77
0.2,5702,80,118532,20.784148693669998,21
0.2,5703,-3,118529,20.77997896213184,105
0.2,5704,94,118623,20.792813321647678,6
0.2,5705,30,118653,20.7944269190326,71
0.2,5706,79,118732,20.804625898019975,21
0.2,5707,90,118822,20.816748423265594,10
0.2,5708,47,118869,20.82133473462953,53
0.2,5709,83,118952,20.832224168126096,18
0.2,5710,-226,118726,20.78900367711434,193
0.2,5711,84,118810,20.800070028011206,16
0.2,5712,60,118870,20.806931559600912,41
0.2,5713,16,118886,20.806090304515227,86
0.2,5714,3,118889,20.80297462817148,97
0.2,5715,54,118943,20.808782365290412,46
0.2,5716,76,119019,20.818436242784678,24
0.2,5717,32,119051,20.820391745365512,69
0.2,5718,32,119083,20.82234656408463,70
0.2,5719,-11,119072,20.816783216783218,112
0.2,5720,83,119155,20.827652508302744,17
0.2,5721,51,119206,20.832925550506815,50
0.2,5722,94,119300,20.845710291805,6
0.2,5723,73,119373,20.85482180293501,27
0.2,5724,48,119421,20.859563318777294,54
0.2,5725,37,119458,20.862382116660847,74
0.2,5726,85,119543,20.87358128164833,16
0.2,5727,70,119613,20.88215782122905,30
0.2,5728,-89,119524,20.86297783208239,191
0.2,5729,43,119567,20.866841186736476,58
0.2,5730,51,119618,20.872099110102948,51
0.2,5731,76,119694,20.881716678297277,25
0.2,5732,-72,119622,20.86551543694401,104
0.2,5733,3,119625,20.862399720962678,101
0.2,5734,4,119629,20.85945945945946,96
0.2,5735,-32,119597,20.850244072524408,136
0.2,5736,29,119626,20.851664633083494,72
0.2,5737,-221,119405,20.80951551063088,252
0.2,5738,22,119427,20.809722948248822,97
0.2,5739,72,119499,20.81864111498258,28
0.2,5740,22,119521,20.818846890785576,79
0.2,5741,-96,119425,20.798502264019504,132
0.2,5742,68,119493,20.806721225840153,32
0.2,5743,71,119564,20.815459610027855,30
0.2,5744,-92,119472,20.795822454308095,123
0.2,5745,56,119528,20.801949182039678,47
0.2,5746,48,119576,20.806681746998432,52
0.2,5747,71,119647,20.815414057063325,30
0.2,5748,-102,119545,20.79405113932858,136
0.2,5749,-87,119458,20.775304347826086,190
0.2,5750,-33,119425,20.765953747174404,145
0.2,5751,19,119444,20.76564673157163,13
0.2,5752,-3,119441,20.761515730922998,106
0.2,5753,67,119508,20.769551616266945,33
0.2,5754,31,119539,20.771329278887922,72
0.2,5755,77,119616,20.781097984711604,23
0.2,5756,95,119711,20.79398992530832,6
0.2,5757,82,119793,20.80461965960403,18
0.2,5758,90,119883,20.816634832436186,10
0.2,5759,-136,119747,20.78940972222222,247
0.2,5760,33,119780,20.791529248394376,67
0.2,5761,40,119820,20.794862894828185,61
0.2,5762,43,119863,20.798715946555614,58
0.2,5763,-106,119757,20.77671755725191,208
0.2,5764,-221,119536,20.734778837814396,186
0.2,5765,66,119602,20.74262920568852,34
0.2,5766,95,119697,20.755505462112016,6
0.2,5767,78,119775,20.765429958391124,23
0.2,5768,92,119867,20.77777777777778,8
0.2,5769,15,119882,20.77677642980936,86
0.2,5770,72,119954,20.785652399930687,28
0.2,5771,91,120045,20.79781704781705,10
0.2,5772,-108,119937,20.77550666897627,212
0.2,5773,-191,119746,20.73882923449948,156
0.2,5774,-345,119401,20.675497835497836,309
0.2,5775,56,119457,20.6816135734072,46
0.2,5776,-48,119409,20.6697247706422,81
0.2,5777,2,119411,20.666493596400137,30
0.2,5778,69,119480,20.674857241737325,31
0.2,5779,94,119574,20.687543252595155,6
0.2,5780,63,119637,20.694862480539697,37
0.2,5781,21,119658,20.694915254237287,11
0.2,5782,80,119738,20.70517032681999,20
0.2,5783,29,119767,20.706604426002766,72
0.2,5784,88,119855,20.718236819360413,13
0.2,5785,66,119921,20.72606291047356,34
0.2,5786,56,119977,20.73215828581303,44
0.2,5787,18,119995,20.73168624740843,85
0.2,5788,-144,119851,20.70323026429435,247
0.2,5789,67,119918,20.711226252158895,46
0.2,5790,85,120003,20.72232774995683,15
0.2,5791,-180,119823,20.687672651933703,215
0.2,5792,47,119870,20.692214741929916,53
0.2,5793,94,119964,20.704867103900586,6
0.2,5794,8,119972,20.70267471958585,92
0.2,5795,57,120029,20.708937198067634,44
0.2,5796,61,120090,20.71588752803174,40
0.2,5797,8,120098,20.713694377371507,93
0.2,5798,2,120100,20.71046732195206,99
0.2,5799,68,120168,20.71862068965517,33
0.2,5800,84,120252,20.729529391484228,16
0.2,5801,15,120267,20.728541882109617,86
0.2,5802,-51,120216,20.71618128554196,154
0.2,5803,33,120249,20.71829772570641,68
0.2,5804,76,120325,20.727820844099913,24
0.2,5805,-58,120267,20.71426110919738,158
0.2,5806,-122,120145,20.689684863096264,85
0.2,5807,-146,119999,20.660984848484848,248
0.2,5808,46,120045,20.66534687553796,56
0.2,5809,87,120132,20.676764199655764,14
0.2,5810,-82,120050,20.659094820168647,115
0.2,5811,13,120063,20.657777013076394,87
0.2,5812,95,120158,20.670565972819542,6
0.2,5813,84,120242,20.681458548331612,17
0.2,5814,-13,120229,20.67566638005159,45
0.2,5815,83,120312,20.686382393397523,18
0.2,5816,73,120385,20.695375623173458,27
0.2,5817,95,120480,20.7081471295978,6
0.2,5818,68,120548,20.716274273930228,33
0.2,5819,81,120629,20.7266323024055,19
0.2,5820,-63,120566,20.712248754509535,172
0.2,5821,35,120601,20.714702851253865,65
0.2,5822,89,120690,20.726429675425038,11
0.2,5823,37,120727,20.7292239010989,64
0.2,5824,-47,120680,20.717596566523603,150
0.2,5825,-43,120637,20.70665980089255,75
0.2,5826,77,120714,20.71632057662605,23
0.2,5827,73,120787,20.725291695264243,28
0.2,5828,43,120830,20.729113055412594,90
0.2,5829,-234,120596,20.685420240137223,265
0.2,5830,-125,120471,20.660435602812555,158
0.2,5831,-5,120466,20.656035665294926,36
0.2,5832,84,120550,20.666895251157207,17
0.2,5833,14,120564,20.665752485430236,86
0.2,5834,77,120641,20.67540702656384,23
0.2,5835,-89,120552,20.656614119259768,193
0.2,5836,49,120601,20.661469933184854,51
0.2,5837,-37,120564,20.65159301130524,70
0.2,5838,-116,120448,20.628189758520296,219
0.2,5839,-40,120408,20.617808219178084,142
0.2,5840,-17,120391,20.61136791645266,118
0.2,5841,88,120479,20.622903115371447,13
0.2,5842,95,120574,20.63563238062639,6
0.2,5843,53,120627,20.6411704312115,48
0.2,5844,-58,120569,20.62771599657827,160
0.2,5845,73,120642,20.63667464933288,28
0.2,5846,88,120730,20.64819565589191,12
0.2,5847,40,120770,20.651504787961695,60
0.2,5848,60,120830,20.658232176440418,41
0.2,5849,70,120900,20.666666666666668,30
0.2,5850,94,120994,20.679200136728763,7
0.2,5851,-63,120931,20.664900888585098,95
0.2,5852,-88,120843,20.64633521271143,188
0.2,5853,71,120914,20.654936795353603,29
0.2,5854,-294,120620,20.60119555935098,401
0.2,5855,81,120701,20.61150956284153,19
0.2,5856,93,120794,20.623868874850608,8
0.2,5857,64,120858,20.631273472174804,37
0.2,5858,-51,120807,20.61904761904762,152
0.2,5859,90,120897,20.630887372013653,10
0.2,5860,38,120935,20.633850878689643,63
0.2,5861,66,121001,20.64158990105766,34
0.2,5862,24,121025,20.64216271533345,76
0.2,5863,57,121082,20.648362892223737,43
0.2,5864,56,121138,20.654390451832906,45
0.2,5865,64,121202,20.661779747698603,37
0.2,5866,83,121285,20.672404976989945,17
0.2,5867,88,121373,20.683878663940014,12
0.2,5868,77,121450,20.693474186403137,24
0.2,5869,-39,121411,20.683304940374786,144
0.2,5870,15,121426,20.682336910236756,86
0.2,5871,-9,121417,20.677282016348773,113
0.2,5872,-422,120995,20.601907032181167,318
0.2,5873,37,121032,20.604698672114402,64
0.2,5874,93,121125,20.617021276595743,7
0.2,5875,73,121198,20.625936010891763,27
0.2,5876,18,121216,20.625489195167603,85
0.2,5877,75,121291,20.634739707383464,26
0.2,5878,60,121351,20.64143561830243,41
0.2,5879,-43,121308,20.63061224489796,76
0.2,5880,80,121388,20.64070736269342,21
0.2,5881,-42,121346,20.63005780346821,142
0.2,5882,41,121387,20.633520312765597,59
0.2,5883,-51,121336,20.621346023113528,83
0.2,5884,93,121429,20.633644859813085,7
0.2,5885,-98,121331,20.613489636425417,132
0.2,5886,48,121379,20.618141668082217,54
0.2,5887,90,121469,20.62992527173913,10
0.2,5888,-82,121387,20.61249787739854,115
0.2,5889,-99,121288,20.592190152801358,203
0.2,5890,2,121290,20.58903411984383,29
0.2,5891,72,121362,20.59775967413442,29
0.2,5892,-73,121289,20.581876802986596,176
0.2,5893,56,121345,20.58788598574822,45
0.2,5894,77,121422,20.597455470737913,23
0.2,5895,-72,121350,20.581750339213027,173
0.2,5896,-100,121250,20.561302357130746,207
0.2,5897,-16,121234,20.555103424889793,47
0.2,5898,-174,121060,20.522122393626038,286
0.2,5899,70,121130,20.530508474576273,30
0.2,5900,88,121218,20.541942043721402,12
0.2,5901,55,121273,20.54778041341918,45
0.2,5902,57,121330,20.55395561578858,43
0.2,5903,61,121391,20.56080623306233,40
0.2,5904,43,121434,20.564606265876375,60
0.2,5905,31,121465,20.566373179817134,70
0.2,5906,47,121512,20.570848146267142,53
0.2,5907,79,121591,20.58073798239675,21
0.2,5908,57,121648,20.586901336943644,43
0.2,5909,92,121740,20.598984771573605,8
0.2,5910,-20,121720,20.592116393165284,124
0.2,5911,-106,121614,20.570703653585927,206
0.2,5912,21,121635,20.570776255707763,81
0.2,5913,-88,121547,20.552417991207303,120
0.2,5914,2,121549,20.549281487743027,99
0.2,5915,-61,121488,20.53549695740365,164
0.2,5916,54,121542,20.5411526111205,48
0.2,5917,92,121634,20.553227441703278,9
0.2,5918,76,121710,20.562595032944753,25
0.2,5919,-34,121676,20.55337837837838,135
0.2,5920,91,121767,20.565276135787872,9
0.2,5921,-31,121736,20.556568726781492,134
0.2,5922,79,121815,20.56643592773932,22
0.2,5923,-48,121767,20.554861580013505,80
0.2,5924,16,121783,20.55409282700422,16
0.2,5925,-117,121666,20.5308808639892,149
0.2,5926,86,121752,20.54192677577189,14
0.2,5927,15,121767,20.54099190283401,85
0.2,5928,-23,121744,20.533648170011805,126
0.2,5929,56,121800,20.539629005059023,45
0.2,5930,86,121886,20.55066599224414,14
0.2,5931,62,121948,20.557653405259607,39
0.2,5932,-45,121903,20.546603741783247,76
0.2,5933,-188,121715,20.511459386585777,221
0.2,5934,-190,121525,20.475989890480204,226
0.2,5935,73,121598,20.484838274932613,27
0.2,5936,4,121602,20.482061647296614,101
0.2,5937,35,121637,20.484506567867967,65
0.2,5938,57,121694,20.490654992422968,43
0.2,5939,24,121718,20.49124579124579,78
0.2,5940,-57,121661,20.478202322841273,89
0.2,5941,55,121716,20.484012117132277,46
0.2,5942,93,121809,20.496214033316505,8
0.2,5943,47,121856,20.500672947510093,55
0.2,5944,60,121916,20.507317073170732,40
0.2,5945,1,121917,20.504036326942483,110
0.2,5946,80,121997,20.514040692786278,21
0.2,5947,-3,121994,20.510087424344317,106
0.2,5948,5,121999,20.50748024878131,95
0.2,5949,82,122081,20.51781512605042,18
0.2,5950,-37,122044,20.50814989077466,139
0.2,5951,66,122110,20.515793010752688,35
0.2,5952,75,122185,20.52494540567781,26
0.2,5953,10,122195,20.523177695666778,91
0.2,5954,25,122220,20.523929471032744,76
0.2,5955,-280,121940,20.473472128945602,410
0.2,5956,-275,121665,20.42387107604499,309
0.2,5957,-69,121596,20.40886203423968,171
0.2,5958,90,121686,20.420540359120658,11
0.2,5959,-162,121524,20.389932885906042,293
0.2,5960,88,121612,20.4012749538668,12
0.2,5961,53,121665,20.406742703790673,48
0.2,5962,92,121757,20.418748951869865,9
0.2,5963,-47,121710,20.407444668008047,150
0.2,5964,80,121790,20.417435037720033,20
0.2,5965,-24,121766,20.40998994301039,125
0.2,5966,20,121786,20.409921233450646,82
0.2,5967,83,121869,20.420408847184987,18
0.2,5968,-78,121791,20.40392025464902,112
0.2,5969,53,121844,20.409380234505864,67
0.2,5970,62,121906,20.41634567074192,39
0.2,5971,-144,121762,20.388814467515072,245
0.2,5972,-42,121720,20.378369328645572,143
0.2,5973,63,121783,20.38550385001674,38
0.2,5974,78,121861,20.395146443514644,22
0.2,5975,-13,121848,20.389558232931726,115
0.2,5976,26,121874,20.39049690480174,82
0.2,5977,-31,121843,20.381900301104046,69
0.2,5978,-29,121814,20.373641077103194,134
0.2,5979,-2,121812,20.369899665551838,102
0.2,5980,86,121898,20.38087276375188,15
0.2,5981,63,121961,20.38799732530926,37
0.2,5982,41,122002,20.39144242019054,59
0.2,5983,-85,121917,20.373830213903744,185
0.2,5984,22,121939,20.37410192147034,10
0.2,5985,78,122017,20.3837287003007,22
0.2,5986,92,122109,20.39569066310339,8
0.2,5987,67,122176,20.403473613894455,33
0.2,5988,23,122199,20.40390716313241,79
0.2,5989,61,122260,20.41068447412354,39
0.2,5990,70,122330,20.418961775997328,31
0.2,5991,92,122422,20.43090787716956,9
0.2,5992,-14,122408,20.425162689804772,116
0.2,5993,88,122496,20.436436436436438,13
0.2,5994,39,122535,20.4395329441201,62
0.2,5995,57,122592,20.445630420280185,44
0.2,5996,66,122658,20.453226613306654,35
0.2,5997,67,122725,20.460986995665223,34
0.2,5998,2,122727,20.457909651608603,98
0.2,5999,75,122802,20.467,25
0.2,6000,2,122804,20.46392267955341,99
0.2,6001,75,122879,20.473008997001,26
0.2,6002,-34,122845,20.463934699317008,66
0.2,6003,5,122850,20.461359093937375,95
0.2,6004,82,122932,20.471606994171523,19
0.2,6005,-18,122914,20.465201465201464,119
0.2,6006,83,122997,20.475611786249377,18
0.2,6007,-23,122974,20.468375499334222,55
0.2,6008,64,123038,20.475619903478115,37
0.2,6009,60,123098,20.482196339434275,40
0.2,6010,-21,123077,20.47529529196473,125
0.2,6011,-14,123063,20.469560878243513,46
0.2,6012,-119,122944,20.44636620655247,151
0.2,6013,89,123033,20.457765214499503,11
0.2,6014,74,123107,20.466666666666665,27
0.2,6015,-40,123067,20.45661569148936,140
0.2,6016,84,123151,20.467176333721124,16
0.2,6017,-41,123110,20.456962445995348,146
0.2,6018,95,123205,20.469347067619207,6
0.2,6019,-24,123181,20.461960132890365,126
0.2,6020,-44,123137,20.451253944527487,79
0.2,6021,84,123221,20.46180670873464,17
0.2,6022,-43,123178,20.451270131163874,76
0.2,6023,-318,122860,20.395086321381143,281
0.2,6024,89,122949,20.406473029045642,12
0.2,6025,63,123012,20.41354132094258,37
0.2,6026,0,123012,20.41015430562469,100
0.2,6027,54,123066,20.415726609157264,46
0.2,6028,-3,123063,20.411842759993366,117
0.2,6029,34,123097,20.414096185737975,68
0.2,6030,77,123174,20.423478693417344,24
0.2,6031,90,123264,20.43501326259947,10
0.2,6032,88,123352,20.446212497928062,12
0.2,6033,56,123408,20.452104739807755,44
0.2,6034,32,123440,20.454018227009115,70
0.2,6035,74,123514,20.46288933068257,26
0.2,6036,90,123604,20.474407818452875,10
0.2,6037,82,123686,20.484597548857238,19
0.2,6038,-28,123658,20.47656896837225,128
0.2,6039,-41,123617,20.46639072847682,143
0.2,6040,89,123706,20.47773547425923,11
0.2,6041,32,123738,20.479642502482623,70
0.2,6042,30,123768,20.48121793811021,70
0.2,6043,69,123837,20.48924553275976,32
0.2,6044,82,123919,20.499421009098427,19
0.2,6045,-34,123885,20.490406880582203,134
0.2,6046,-44,123841,20.479742020836778,145
0.2,6047,92,123933,20.49156746031746,9
0.2,6048,25,123958,20.49231277897173,78
0.2,6049,-84,123874,20.47504132231405,186
0.2,6050,-23,123851,20.46785655263593,57
0.2,6051,48,123899,20.472405816259087,52
0.2,6052,-122,123777,20.44886832975384,224
0.2,6053,67,123844,20.456557647836142,35
0.2,6054,74,123918,20.465400495458297,26
0.2,6055,28,123946,20.46664464993395,73
0.2,6056,70,124016,20.47482251939904,30
0.2,6057,-410,123606,20.403763618355892,324
0.2,6058,-52,123554,20.391813830665125,87
0.2,6059,77,123631,20.40115511551155,24
0.2,6060,72,123703,20.40966837155585,28
0.2,6061,93,123796,20.421643022104917,7
0.2,6062,86,123882,20.432459178624445,14
0.2,6063,-16,123866,20.426451187335093,117
0.2,6064,87,123953,20.43742786479802,14
0.2,6065,6,123959,20.43504780745137,25
0.2,6066,51,124010,20.440085709576397,49
0.2,6067,-159,123851,20.410514172709295,265
0.2,6068,62,123913,20.41736694677871,48
0.2,6069,-14,123899,20.41169686985173,143
0.2,6070,6,123905,20.409323011036072,94
0.2,6071,53,123958,20.414690382081687,47
0.2,6072,78,124036,20.42417256710028,23
0.2,6073,79,124115,20.433816266052023,21
0.2,6074,89,124204,20.445102880658435,11
0.2,6075,-293,123911,20.39351547070441,400
0.2,6076,60,123971,20.40003291097581,40
0.2,6077,38,124009,20.402928594932543,63
0.2,6078,90,124099,20.41437736469814,11
0.2,6079,84,124183,20.42483552631579,16
0.2,6080,79,124262,20.43446801512909,21
0.2,6081,56,124318,20.440315685629727,44
0.2,6082,9,124327,20.43843498273878,24
0.2,6083,26,124353,20.439349112426036,74
0.2,6084,-124,124229,20.415612161051765,227
0.2,6085,-78,124151,20.399441340782122,181
0.2,6086,73,124224,20.408082799408575,28
0.2,6087,95,124319,20.420335085413928,6
0.2,6088,-13,124306,20.41484644440795,119
0.2,6089,79,124385,20.424466338259442,21
0.2,6090,-92,124293,20.40600886553932,56
0.2,6091,37,124330,20.408732764281023,64
0.2,6092,-96,124234,20.389627441326112,59
0.2,6093,7,124241,20.387430259271415,116
0.2,6094,54,124295,20.392945036915503,54
0.2,6095,69,124364,20.400918635170605,31
0.2,6096,54,124418,20.40642939150402,46
0.2,6097,55,124473,20.41210232863234,46
0.2,6098,87,124560,20.42302016724053,14
0.2,6099,94,124654,20.435081967213115,6
0.2,6100,70,124724,20.443206031798066,31
0.2,6101,13,124737,20.44198623402163,38
0.2,6102,70,124807,20.450106504997542,31
0.2,6103,-27,124780,20.442332896461338,59
0.2,6104,80,124860,20.452088452088454,21
0.2,6105,-201,124659,20.41582050442188,233
0.2,6106,77,124736,20.425085966923202,23
0.2,6107,83,124819,20.435330713817944,18
0.2,6108,37,124856,20.43804223277132,64
0.2,6109,-31,124825,20.42962356792144,64
0.2,6110,79,124904,20.439207985599737,21
0.2,6111,-72,124832,20.42408376963351,104
0.2,6112,62,124894,20.43088499918207,38
0.2,6113,69,124963,20.438828917239125,32
0.2,6114,47,125010,20.443172526574,58
0.2,6115,31,125041,20.444898626553304,70
0.2,6116,6,125047,20.442537191433708,97
0.2,6117,53,125100,20.44785877737823,48
0.2,6118,-55,125045,20.435528681157052,158
0.2,6119,72,125117,20.443954248366012,28
0.2,6120,-28,125089,20.436039862767522,128
0.2,6121,69,125158,20.443972557987586,32
0.2,6122,-175,124983,20.412052915237627,210
0.2,6123,70,125053,20.42015022860875,30
0.2,6124,80,125133,20.429877551020407,20
0.2,6125,6,125139,20.427522037218413,97
0.2,6126,80,125219,20.43724498123062,20
0.2,6127,-3,125216,20.433420365535248,34
0.2,6128,94,125310,20.445423396965246,7
0.2,6129,62,125372,20.452202283849918,38
0.2,6130,51,125423,20.457184798564672,55
0.2,6131,-76,125347,20.441454664057403,108
0.2,6132,52,125399,20.44660035871515,49
0.2,6133,51,125450,20.451581349853278,50
0.2,6134,58,125508,20.457701711491442,42
0.2,6135,94,125602,20.46968709256845,7
0.2,6136,92,125694,20.481342675574385,9
0.2,6137,13,125707,20.480123818833498,90
0.2,6138,88,125795,20.491122332627462,13
0.2,6139,68,125863,20.49885993485342,32
0.2,6140,78,125941,20.508223416381696,22
0.2,6141,79,126020,20.517746662324974,21
0.2,6142,82,126102,20.527755168484454,18
0.2,6143,50,126152,20.532552083333332,50
0.2,6144,82,126234,20.542554922701385,19
0.2,6145,56,126290,20.548324113244387,46
0.2,6146,91,126381,20.559785261102977,10
0.2,6147,-23,126358,20.55270006506181,124
0.2,6148,78,126436,20.562042608554236,23
0.2,6149,79,126515,20.571544715447153,23
0.2,6150,84,126599,20.581856608681516,16
0.2,6151,-54,126545,20.569733420026008,85
0.2,6152,-227,126318,20.529497805948317,264
0.2,6153,25,126343,20.53022424439389,88
0.2,6154,78,126421,20.5395613322502,23
0.2,6155,-108,126313,20.518680961663417,146
0.2,6156,-134,126179,20.493584537924313,236
0.2,6157,41,126220,20.496914582656707,62
0.2,6158,87,126307,20.507712290956324,14
0.2,6159,-1,126306,20.50422077922078,101
0.2,6160,63,126369,20.511118324947248,37
0.2,6161,19,126388,20.510873093151574,83
0.2,6162,-25,126363,20.50348856076586,126
0.2,6163,92,126455,20.515087605451004,8
0.2,6164,92,126547,20.52668288726683,8
0.2,6165,49,126596,20.53130068115472,51
0.2,6166,86,126682,20.541916653153883,14
0.2,6167,39,126721,20.544909208819714,63
0.2,6168,-56,126665,20.532501215756202,158
0.2,6169,93,126758,20.544246353322528,8
0.2,6170,60,126818,20.55064009074704,40
0.2,6171,79,126897,20.560110174983798,22
0.2,6172,34,126931,20.562287380528105,68
0.2,6173,88,127019,20.573210236475543,12
0.2,6174,67,127086,20.58072874493927,34
0.2,6175,83,127169,20.590835492227978,17
0.2,6176,55,127224,20.596406022340943,46
0.2,6177,-63,127161,20.582874716736807,177
0.2,6178,-5,127156,20.578734423045802,39
0.2,6179,60,127216,20.585113268608414,41
0.2,6180,88,127304,20.596020061478725,12
0.2,6181,-20,127284,20.58945325137496,52
0.2,6182,85,127369,20.59987061297105,15
0.2,6183,47,127416,20.604139715394567,54
0.2,6184,87,127503,20.61487469684721,13
0.2,6185,-10,127493,20.609925638538634,113
0.2,6186,14,127507,20.608857281396478,102
0.2,6187,-28,127479,20.601001939237232,129
0.2,6188,66,127545,20.60833737275812,34
0.2,6189,-67,127478,20.594184168012923,172
0.2,6190,58,127536,20.60022613471168,42
0.2,6191,62,127598,20.606912144702843,38
0.2,6192,-30,127568,20.598740513482966,132
0.2,6193,-64,127504,20.585082337746208,165
0.2,6194,19,127523,20.584826472962067,81
0.2,6195,18,127541,20.584409296320207,83
0.2,6196,-16,127525,20.578505728578346,50
0.2,6197,-44,127481,20.568086479509518,149
0.2,6198,81,127562,20.577835134699146,20
0.2,6199,-29,127533,20.56983870967742,129
0.2,6200,87,127620,20.58055152394775,14
0.2,6201,47,127667,20.58481135117704,53
0.2,6202,-125,127542,20.56134128647429,233
0.2,6203,7,127549,20.55915538362347,94
0.2,6204,29,127578,20.56051571313457,71
0.2,6205,-199,127379,20.525136964228167,251
0.2,6206,56,127435,20.530852263573387,44
0.2,6207,79,127514,20.5402706185567,22
0.2,6208,84,127598,20.55049122241907,17
0.2,6209,53,127651,20.55571658615137,48
0.2,6210,47,127698,20.559974239252938,53
0.2,6211,25,127723,20.560688989053446,75
0.2,6212,49,127772,20.565266376951552,51
0.2,6213,83,127855,20.57531380753138,17
0.2,6214,68,127923,20.58294448913918,33
0.2,6215,16,127939,20.582207207207208,85
0.2,6216,76,128015,20.59112111951102,25
0.2,6217,30,128045,20.59263428755227,74
0.2,6218,21,128066,20.592699790963177,79
0.2,6219,20,128086,20.592604501607717,82
0.2,6220,71,128157,20.600707281787493,29
0.2,6221,68,128225,20.608325297332048,32
0.2,6222,89,128314,20.61931544271252,11
0.2,6223,32,128346,20.621143958868895,71
0.2,6224,79,128425,20.630522088353413,22
0.2,6225,-99,128326,20.6113074204947,133
0.2,6226,57,128383,20.617151116107276,44
0.2,6227,64,128447,20.62411689145793,38
0.2,6228,88,128535,20.63493337614384,12
0.2,6229,91,128626,20.646227929373996,9
0.2,6230,1,128627,20.643074947841438,99
0.2,6231,91,128718,20.65436456996149,9
0.2,6232,93,128811,20.66597144232312,8
0.2,6233,-3,128808,20.662175168431183,36
0.2,6234,49,128857,20.66672012830794,51
0.2,6235,44,128901,20.6704618345093,56
0.2,6236,-2,128899,20.666827000160332,104
0.2,6237,63,128962,20.67361333760821,38
0.2,6238,87,129049,20.68424426991505,14
0.2,6239,49,129098,20.68878205128205,52
0.2,6240,52,129150,20.693799070661754,48
0.2,6241,91,129241,20.705062479974366,10
0.2,6242,73,129314,20.713439051737947,27
0.2,6243,84,129398,20.72357463164638,17
0.2,6244,-97,129301,20.70472377902322,131
0.2,6245,-76,129225,20.68924111431316,179
0.2,6246,15,129240,20.688330398591322,86
0.2,6247,94,129334,20.700064020486554,6
0.2,6248,5,129339,20.69755160825732,26
0.2,6249,15,129354,20.69664,86
0.2,6250,89,129443,20.70756678931371,12
0.2,6251,39,129482,20.710492642354446,62
0.2,6252,-149,129333,20.683351991044297,249
0.2,6253,50,129383,20.688039654621043,50
0.2,6254,58,129441,20.69400479616307,43
0.2,6255,18,129459,20.693574168797955,85
0.2,6256,-68,129391,20.679399073038198,168
0.2,6257,66,129457,20.686641099392777,34
0.2,6258,2,129459,20.68365553602812,99
0.2,6259,61,129520,20.690095846645367,41
0.2,6260,-35,129485,20.681201086088485,67
0.2,6261,6,129491,20.678856595336953,26
0.2,6262,-6,129485,20.674596838575763,38
0.2,6263,15,129500,20.673690932311622,85
0.2,6264,32,129532,20.675498802873104,68
0.2,6265,95,129627,20.687360357484838,6
0.2,6266,-168,129459,20.65725227381522,200
0.2,6267,-14,129445,20.651723037651564,117
0.2,6268,-310,129135,20.598979103525284,345
0.2,6269,92,129227,20.6103668261563,8
0.2,6270,38,129265,20.61313985010365,64
0.2,6271,-10,129255,20.608258928571427,112
0.2,6272,-9,129246,20.603538976566238,112
0.2,6273,21,129267,20.603602167676122,79
0.2,6274,53,129320,20.608764940239045,48
0.2,6275,55,129375,20.614244741873804,45
0.2,6276,87,129462,20.624820774255216,14
0.2,6277,-11,129451,20.61978337050016,44
0.2,6278,88,129539,20.63051441312311,12
0.2,6279,69,129608,20.638216560509555,32
0.2,6280,-52,129556,20.626651807037096,155
0.2,6281,78,129634,20.635784781916588,28
0.2,6282,92,129726,20.64714308451377,8
0.2,6283,-138,129588,20.621896880967537,173
0.2,6284,86,129674,20.632299124900555,15
0.2,6285,-43,129631,20.62217626471524,145
0.2,6286,93,129724,20.63368856370288,8
0.2,6287,-126,129598,20.610368956743002,160
0.2,6288,-116,129482,20.58864684369534,227
0.2,6289,-184,129298,20.556120826709062,217
0.2,6290,77,129375,20.565092989985693,24
0.2,6291,32,129407,20.566910362364908,68
0.2,6292,93,129500,20.57842046718576,7
0.2,6293,14,129514,20.57737527804258,86
0.2,6294,-199,129315,20.54249404289118,233
0.2,6295,84,129399,20.552573062261754,17
0.2,6296,15,129414,20.55169128156265,88
0.2,6297,46,129460,20.55573197840584,55
0.2,6298,90,129550,20.566756628036195,10
0.2,6299,35,129585,20.56904761904762,66
0.2,6300,56,129641,20.57467068719251,46
0.2,6301,-171,129470,20.544271659790542,274
0.2,6302,17,129487,20.543709344756465,15
0.2,6303,69,129556,20.551395939086294,31
0.2,6304,40,129596,20.554480570975418,61
0.2,6305,15,129611,20.55359974627339,89
0.2,6306,84,129695,20.563659426034565,16
0.2,6307,50,129745,20.568325935320228,51
0.2,6308,-48,129697,20.557457600253606,86
0.2,6309,93,129790,20.5689381933439,7
0.2,6310,-41,129749,20.559182379971478,152
0.2,6311,90,129839,20.570183776932826,11
0.2,6312,45,129884,20.57405354031364,57
0.2,6313,48,129932,20.578397212543553,88
0.2,6314,60,129992,20.584639746634995,41
0.2,6315,-147,129845,20.55810639645345,223
0.2,6316,-123,129722,20.535380718695585,156
0.2,6317,-48,129674,20.524533080088634,150
0.2,6318,-59,129615,20.5119480930527,160
0.2,6319,86,129701,20.52231012658228,15
0.2,6320,66,129767,20.52950482518589,34
0.2,6321,37,129804,20.53211009174312,64
0.2,6322,87,129891,20.542622173019137,13
0.2,6323,53,129944,20.54775458570525,55
0.2,6324,74,130018,20.556205533596838,27
0.2,6325,94,130112,20.56781536515966,6
0.2,6326,-134,129978,20.543385490753913,243
0.2,6327,47,130025,20.547566371681416,55
0.2,6328,95,130120,20.55933006794122,6
0.2,6329,77,130197,20.568246445497632,23
0.2,6330,-145,130052,20.542094455852155,246
0.2,6331,17,130069,20.541535060012635,84
0.2,6332,62,130131,20.548081477972524,41
0.2,6333,13,130144,20.546889801073572,89
0.2,6334,14,130158,20.54585635359116,17
0.2,6335,48,130206,20.550189393939394,52
0.2,6336,59,130265,20.556256903897744,41
0.2,6337,61,130326,20.56263805616914,40
0.2,6338,73,130399,20.57091023820792,27
0.2,6339,92,130491,20.582176656151418,9
0.2,6340,24,130515,20.582715659990537,79
0.2,6341,57,130572,20.58845789971618,44
0.2,6342,-5,130567,20.58442377423932,37
0.2,6343,54,130621,20.58969104665826,47
0.2,6344,-9,130612,20.585027580772262,112
0.2,6345,87,130699,20.595493224078158,13
0.2,6346,53,130752,20.60059870805105,48
0.2,6347,89,130841,20.61137366099559,12
0.2,6348,5,130846,20.608914789730665,98
0.2,6349,-88,130758,20.591811023622046,122
0.2,6350,54,130812,20.597071327350022,46
0.2,6351,13,130825,20.595875314861463,87
0.2,6352,74,130899,20.604281441838502,26
0.2,6353,-9,130890,20.599622285174693,109
0.2,6354,15,130905,20.59874114870181,86
0.2,6355,38,130943,20.601478917558214,64
0.2,6356,55,130998,20.606890042472866,45
0.2,6357,47,131045,20.61104120792702,56
0.2,6358,47,131092,20.615191067777953,54
0.2,6359,88,131180,20.62578616352201,12
0.2,6360,-17,131163,20.619871089451344,118
0.2,6361,10,131173,20.618201823325997,22
0.2,6362,58,131231,20.624076693383625,43
0.2,6363,65,131296,20.631049654305468,36
0.2,6364,-253,131043,20.588059701492536,148
0.2,6365,-21,131022,20.58152686145146,54
0.2,6366,28,131050,20.582692005654152,74
0.2,6367,71,131121,20.590609296482413,30
0.2,6368,26,131147,20.59145862772806,76
0.2,6369,48,131195,20.59576138147567,53
0.2,6370,16,131211,20.595040025113796,84
0.2,6371,22,131233,20.59526051475204,80
0.2,6372,84,131317,20.605209477483132,17
0.2,6373,27,131344,20.606212739253216,74
0.2,6374,-175,131169,20.575529411764705,209
0.2,6375,78,131247,20.584535759096614,23
0.2,6376,56,131303,20.590089383722752,45
0.2,6377,-30,131273,20.582157416117905,141
0.2,6378,32,131305,20.583947327167266,68
0.2,6379,45,131350,20.587774294670847,55
0.2,6380,94,131444,20.599279109857388,7
0.2,6381,37,131481,20.60184895017236,64
0.2,6382,26,131507,20.602694657684474,74
0.2,6383,-76,131431,20.587562656641605,109
0.2,6384,88,131519,20.59812059514487,13
0.2,6385,10,131529,20.596461008455996,91
0.2,6386,-42,131487,20.586660403945515,74
0.2,6387,-18,131469,20.580619912335628,119
0.2,6388,73,131542,20.588824542181875,28
0.2,6389,-172,131370,20.558685446009388,209
0.2,6390,-53,131317,20.547175715850415,85
0.2,6391,-59,131258,20.534730913642054,160
0.2,6392,83,131341,20.544501798842482,18
0.2,6393,-127,131214,20.521426337191116,159
0.2,6394,29,131243,20.522752150117277,72
0.2,6395,81,131324,20.532207629768607,23
0.2,6396,-87,131237,20.515397842738786,119
0.2,6397,56,131293,20.520944045014065,45
0.2,6398,21,131314,20.521018909204564,81
0.2,6399,17,131331,20.52046875,88
0.2,6400,9,131340,20.518668957975315,23
0.2,6401,49,131389,20.523117775695095,53
0.2,6402,78,131467,20.532094330782446,22
0.2,6403,25,131492,20.532792004996878,75
0.2,6404,-339,131153,20.476658860265417,236
0.2,6405,58,131211,20.482516390883546,42
0.2,6406,92,131303,20.493678788824724,8
0.2,6407,-34,131269,20.485174781523096,136
0.2,6408,-64,131205,20.471992510532065,96
0.2,6409,-73,131132,20.457410296411858,105
0.2,6410,68,131200,20.4648260801747,33
0.2,6411,31,131231,20.46646912039925,69
0.2,6412,93,131324,20.47777951036956,7
0.2,6413,76,131400,20.48643592142189,24
0.2,6414,84,131484,20.496336710833983,17
0.2,6415,-29,131455,20.488622194513717,130
0.2,6416,60,131515,20.494779491974445,41
0.2,6417,-18,131497,20.48878155188532,49
0.2,6418,58,131555,20.49462533104845,43
0.2,6419,80,131635,20.503894080996886,20
0.2,6420,38,131673,20.50661890671235,72
0.2,6421,69,131742,20.51417004048583,32
0.2,6422,66,131808,20.521251751517983,34
0.2,6423,56,131864,20.526774595267746,45
0.2,6424,73,131937,20.534941634241246,27
0.2,6425,81,132018,20.54435107376284,20
0.2,6426,-36,131982,20.53555313521083,139
0.2,6427,95,132077,20.547137523335408,6
0.2,6428,-10,132067,20.542386063151344,114
0.2,6429,16,132083,20.541679626749612,15
0.2,6430,79,132162,20.550769709220962,22
0.2,6431,70,132232,20.558457711442784,31
0.2,6432,60,132292,20.56458883879994,54
0.2,6433,62,132354,20.571028908921356,38
0.2,6434,-13,132341,20.565811965811967,114
0.2,6435,-34,132307,20.55733374766936,135
0.2,6436,90,132397,20.56812179586764,11
0.2,6437,15,132412,20.5672569120845,85
0.2,6438,72,132484,20.575244603199256,28
0.2,6439,40,132524,20.578260869565216,61
0.2,6440,-66,132458,20.56481912746468,188
0.2,6441,19,132477,20.564576218565662,84
0.2,6442,-12,132465,20.55952196181903,43
0.2,6443,54,132519,20.564711359404097,46
0.2,6444,52,132571,20.569588828549264,49
0.2,6445,-181,132390,20.53831833695315,214
0.2,6446,-34,132356,20.52985884907709,146
0.2,6447,-65,132291,20.51659429280397,97
0.2,6448,17,132308,20.516048999844937,15
0.2,6449,44,132352,20.51968992248062,56
0.2,6450,35,132387,20.52193458378546,82
0.2,6451,55,132442,20.5272783632982,47
0.2,6452,28,132470,20.52843638617697,72
0.2,6453,69,132539,20.5359466997211,31
0.2,6454,41,132580,20.539116963594115,60
0.2,6455,83,132663,20.548791821561338,18
0.2,6456,80,132743,20.557999070775903,20
0.2,6457,90,132833,20.568751935583773,11
0.2,6458,65,132898,20.575630902616503,41
0.2,6459,94,132992,20.58699690402477,6
0.2,6460,-89,132903,20.570035598204612,122
0.2,6461,-71,132832,20.555865057257815,172
0.2,6462,4,132836,20.553303419464644,97
0.2,6463,-54,132782,20.541769801980198,86
0.2,6464,-127,132655,20.518948182521267,230
0.2,6465,27,132682,20.519950510361895,73
0.2,6466,29,132711,20.52126179062935,72
0.2,6467,-31,132680,20.513296227581943,133
0.2,6468,-88,132592,20.49652187355078,121
0.2,6469,86,132678,20.506646058732613,14
0.2,6470,94,132772,20.51800339978365,6
0.2,6471,-62,132710,20.505253399258343,165
0.2,6472,65,132775,20.512127298007105,36
0.2,6473,37,132812,20.51467408093914,64
0.2,6474,-13,132799,20.50949806949807,115
0.2,6475,-36,132763,20.50077208153181,67
0.2,6476,25,132788,20.501466728423654,76
0.2,6477,3,132791,20.49876505094165,97
0.2,6478,89,132880,20.509337860780985,11
0.2,6479,86,132966,20.519444444444446,15
0.2,6480,-12,132954,20.514426785989816,44
0.2,6481,88,133042,20.524838012958963,13
0.2,6482,-107,132935,20.50516736078976,209
0.2,6483,-69,132866,20.491363355953116,181
0.2,6484,66,132932,20.498380878951426,35
0.2,6485,82,133014,20.507863089731728,19
0.2,6486,-67,132947,20.49437336210883,172
0.2,6487,64,133011,20.50107891491985,36
0.2,6488,93,133104,20.512251502542764,8
0.2,6489,-156,132948,20.485053929121726,189
0.2,6490,9,132957,20.483284547835463,92
0.2,6491,51,133008,20.487985212569317,50
0.2,6492,81,133089,20.4973047897736,20
0.2,6493,81,133170,20.506621496766247,19
0.2,6494,69,133239,20.514087759815244,31
0.2,6495,12,133251,20.51277709359606,96
0.2,6496,46,133297,20.51670001539172,56
0.2,6497,67,133364,20.52385349338258,33
0.2,6498,75,133439,20.532235728573628,25
0.2,6499,-69,133370,20.518461538461537,169
0.2,6500,26,133396,20.51930472235041,76
0.2,6501,82,133478,20.5287603814211,18
0.2,6502,-176,133302,20.498539135783485,223
0.2,6503,-27,133275,20.491236162361623,131
0.2,6504,82,133357,20.500691775557264,19
0.2,6505,89,133446,20.51122041192745,12
0.2,6506,58,133504,20.51698171200246,44
0.2,6507,-29,133475,20.50937307928703,130
0.2,6508,68,133543,20.516669227223844,32
0.2,6509,-46,133497,20.506451612903227,151
0.2,6510,42,133539,20.509752726155735,59
0.2,6511,1,133540,20.506756756756758,31
0.2,6512,84,133624,20.516505450637187,16
0.2,6513,44,133668,20.52011053116365,56
0.2,6514,77,133745,20.528779739063697,23
0.2,6515,-150,133595,20.502608962553715,186
0.2,6516,48,133643,20.506828295227866,52
0.2,6517,80,133723,20.515955814667077,20
0.2,6518,-198,133525,20.482435956435037,234
0.2,6519,67,133592,20.48957055214724,34
0.2,6520,82,133674,20.499003220364976,18
0.2,6521,22,133696,20.499233363998773,80
0.2,6522,3,133699,20.496550666871073,100
0.2,6523,15,133714,20.49570815450644,87
0.2,6524,89,133803,20.506206896551724,11
0.2,6525,84,133887,20.51593625498008,16
0.2,6526,48,133935,20.520147081354374,55
0.2,6527,84,134019,20.529871323529413,16
0.2,6528,71,134090,20.537601470362997,30
0.2,6529,-2,134088,20.534150076569677,34
0.2,6530,50,134138,20.53866176695759,51
0.2,6531,-43,134095,20.52893447642376,74
0.2,6532,76,134171,20.53742537884586,24
0.2,6533,63,134234,20.543924089378635,38
0.2,6534,69,134303,20.551338944146902,32
0.2,6535,71,134374,20.559057527539778,30
0.2,6536,21,134395,20.559124980878078,81
0.2,6537,87,134482,20.569287243805444,13
0.2,6538,4,134486,20.566753326196665,98
0.2,6539,-60,134426,20.554434250764526,94
0.2,6540,60,134486,20.560464760739947,41
0.2,6541,41,134527,20.56358911647814,60
0.2,6542,80,134607,20.572673085740487,20
0.2,6543,28,134635,20.57380806845966,74
0.2,6544,69,134704,20.58120702826585,32
0.2,6545,85,134789,20.59104796822487,16
0.2,6546,78,134867,20.599816709943486,22
0.2,6547,8,134875,20.597892486255343,94
0.2,6548,65,134940,20.604672469079247,36
0.2,6549,-33,134907,20.59648854961832,137
0.2,6550,81,134988,20.605709052053122,19
0.2,6551,40,135028,20.60866910866911,63
0.2,6552,8,135036,20.606745002289028,95
0.2,6553,73,135109,20.614739090631677,27
0.2,6554,91,135200,20.625476735316553,10
0.2,6555,21,135221,20.625533862111045,80
0.2,6556,32,135253,20.627268567942657,71
0.2,6557,28,135281,20.628392802683745,85
0.2,6558,-232,135049,20.589876505564874,344
0.2,6559,-107,134942,20.570426829268293,139
0.2,6560,75,135017,20.57872275567749,25
0.2,6561,-114,134903,20.558213959158792,147
0.2,6562,-302,134601,20.509065975925644,340
0.2,6563,74,134675,20.517215112736135,27
0.2,6564,31,134706,20.518811881188117,69
0.2,6565,33,134739,20.52071276271703,68
0.2,6566,-16,134723,20.515151515151516,116
0.2,6567,2,134725,20.512332521315468,98
0.2,6568,70,134795,20.519866037448622,30
0.2,6569,92,134887,20.53074581430746,8
0.2,6570,73,134960,20.538730786790442,28
0.2,6571,-7,134953,20.534540474741327,109
0.2,6572,83,135036,20.54404381560931,18
0.2,6573,14,135050,20.543048372376028,87
0.2,6574,55,135105,20.54828897338403,45
0.2,6575,89,135194,20.558698296836983,11
0.2,6576,-248,134946,20.517865288125286,379
0.2,6577,50,134996,20.522347217999393,52
0.2,6578,39,135035,20.52515579875361,62
0.2,6579,95,135130,20.53647416413374,6
0.2,6580,55,135185,20.541710986172316,46
0.2,6581,-87,135098,20.52537222728654,121
0.2,6582,73,135171,20.533343460428377,27
0.2,6583,-36,135135,20.524756986634266,140
0.2,6584,-86,135049,20.5085801063022,190
0.2,6585,64,135113,20.515183723048892,36
0.2,6586,84,135197,20.524821618339153,17
0.2,6587,74,135271,20.5329386763813,27
0.2,6588,46,135317,20.536803763848837,54
0.2,6589,-11,135306,20.532018209408193,111
0.2,6590,12,135318,20.530723714155666,89
0.2,6591,60,135378,20.536711165048544,42
0.2,6592,85,135463,20.546488700136507,16
0.2,6593,19,135482,20.546254170457992,82
0.2,6594,74,135556,20.554359363153903,27
0.2,6595,95,135651,20.565645845967254,6
0.2,6596,93,135744,20.57662573897226,8
0.2,6597,66,135810,20.5835101545923,34
0.2,6598,-10,135800,20.578875587210185,111
0.2,6599,53,135853,20.583787878787877,48
0.2,6600,-201,135652,20.55021966368732,301
0.2,6601,88,135740,20.560436231445017,12
0.2,6602,-35,135705,20.552021808268968,137
0.2,6603,85,135790,20.561780738946094,15
0.2,6604,-18,135772,20.555942467827403,150
0.2,6605,83,135855,20.565395095367847,18
0.2,6606,90,135945,20.575904343877706,11
0.2,6607,90,136035,20.586410411622275,11
0.2,6608,91,136126,20.597064608866695,10
0.2,6609,-36,136090,20.588502269288956,137
0.2,6610,-88,136002,20.57207684162759,121
0.2,6611,72,136074,20.579854809437386,28
0.2,6612,-103,135971,20.56116739755028,68
0.2,6613,91,136062,20.571817357121258,9
0.2,6614,78,136140,20.58049886621315,23
0.2,6615,-148,135992,20.555018137847643,248
0.2,6616,90,136082,20.5655130723893,11
0.2,6617,94,136176,20.5766092475068,15
0.2,6618,92,136268,20.587399909351866,9
0.2,6619,80,136348,20.596374622356496,20
0.2,6620,9,136357,20.594623168705635,94
0.2,6621,26,136383,20.595439444276654,75
0.2,6622,-21,136362,20.589158991393628,53
0.2,6623,56,136418,20.594504830917874,46
0.2,6624,-51,136367,20.583698113207546,83
0.2,6625,79,136446,20.592514337458496,22
0.2,6626,-294,136152,20.545043005885017,328
0.2,6627,91,136243,20.555672902836452,10
0.2,6628,-9,136234,20.551214361140442,112
0.2,6629,81,136315,20.560331825037707,19
0.2,6630,57,136372,20.56582717538833,44
0.2,6631,27,136399,20.566797346200243,73
0.2,6632,75,136474,20.57500376903362,26
0.2,6633,52,136526,20.57974072957492,48
0.2,6634,-114,136412,20.5594574227581,146
0.2,6635,-162,136250,20.53194695599759,195
0.2,6636,-165,136085,20.503992767816786,270
0.2,6637,92,136177,20.5147634829768,8
0.2,6638,81,136258,20.523874077421297,19
0.2,6639,86,136344,20.533734939759036,15
0.2,6640,84,136428,20.54329167294082,16
0.2,6641,86,136514,20.553146642577538,14
0.2,6642,30,136544,20.554568718952282,73
0.2,6643,79,136623,20.563365442504516,21
0.2,6644,94,136717,20.57441685477803,6
0.2,6645,-469,136248,20.50075233222991,470
0.2,6646,70,136318,20.50819918760343,35
0.2,6647,19,136337,20.507972322503008,81
0.2,6648,-84,136253,20.492254474357047,116
0.2,6649,67,136320,20.499248120300752,34
0.2,6650,19,136339,20.49902270335288,89
0.2,6651,95,136434,20.51022248947685,6
0.2,6652,50,136484,20.514655042837816,51
0.2,6653,-54,136430,20.50345656747821,155
0.2,6654,61,136491,20.50954169797145,39
0.2,6655,24,136515,20.51006610576923,76
0.2,6656,44,136559,20.513594712332882,56
0.2,6657,-13,136546,20.50856112946831,113
0.2,6658,55,136601,20.51374080192221,47
0.2,6659,33,136634,20.515615615615616,68
0.2,6660,-84,136550,20.499924936195768,49
0.2,6661,-14,136536,20.494746322425698,135
0.2,6662,76,136612,20.5030766921807,41
0.2,6663,87,136699,20.513055222088834,13
0.2,6664,-8,136691,20.508777194298574,40
0.2,6665,44,136735,20.51230123012301,58
0.2,6666,75,136810,20.520473976301187,25
0.2,6667,93,136903,20.53134373125375,7
0.2,6668,88,136991,20.54146048882891,12
0.2,6669,-26,136965,20.53448275862069,129
0.2,6670,-7,136958,20.530355269075102,38
0.2,6671,-32,136926,20.52248201438849,64
0.2,6672,-27,136899,20.515360407612768,127
0.2,6673,42,136941,20.51857956248127,59
0.2,6674,39,136980,20.52134831460674,61
0.2,6675,78,137058,20.529958058717796,22
0.2,6676,-103,136955,20.511457241276023,207
0.2,6677,31,136986,20.513027852650495,71
0.2,6678,-27,136959,20.505914058990868,127
0.2,6679,70,137029,20.513323353293412,30
0.2,6680,76,137105,20.521628498727736,27
0.2,6681,-24,137081,20.514965579167914,56
0.2,6682,57,137138,20.520424958850814,43
0.2,6683,55,137193,20.525583482944345,46
0.2,6684,83,137276,20.53492894540015,17
0.2,6685,-72,137204,20.521088842357162,105
0.2,6686,87,137291,20.5310303574099,14
0.2,6687,91,137382,20.541566985645932,9
0.2,6688,-117,137265,20.52100463447451,221
0.2,6689,63,137328,20.527354260089687,37
0.2,6690,31,137359,20.52891944402929,69
0.2,6691,-82,137277,20.513598326359833,182
0.2,6692,-62,137215,20.501269983564917,163
0.2,6693,-122,137093,20.479982073498654,227
0.2,6694,46,137139,20.483793876026887,54
0.2,6695,59,137198,20.489545997610513,42
0.2,6696,89,137287,20.499776019113035,12
0.2,6697,66,137353,20.506569125111973,35
0.2,6698,-30,137323,20.499029705926258,131
0.2,6699,41,137364,20.502089552238807,80
0.2,6700,77,137441,20.51052081778839,24
0.2,6701,45,137486,20.514174873172188,56
0.2,6702,65,137551,20.520811576905864,35
0.2,6703,69,137620,20.528042959427207,32
0.2,6704,45,137665,20.531692766592094,56
0.2,6705,29,137694,20.53295556218312,73
0.2,6706,10,137704,20.531385120023856,90
0.2,6707,21,137725,20.531454979129396,10
0.2,6708,85,137810,20.5410642420629,15
0.2,6709,63,137873,20.547391952309987,38
0.2,6710,78,137951,20.5559529131277,23
0.2,6711,4,137955,20.5534862932062,98
0.2,6712,-27,137928,20.54640250260688,58
0.2,6713,63,137991,20.552725647899912,37
0.2,6714,-54,137937,20.54162323157111,155
0.2,6715,-6,137931,20.53767123287671,109
0.2,6716,-94,137837,20.520619324103023,196
0.2,6717,-54,137783,20.50952664483477,85
0.2,6718,0,137783,20.506474177705016,101
0.2,6719,39,137822,20.50922619047619,61
0.2,6720,-112,137710,20.48951048951049,146
0.2,6721,-12,137698,20.48467717941089,44
0.2,6722,-28,137670,20.477465417224455,130
0.2,6723,81,137751,20.486466389054133,19
0.2,6724,-175,137576,20.457397769516728,142
0.2,6725,-26,137550,20.450490633363067,129
0.2,6726,-93,137457,20.433625687527872,125
0.2,6727,80,137537,20.442479191438764,21
0.2,6728,-81,137456,20.427403774706494,117
0.2,6729,86,137542,20.437147102526,15
0.2,6730,-6,137536,20.4332194324766,37
0.2,6731,-52,137484,20.422459893048128,153
0.2,6732,22,137506,20.422694192781822,10
0.2,6733,72,137578,20.43035343035343,28
0.2,6734,52,137630,20.43504083147736,48
0.2,6735,-148,137482,20.41003562945368,182
0.2,6736,85,137567,20.419622977586464,16
0.2,6737,38,137605,20.422232116355,62
0.2,6738,93,137698,20.433001929069594,8
0.2,6739,-1,137697,20.429821958456973,104
0.2,6740,-123,137574,20.408544726301734,156
0.2,6741,-187,137387,20.37778107386532,294
0.2,6742,75,137462,20.38588165504968,25
0.2,6743,16,137478,20.385231316725978,100
0.2,6744,84,137562,20.39466271312083,17
0.2,6745,1,137563,20.39178772605989,99
0.2,6746,23,137586,20.39217429968875,78
0.2,6747,75,137661,20.40026674570243,25
0.2,6748,90,137751,20.410579345088163,11
0.2,6749,32,137783,20.412296296296297,69
0.2,6750,16,137799,20.411642719597097,87
0.2,6751,5,137804,20.40936018957346,26
0.2,6752,87,137891,20.41922108692433,14
0.2,6753,63,137954,20.425525614450695,37
0.2,6754,-32,137922,20.417764618800888,142
0.2,6755,-8,137914,20.413558318531674,110
0.2,6756,31,137945,20.415125055498002,69
0.2,6757,61,138006,20.421130511985794,39
0.2,6758,42,138048,20.42432312472259,58
0.2,6759,50,138098,20.42869822485207,50
0.2,6760,78,138176,20.437213429965983,23
0.2,6761,-91,138085,20.42073351079562,199
0.2,6762,-69,138016,20.407511459411502,172
0.2,6763,5,138021,20.40523358959196,96
0.2,6764,-39,137982,20.396452328159643,71
0.2,6765,94,138076,20.407330771504583,7
0.2,6766,95,138171,20.418353775676074,6
0.2,6767,50,138221,20.422724586288417,53
0.2,6768,82,138303,20.43182153937066,19
0.2,6769,-74,138229,20.4178729689808,106
0.2,6770,-10,138219,20.413380593708464,112
0.2,6771,3,138222,20.410809214412286,97
0.2,6772,64,138286,20.41724494315665,36
0.2,6773,38,138324,20.41984056687334,65
0.2,6774,49,138373,20.424059040590407,52
0.2,6775,-21,138352,20.417945690672962,56
0.2,6776,74,138426,20.425852146967685,27
0.2,6777,73,138499,20.433608734139863,28
0.2,6778,88,138587,20.443575748635492,13
0.2,6779,-46,138541,20.43377581120944,77
0.2,6780,49,138590,20.43798849727179,53
0.2,6781,-27,138563,20.430993807136538,67
0.2,6782,82,138645,20.440070765148164,19
0.2,6783,-82,138563,20.424970518867923,115
0.2,6784,35,138598,20.427118644067797,65
0.2,6785,-29,138569,20.419834954317714,130
0.2,6786,34,138603,20.421835862678652,67
0.2,6787,-310,138293,20.373158515026518,346
0.2,6788,35,138328,20.375313006333776,65
0.2,6789,75,138403,20.38335787923417,25
0.2,6790,-24,138379,20.376822264762186,68
0.2,6791,-220,138159,20.34143109540636,324
0.2,6792,-17,138142,20.335934049757103,120
0.2,6793,-90,138052,20.31969384751251,192
0.2,6794,32,138084,20.32141280353201,70
0.2,6795,69,138153,20.328575632725133,31
0.2,6796,-61,138092,20.316610269236428,94
0.2,6797,82,138174,20.32568402471315,19
0.2,6798,80,138254,20.334460950139725,20
0.2,6799,-176,138078,20.305588235294117,207
0.2,6800,-191,137887,20.274518453168653,157
0.2,6801,90,137977,20.284769185533666,11
0.2,6802,83,138060,20.293987946494195,17
0.2,6803,-34,138026,20.286008230452676,66
0.2,6804,-4,138022,20.28243938280676,105
0.2,6805,0,138022,20.279459300617102,101
0.2,6806,-133,137889,20.256941383869545,237
0.2,6807,79,137968,20.265569917743832,22
0.2,6808,-118,137850,20.245263621677193,152
0.2,6809,84,137934,20.254625550660794,17
0.2,6810,35,137969,20.256790485978563,68
0.2,6811,24,137993,20.257339988256017,8
0.2,6812,78,138071,20.265815353001614,23
0.2,6813,45,138116,20.26944525975932,56
0.2,6814,32,138148,20.27116654438738,68
0.2,6815,22,138170,20.271420187793428,79
0.2,6816,7,138177,20.26947337538507,25
0.2,6817,87,138264,20.279260780287473,13
0.2,6818,91,138355,20.289631910837365,9
0.2,6819,57,138412,20.2950146627566,45
0.2,6820,94,138506,20.305820260958804,7
0.2,6821,26,138532,20.306654939900323,75
0.2,6822,44,138576,20.310127509893007,57
0.2,6823,-21,138555,20.304073856975382,122
0.2,6824,-113,138442,20.284542124542124,220
0.2,6825,93,138535,20.29519484324641,7
0.2,6826,72,138607,20.302768419510766,28
0.2,6827,87,138694,20.31253661394259,14
0.2,6828,25,138719,20.313223019475764,76
0.2,6829,74,138793,20.32108345534407,26
0.2,6830,54,138847,20.326013760796368,47
0.2,6831,80,138927,20.33474824355972,21
0.2,6832,-362,138565,20.278794087516463,327
0.2,6833,-192,138373,20.247731928592334,294
0.2,6834,-42,138331,20.238624725676665,143
0.2,6835,-17,138314,20.233177296664717,120
0.2,6836,70,138384,20.24045634050022,52
0.2,6837,10,138394,20.238958759871306,91
0.2,6838,63,138457,20.24521128820003,37
0.2,6839,59,138516,20.250877192982458,41
0.2,6840,48,138564,20.254933489255958,53
0.2,6841,61,138625,20.26088862905583,39
0.2,6842,74,138699,20.268741779921086,28
0.2,6843,62,138761,20.274839275277614,51
0.2,6844,-29,138732,20.26764061358656,62
0.2,6845,92,138824,20.278118609406953,8
0.2,6846,72,138896,20.285672557324375,28
0.2,6847,71,138967,20.293078271028037,30
0.2,6848,-97,138870,20.275952693823918,133
0.2,6849,82,138952,20.284963503649635,19
0.2,6850,-195,138757,20.253539629251204,259
0.2,6851,89,138846,20.263572679509632,12
0.2,6852,93,138939,20.274186487669635,7
0.2,6853,38,138977,20.276772687481763,62
0.2,6854,32,139009,20.27848285922684,69
0.2,6855,8,139017,20.276691948658108,95
0.2,6856,-176,138841,20.24806766807642,141
0.2,6857,65,138906,20.254593175853017,36
0.2,6858,-2,138904,20.25134859308937,105
0.2,6859,4,138908,20.248979591836736,97
0.2,6860,28,138936,20.25010931351115,80
0.2,6861,-90,138846,20.23404255319149,123
0.2,6862,-58,138788,20.22264315896838,90
0.2,6863,92,138880,20.233100233100235,9
0.2,6864,-213,138667,20.199126001456666,245
0.2,6865,48,138715,20.203175065540343,55
0.2,6866,94,138809,20.213921654288626,6
0.2,6867,83,138892,20.22306348281887,18
0.2,6868,86,138978,20.232639394380552,15
0.2,6869,82,139060,20.241630276564774,19
0.2,6870,42,139102,20.244796972784165,58
0.2,6871,55,139157,20.24985448195576,45
0.2,6872,47,139204,20.253746544449296,56
0.2,6873,59,139263,20.25938318300844,41
0.2,6874,-26,139237,20.252654545454547,128
0.2,6875,65,139302,20.259162303664922,37
0.2,6876,93,139395,20.26973971208376,8
0.2,6877,-184,139211,20.240040709508577,218
0.2,6878,93,139304,20.2506178223579,7
0.2,6879,92,139396,20.261046511627907,9
0.2,6880,20,139416,20.261008574335126,12
0.2,6881,-10,139406,20.256611450159838,111
0.2,6882,85,139491,20.26601772482929,16
0.2,6883,38,139529,20.26859384079024,62
0.2,6884,91,139620,20.278867102396514,9
0.2,6885,71,139691,20.286232936392683,30
0.2,6886,33,139724,20.28807898940032,68
0.2,6887,6,139730,20.286004645760745,97
0.2,6888,74,139804,20.2938017128756,27
0.2,6889,-27,139777,20.286937590711176,128
0.2,6890,-1,139776,20.28384849804092,33
0.2,6891,82,139858,20.292803250145095,18
0.2,6892,-53,139805,20.28217031771362,155
0.2,6893,91,139896,20.29242819843342,10
0.2,6894,13,139909,20.291370558375636,87
0.2,6895,72,139981,20.298868909512763,29
0.2,6896,64,140045,20.305205161664492,37
0.2,6897,68,140113,20.31211945491447,32
0.2,6898,-41,140072,20.303232352514858,141
0.2,6899,48,140120,20.307246376811595,54
0.2,6900,-188,139932,20.277061295464424,222
0.2,6901,-120,139812,20.256737177629674,224
0.2,6902,92,139904,20.267130233231928,9
0.2,6903,7,139911,20.265208574739283,94
0.2,6904,51,139962,20.269659666908037,50
0.2,6905,19,139981,20.269475818129163,13
0.2,6906,-105,139876,20.251339221080062,207
0.2,6907,86,139962,20.260856977417486,15
0.2,6908,-36,139926,20.252713851498047,144
0.2,6909,55,139981,20.257742402315486,46
0.2,6910,-214,139767,20.223846042540877,248
0.2,6911,63,139830,20.23003472222222,38
0.2,6912,19,139849,20.229856791552148,84
0.2,6913,-47,139802,20.220133063349724,147
0.2,6914,-26,139776,20.21344902386117,58
0.2,6915,76,139852,20.221515326778484,24
0.2,6916,24,139876,20.22206158739338,77
0.2,6917,-6,139870,20.21827117664065,108
0.2,6918,-118,139752,20.198294551235726,221
0.2,6919,87,139839,20.207947976878614,14
0.2,6920,89,139928,20.217887588498773,12
0.2,6921,63,139991,20.22406818838486,39
0.2,6922,57,140048,20.229380326448073,43
0.2,6923,81,140129,20.238157134604275,19
0.2,6924,-209,139920,20.205054151624548,261
0.2,6925,76,139996,20.213110020213687,25
0.2,6926,32,140028,20.21481160675617,68
0.2,6927,23,140051,20.21521362586605,77
0.2,6928,80,140131,20.223841824217057,20
0.2,6929,50,140181,20.22813852813853,51
0.2,6930,-83,140098,20.213244842014138,116
0.2,6931,87,140185,20.222879399884594,13
0.2,6932,-37,140148,20.214625703158806,68
0.2,6933,48,140196,20.218632823766946,53
0.2,6934,-52,140144,20.208219178082192,83
0.2,6935,23,140167,20.208621683967706,80
0.2,6936,94,140261,20.219259045696987,6
0.2,6937,-505,139756,20.143557221101183,403
0.2,6938,88,139844,20.153336215593026,13
0.2,6939,73,139917,20.160951008645533,28
0.2,6940,66,139983,20.167555107333236,34
0.2,6941,8,139991,20.165802362431577,95
0.2,6942,-9,139982,20.16160161313553,114
0.2,6943,9,139991,20.159994239631338,22
0.2,6944,27,140018,20.160979121670266,73
0.2,6945,89,140107,20.17088972070256,12
0.2,6946,60,140167,20.176623002734992,40
0.2,6947,83,140250,20.18566493955095,17
0.2,6948,94,140344,20.196287235573465,6
0.2,6949,-25,140319,20.18978417266187,128
0.2,6950,72,140391,20.197237807509712,28
0.2,6951,59,140450,20.20281933256617,42
0.2,6952,-2,140448,20.199626060693227,34
0.2,6953,82,140530,20.208513085993673,19
0.2,6954,-10,140520,20.20416966211359,113
0.2,6955,88,140608,20.21391604370328,13
0.2,6956,-154,140454,20.188874514877103,187
0.2,6957,56,140510,20.19402127048002,44
0.2,6958,-126,140384,20.173013363989078,158
0.2,6959,40,140424,20.175862068965518,61
0.2,6960,89,140513,20.185749173969256,11
0.2,6961,64,140577,20.192042516518242,38
0.2,6962,-61,140516,20.18038201924458,104
0.2,6963,-42,140474,20.17145318782309,145
0.2,6964,-5,140469,20.167839195979898,115
0.2,6965,49,140518,20.171978179730118,77
0.2,6966,67,140585,20.178699583751975,34
0.2,6967,91,140676,20.18886337543054,9
0.2,6968,21,140697,20.188979767541973,10
0.2,6969,-11,140686,20.184505021520803,43
0.2,6970,70,140756,20.191651126093817,31
0.2,6971,11,140767,20.190332759609866,20
0.2,6972,86,140853,20.199770543525027,14
0.2,6973,82,140935,20.208632061944364,18
0.2,6974,-2,140933,20.205448028673835,102
0.2,6975,-30,140903,20.19825114678899,165
0.2,6976,89,140992,20.20811236921313,12
0.2,6977,51,141043,20.212525078819144,49
0.2,6978,-312,140731,20.16492334145293,344
0.2,6979,4,140735,20.162607449856733,98
0.2,6980,93,140828,20.1730411115886,7
0.2,6981,82,140910,20.18189630478373,19
0.2,6982,67,140977,20.188600887870543,34
0.2,6983,91,141068,20.198739977090494,10
0.2,6984,51,141119,20.203149606299213,49
0.2,6985,-33,141086,20.195533924992844,134
0.2,6986,-51,141035,20.18534421067697,82
0.2,6987,90,141125,20.195334859759587,10
0.2,6988,67,141192,20.202031764200886,34
0.2,6989,88,141280,20.21173104434907,12
0.2,6990,51,141331,20.216135030753826,50
0.2,6991,79,141410,20.22454233409611,22
0.2,6992,59,141469,20.23008723008723,42
0.2,6993,49,141518,20.234200743494423,58
0.2,6994,92,141610,20.24446032880629,9
0.2,6995,-14,141596,20.23956546598056,115
0.2,6996,-8,141588,20.235529512648277,39
0.2,6997,82,141670,20.244355530151473,19
0.2,6998,-495,141175,20.17073867695385,533
0.2,6999,-126,141049,20.149857142857144,235
0.2,7000,31,141080,20.15140694186545,70
0.2,7001,76,141156,20.159383033419022,25
0.2,7002,-27,141129,20.15264886477224,128
0.2,7003,-5,141124,20.14905768132496,106
0.2,7004,-26,141098,20.14246966452534,126
0.2,7005,89,141187,20.15229803025978,11
0.2,7006,-12,141175,20.14770943342372,112
0.2,7007,85,141260,20.156963470319635,16
0.2,7008,36,141296,20.159223855043514,64
0.2,7009,8,141304,20.157489300998574,96
0.2,7010,72,141376,20.1648837541007,29
0.2,7011,68,141444,20.171705647461494,33
0.2,7012,93,141537,20.18209040353629,8
0.2,7013,94,141631,20.19261477045908,7
0.2,7014,35,141666,20.19472558802566,67
0.2,7015,-73,141593,20.181442417331812,104
0.2,7016,50,141643,20.18569189112156,50
0.2,7017,-12,141631,20.181105728127672,117
0.2,7018,51,141682,20.185496509474284,50
0.2,7019,89,141771,20.195299145299145,11
0.2,7020,27,141798,20.196268337843613,74
0.2,7021,80,141878,20.204784961549414,21
0.2,7022,72,141950,20.212160045564573,33
0.2,7023,83,142033,20.22109908883827,17
0.2,7024,52,142085,20.225622775800712,49
0.2,7025,67,142152,20.232280102476516,33
0.2,7026,26,142178,20.23310089654191,74
0.2,7027,-50,142128,20.223107569721115,153
0.2,7028,-34,142094,20.215393370322946,139
0.2,7029,93,142187,20.22574679943101,8
0.2,7030,-122,142065,20.205518418432657,222
0.2,7031,-27,142038,20.198805460750854,129
0.2,7032,83,142121,20.207734963742357,18
0.2,7033,58,142179,20.213107762297412,42
0.2,7034,62,142241,20.21904761904762,38
0.2,7035,68,142309,20.225838544627628,41
0.2,7036,50,142359,20.23006963194543,50
0.2,7037,86,142445,20.23941460642228,14
0.2,7038,74,142519,20.247052138087795,26
0.2,7039,-107,142412,20.228977272727274,210
0.2,7040,51,142463,20.233347535861384,49
0.2,7041,85,142548,20.242544731610337,16
0.2,7042,-169,142379,20.215675138435326,202
0.2,7043,-14,142365,20.210817717206133,117
0.2,7044,-16,142349,20.205677785663593,47
0.2,7045,25,142374,20.206358217428328,6
0.2,7046,87,142461,20.215836526181352,14
0.2,7047,-443,142018,20.15011350737798,487
0.2,7048,54,142072,20.15491559086395,47
0.2,7049,81,142153,20.16354609929078,20
0.2,7050,29,142182,20.164799319245496,72
0.2,7051,90,142272,20.1747022121384,10
0.2,7052,93,142365,20.18502764780944,8
0.2,7053,-12,142353,20.18046498440601,114
0.2,7054,88,142441,20.190077958894403,12
0.2,7055,36,142477,20.192318594104307,67
0.2,7056,-44,142433,20.18322233243588,76
0.2,7057,79,142512,20.191555681496176,21
0.2,7058,-58,142454,20.1804788213628,159
0.2,7059,72,142526,20.187818696883852,29
0.2,7060,48,142574,20.191757541424728,52
0.2,7061,27,142601,20.19272160860946,75
0.2,7062,-241,142360,20.155741186464674,276
0.2,7063,-34,142326,20.148074745186864,135
0.2,7064,74,142400,20.155697098372258,28
0.2,7065,91,142491,20.16572318143221,9
0.2,7066,-70,142421,20.152964482807416,172
0.2,7067,-59,142362,20.141765704584042,92
0.2,7068,-266,142096,20.101287310793605,304
0.2,7069,-26,142070,20.094766619519095,153
0.2,7070,-30,142040,20.08768208174233,131
0.2,7071,-5,142035,20.084134615384617,37
0.2,7072,76,142111,20.09204015269334,24
0.2,7073,54,142165,20.09683347469607,47
0.2,7074,73,142238,20.104310954063603,27
0.2,7075,40,142278,20.10712266817411,61
0.2,7076,72,142350,20.114455277660024,28
0.2,7077,57,142407,20.119666572478103,43
0.2,7078,-36,142371,20.11173894617884,139
0.2,7079,-21,142350,20.10593220338983,62
0.2,7080,-42,142308,20.09716141787883,74
0.2,7081,0,142308,20.094323637390566,103
0.2,7082,86,142394,20.10362840604264,15
0.2,7083,79,142473,20.111942405420667,22
0.2,7084,2,142475,20.10938602681722,99
0.2,7085,-59,142416,20.09822184589331,162
0.2,7086,92,142508,20.10836743332863,9
0.2,7087,78,142586,20.11653498871332,23
0.2,7088,41,142627,20.119480885879533,61
0.2,7089,1,142628,20.116784203102963,31
0.2,7090,25,142653,20.117472852912144,6
0.2,7091,-36,142617,20.109560067681894,136
0.2,7092,72,142689,20.116875793035387,29
0.2,7093,79,142768,20.125176205243868,21
0.2,7094,88,142856,20.134742776603243,12
0.2,7095,46,142902,20.13838782412627,55
0.2,7096,69,142971,20.14527265041567,32
0.2,7097,44,143015,20.148633417864186,59
0.2,7098,-6,143009,20.144949992956754,37
0.2,7099,71,143080,20.152112676056337,29
0.2,7100,67,143147,20.158710040839317,34
0.2,7101,-44,143103,20.149676147564065,145
0.2,7102,82,143185,20.158383781500774,18
0.2,7103,92,143277,20.16849662162162,9
0.2,7104,89,143366,20.178184377199155,11
0.2,7105,9,143375,20.176611314382214,94
0.2,7106,-60,143315,20.165329956381033,93
0.2,7107,62,143377,20.17121553179516,38
0.2,7108,66,143443,20.17766211844141,35
0.2,7109,92,143535,20.18776371308017,9
0.2,7110,90,143625,20.19758121220644,11
0.2,7111,61,143686,20.2033183352081,40
0.2,7112,35,143721,20.205398566005904,65
0.2,7113,-48,143673,20.195811076750072,82
0.2,7114,83,143756,20.204638088545327,17
0.2,7115,82,143838,20.213322091062395,19
0.2,7116,75,143913,20.221020092735703,26
0.2,7117,-84,143829,20.206378196122508,187
0.2,7118,6,143835,20.204382638010955,95
0.2,7119,-233,143602,20.168820224719102,268
0.2,7120,81,143683,20.177362729953657,20
0.2,7121,-45,143638,20.168211176635776,146
0.2,7122,-7,143631,20.164397023725957,108
0.2,7123,52,143683,20.16886580572712,49
0.2,7124,29,143712,20.170105263157893,74
0.2,7125,85,143797,20.179202918888578,15
0.2,7126,-8,143789,20.17524905289743,39
0.2,7127,32,143821,20.176907968574636,68
0.2,7128,-127,143694,20.156263150511993,161
0.2,7129,-24,143670,20.15007012622721,124
0.2,7130,82,143752,20.158743514233628,19
0.2,7131,-50,143702,20.148906337633203,152
0.2,7132,84,143786,20.157857843824477,17
0.2,7133,93,143879,20.16806840482198,8
0.2,7134,71,143950,20.175192711983183,29
0.2,7135,81,144031,20.183716367713004,19
0.2,7136,48,144079,20.18761384335155,54
0.2,7137,-158,143921,20.162650602409638,262
0.2,7138,93,144014,20.172853340804036,8
0.2,7139,58,144072,20.1781512605042,43
0.2,7140,-175,143897,20.15081921299538,215
0.2,7141,83,143980,20.159619154298515,17
0.2,7142,54,144034,20.164356712865743,47
0.2,7143,54,144088,20.169092945128778,47
0.2,7144,90,144178,20.178866340097972,10
0.2,7145,86,144264,20.188077246011755,15
0.2,7146,93,144357,20.19826500629635,8
0.2,7147,-113,144244,20.179630665920538,147
0.2,7148,9,144253,20.17806686249825,93
0.2,7149,14,144267,20.177202797202796,89
0.2,7150,-2,144265,20.17410152426234,105
0.2,7151,-71,144194,20.161353467561522,173
0.2,7152,-19,144175,20.155878652313714,120
0.2,7153,23,144198,20.156276209113784,8
0.2,7154,-125,144073,20.135988819007686,160
0.2,7155,47,144120,20.13974287311347,57
0.2,7156,-72,144048,20.126868799776442,107
0.2,7157,-49,143999,20.117211511595418,152
0.2,7158,90,144089,20.126973040927503,11
0.2,7159,52,144141,20.131424581005586,48
0.2,7160,36,144177,20.13364055299539,64
0.2,7161,93,144270,20.143814576933817,8
0.2,7162,-59,144211,20.132765601005165,162
0.2,7163,76,144287,20.140563930764937,24
0.2,7164,13,144300,20.13956734124215,90
0.2,7165,-37,144263,20.13159363661736,137
0.2,7166,64,144327,20.137714524905817,37
0.2,7167,-141,144186,20.115234375,243
0.2,7168,72,144258,20.12247175338262,28
0.2,7169,-179,144079,20.094700139470014,144
0.2,7170,59,144138,20.1001255055083,41
0.2,7171,50,144188,20.104294478527606,51
0.2,7172,-293,143895,20.06064408197407,327
0.2,7173,-140,143755,20.0383328686925,243
0.2,7174,34,143789,20.0402787456446,66
0.2,7175,60,143849,20.045847268673356,40
0.2,7176,-20,143829,20.04026752124843,121
0.2,7177,89,143918,20.049874616884924,12
0.2,7178,44,143962,20.05321075358685,57
0.2,7179,-60,143902,20.04206128133705,92
0.2,7180,86,143988,20.051246344520262,14
0.2,7181,9,143997,20.049707602339183,91
0.2,7182,-332,143665,20.00069608798552,369
0.2,7183,-49,143616,19.99109131403118,83
0.2,7184,59,143675,19.99652052887961,41
0.2,7185,32,143707,19.998190926802117,70
0.2,7186,45,143752,20.00166968136914,55
0.2,7187,81,143833,20.010155815247636,20
0.2,7188,39,143872,20.012797329253026,61
0.2,7189,55,143927,20.017663421418636,45
0.2,7190,28,143955,20.01877346683354,81
0.2,7191,-165,143790,19.99304783092325,199
0.2,7192,34,143824,19.99499513415821,68
0.2,7193,89,143913,20.004587155963304,11
0.2,7194,47,143960,20.008339124391938,54
0.2,7195,52,144012,20.01278488048916,50
0.2,7196,65,144077,20.01903570932333,36
0.2,7197,-48,144029,20.00958599611003,152
0.2,7198,-5,144024,20.006111959994442,114
0.2,7199,55,144079,20.01097222222222,48
0.2,7200,-175,143904,19.983891126232468,316
0.2,7201,16,143920,19.98333796167731,87
0.2,7202,-223,143697,19.94960433152853,348
0.2,7203,46,143743,19.953220433092728,54
0.2,7204,67,143810,19.959750173490633,33
0.2,7205,41,143851,19.962669997224534,60
0.2,7206,72,143923,19.96989038434855,28
0.2,7207,53,143976,19.97447280799112,47
0.2,7208,-80,143896,19.960604799556112,183
0.2,7209,78,143974,19.96865464632455,22
0.2,7210,53,144027,19.973235334905006,47
0.2,7211,89,144116,19.982806433721574,12
0.2,7212,-19,144097,19.977401913212255,51
0.2,7213,-12,144085,19.97296922650402,112
0.2,7214,87,144172,19.98225918225918,13
0.2,7215,-14,144158,19.977549889135254,116
0.2,7216,87,144245,19.986836635721215,13
0.2,7217,26,144271,19.987669714602383,74
0.2,7218,-8,144263,19.98379276908159,109
0.2,7219,89,144352,19.993351800554017,11
0.2,7220,78,144430,20.001384849743804,23
0.2,7221,55,144485,20.006230960952646,46
0.2,7222,-20,144465,20.00069223314412,51
0.2,7223,62,144527,20.006506090808415,40
0.2,7224,61,144588,20.01217993079585,40
0.2,7225,-197,144391,19.98214779961251,316
0.2,7226,-1,144390,19.979244499792443,32
0.2,7227,46,144436,19.98284449363586,54
0.2,7228,-39,144397,19.974685295338222,143
0.2,7229,86,144483,19.98381742738589,14
0.2,7230,95,144578,19.994191674733784,6
0.2,7231,90,144668,20.00387168141593,10
0.2,7232,28,144696,20.004977187888844,73
0.2,7233,41,144737,20.00787945811446,59
0.2,7234,-134,144603,19.986592950932966,165
0.2,7235,60,144663,19.99212271973466,43
0.2,7236,-92,144571,19.976647782230206,124
0.2,7237,17,144588,19.976236529428018,83
0.2,7238,95,144683,19.98660035916563,6
0.2,7239,-110,144573,19.968646408839778,212
0.2,7240,71,144644,19.975693964921973,30
0.2,7241,70,144714,19.982601491300745,30
0.2,7242,94,144808,19.99282065442496,7
0.2,7243,57,144865,19.997929320817228,44
0.2,7244,47,144912,20.001656314699794,54
0.2,7245,90,145002,20.0113165884626,11
0.2,7246,75,145077,20.018904374223816,25
0.2,7247,19,145096,20.018763796909493,12
0.2,7248,95,145191,20.02910746309836,6
0.2,7249,-135,145056,20.007724137931035,169
0.2,7250,-424,144632,19.946490139291132,392
0.2,7251,49,144681,19.95049641478213,52
0.2,7252,-128,144553,19.930097890528057,161
0.2,7253,63,144616,19.936035290874,38
0.2,7254,81,144697,19.94445210199862,20
0.2,7255,36,144733,19.946664829106947,65
0.2,7256,-24,144709,19.94060906710762,124
0.2,7257,61,144770,19.94626618903279,39
0.2,7258,20,144790,19.946273591403774,81
0.2,7259,84,144874,19.955096418732783,16
0.2,7260,-75,144799,19.942019005646607,180
0.2,7261,68,144867,19.948636739190306,32
0.2,7262,60,144927,19.954151177199503,41
0.2,7263,0,144927,19.951404185022028,102
0.2,7264,-37,144890,19.943565037852718,68
0.2,7265,88,144978,19.95293146160198,13
0.2,7266,32,145010,19.954589239025733,69
0.2,7267,86,145096,19.963676389653276,15
0.2,7268,37,145133,19.966020085293714,63
0.2,7269,8,145141,19.964374140302613,93
0.2,7270,89,145230,19.973868793838538,11
0.2,7271,94,145324,19.984048404840483,7
0.2,7272,37,145361,19.98638801044961,64
0.2,7273,-35,145326,19.978828704976628,136
0.2,7274,-71,145255,19.966323024054983,173
0.2,7275,-171,145084,19.940076965365584,273
0.2,7276,-13,145071,19.935550364161056,45
0.2,7277,74,145145,19.942978840340754,26
0.2,7278,-22,145123,19.937216650638824,124
0.2,7279,67,145190,19.943681318681318,34
0.2,7280,94,145284,19.95385249278945,6
0.2,7281,24,145308,19.954408129634714,8
0.2,7282,88,145396,19.963751201427982,12
0.2,7283,92,145488,19.97364085667216,9
0.2,7284,90,145578,19.98325326012354,11
0.2,7285,87,145665,19.99245127642053,13
0.2,7286,-12,145653,19.988060930424044,43
0.2,7287,89,145742,19.997530186608124,12
0.2,7288,-12,145730,19.9931403484703,51
0.2,7289,87,145817,20.00233196159122,13
0.2,7290,-19,145798,19.99698258126457,51
0.2,7291,-22,145776,19.99122325836533,123
0.2,7292,-3,145773,19.988070752776636,104
0.2,7293,62,145835,19.993830545653964,38
0.2,7294,67,145902,20.000274160383825,33
0.2,7295,-23,145879,19.99438048245614,125
0.2,7296,40,145919,19.997122104974647,61
0.2,7297,-18,145901,19.991915593313237,118
0.2,7298,70,145971,19.998766954377313,30
0.2,7299,77,146048,20.006575342465755,24
0.2,7300,38,146086,20.00903985755376,64
0.2,7301,-41,146045,20.00068474390578,74
0.2,7302,56,146101,20.005614131178966,44
0.2,7303,-83,146018,19.991511500547645,117
0.2,7304,72,146090,19.998631074606433,28
0.2,7305,94,146184,20.00875992335067,6
0.2,7306,62,146246,20.01450663747092,38
0.2,7307,93,146339,20.024493705528187,8
0.2,7308,64,146403,20.03051032973047,36
0.2,7309,64,146467,20.036525307797536,37
0.2,7310,-148,146319,20.01354123922856,181
0.2,7311,72,146391,20.020650984682714,28
0.2,7312,-41,146350,20.01230685081362,143
0.2,7313,83,146433,20.020918785890075,18
0.2,7314,-23,146410,20.015037593984964,126
0.2,7315,87,146497,20.024193548387096,14
0.2,7316,94,146591,20.034303676370097,6
0.2,7317,-1,146590,20.031429352282043,101
0.2,7318,83,146673,20.04003279136494,18
0.2,7319,54,146727,20.04467213114754,47
0.2,7320,68,146795,20.051222510585987,34
0.2,7321,54,146849,20.05585905490303,47
0.2,7322,-304,146545,20.011607264782192,407
0.2,7323,50,146595,20.01570180229383,50
0.2,7324,62,146657,20.021433447098975,39
0.2,7325,88,146745,20.03071253071253,12
0.2,7326,95,146840,20.04094445202675,6
0.2,7327,-13,146827,20.03643558951965,113
0.2,7328,28,146855,20.03752217219266,73
0.2,7329,76,146931,20.045156889495225,25
0.2,7330,94,147025,20.055244850634292,7
0.2,7331,85,147110,20.064102564102566,15
0.2,7332,-70,147040,20.05182053729715,102
0.2,7333,59,147099,20.057131169893648,42
0.2,7334,66,147165,20.063394683026583,34
0.2,7335,78,147243,20.07129225736096,22
0.2,7336,-91,147152,20.056153741311164,132
0.2,7337,-51,147101,20.04647042790951,159
0.2,7338,91,147192,20.05613843847936,10
0.2,7339,-211,146981,20.02465940054496,256
0.2,7340,-12,146969,20.02029696226672,43
0.2,7341,49,147018,20.024244075183873,52
0.2,7342,41,147059,20.027100640065367,60
0.2,7343,45,147104,20.03050108932462,55
0.2,7344,-35,147069,20.023008849557524,135
0.2,7345,-267,146802,19.983936836373537,315
0.2,7346,1,146803,19.98135293317,99
0.2,7347,-124,146679,19.961758301578662,158
0.2,7348,-29,146650,19.95509593141924,132
0.2,7349,-18,146632,19.949931972789116,119
0.2,7350,49,146681,19.953883825329886,51
0.2,7351,87,146768,19.963003264417846,14
0.2,7352,63,146831,19.968856249150008,39
0.2,7353,-2,146829,19.965868914876257,140
0.2,7354,91,146920,19.975526852481305,9
0.2,7355,-5,146915,19.972131593257206,110
0.2,7356,-136,146779,19.950931086040505,237
0.2,7357,-20,146759,19.94550149497146,122
0.2,7358,17,146776,19.945101236581056,17
0.2,7359,58,146834,19.950271739130436,70
0.2,7360,92,146926,19.960059774487164,9
0.2,7361,39,146965,19.962646020103232,62
0.2,7362,73,147038,19.969849246231156,28
0.2,7363,-50,146988,19.96034763715372,152
0.2,7364,80,147068,19.968499660556688,21
0.2,7365,-28,147040,19.961987510181917,60
0.2,7366,-70,146970,19.949776028234016,105
0.2,7367,91,147061,19.959419109663408,9
0.2,7368,12,147073,19.958338987650972,20
0.2,7369,43,147116,19.961465400271372,58
0.2,7370,66,147182,19.967711301044634,34
0.2,7371,-51,147131,19.958084644601193,153
0.2,7372,34,147165,19.959989149599892,67
0.2,7373,78,147243,19.967860048820178,22
0.2,7374,-62,147181,19.956745762711865,165
0.2,7375,87,147268,19.965835140997832,13
0.2,7376,-64,147204,19.954453029686864,96
0.2,7377,-121,147083,19.93534833288154,154
0.2,7378,-113,146970,19.917332971947417,218
0.2,7379,86,147056,19.926287262872627,15
0.2,7380,68,147124,19.93280043354559,32
0.2,7381,48,147172,19.9366025467353,52
0.2,7382,32,147204,19.93823648923202,70
0.2,7383,48,147252,19.942036836403034,52
0.2,7384,72,147324,19.949085985104944,28
0.2,7385,83,147407,19.957622529109127,18
0.2,7386,93,147500,19.967510491403818,7
0.2,7387,85,147585,19.976312939902545,16
0.2,7388,-19,147566,19.971038029503315,121
0.2,7389,-21,147545,19.96549391069012,123
0.2,7390,-56,147489,19.955215803003654,88
0.2,7391,-136,147353,19.934117965367964,169
0.2,7392,-17,147336,19.929122142567294,120
0.2,7393,58,147394,19.934271030565323,42
0.2,7394,50,147444,19.938336713995945,51
0.2,7395,-99,147345,19.922255273120605,202
0.2,7396,83,147428,19.930782749763416,18
0.2,7397,90,147518,19.940254122735876,10
0.2,7398,-32,147486,19.933234220840653,64
0.2,7399,-30,147456,19.926486486486485,135
0.2,7400,52,147508,19.930820159437914,48
0.2,7401,92,147600,19.940556606322616,9
0.2,7402,77,147677,19.94826421720924,23
0.2,7403,-22,147655,19.942598595353864,123
0.2,7404,-38,147617,19.934773801485484,69
0.2,7405,-33,147584,19.92762624898731,79
0.2,7406,85,147669,19.936411502632644,16
0.2,7407,-40,147629,19.928320734341252,72
0.2,7408,75,147704,19.93575381293022,25
0.2,7409,17,147721,19.93535762483131,83
0.2,7410,-90,147631,19.92052354608015,125
0.2,7411,51,147682,19.92471667566109,50
0.2,7412,-37,147645,19.91703763658438,69
0.2,7413,72,147717,19.924062584299975,29
0.2,7414,-242,147475,19.888739042481458,282
0.2,7415,-325,147150,19.84223300970874,367
0.2,7416,36,147186,19.844411487124173,65
0.2,7417,45,147231,19.847802642221623,55
0.2,7418,41,147272,19.850653726917376,59
0.2,7419,13,147285,19.849730458221025,89
0.2,7420,43,147328,19.85285002021291,57
0.2,7421,67,147395,19.859202371328482,33
0.2,7422,73,147468,19.866361309443622,27
0.2,7423,37,147505,19.868669181034484,64
0.2,7424,-111,147394,19.85104377104377,74
0.2,7425,63,147457,19.85685429571775,38
0.2,7426,-102,147355,19.840447017638347,207
0.2,7427,60,147415,19.8458535271944,40
0.2,7428,-42,147373,19.837528604118994,142
0.2,7429,46,147419,19.841049798115748,55
0.2,7430,86,147505,19.849952900013456,15
0.2,7431,-68,147437,19.83813240043057,170
0.2,7432,-201,147236,19.80842190232746,262
0.2,7433,51,147287,19.81261770244821,52
0.2,7434,71,147358,19.819502353732346,30
0.2,7435,46,147404,19.823023130715438,54
0.2,7436,69,147473,19.82963560575501,39
0.2,7437,-36,147437,19.822129604732456,68
0.2,7438,-136,147301,19.801182954698213,184
0.2,7439,39,147340,19.803763440860216,62
0.2,7440,73,147413,19.810912511759174,27
0.2,7441,-50,147363,19.801531846277882,82
0.2,7442,-18,147345,19.79645304312777,49
0.2,7443,78,147423,19.80427189682966,22
0.2,7444,-14,147409,19.799731363331095,134
0.2,7445,-87,147322,19.78538812785388,127
0.2,7446,-448,146874,19.722572848126763,487
0.2,7447,-236,146638,19.688238453276046,204
0.2,7448,-150,146488,19.665458450798766,252
0.2,7449,-9,146479,19.661610738255032,110
0.2,7450,-220,146259,19.629445711984967,256
0.2,7451,89,146348,19.638754696725712,12
0.2,7452,89,146437,19.648061183416075,12
0.2,7453,65,146502,19.65414542527502,36
0.2,7454,12,146514,19.653118712273642,89
0.2,7455,42,146556,19.656115879828327,58
0.2,7456,85,146641,19.66487863752179,16
0.2,7457,90,146731,19.674309466344866,10
0.2,7458,64,146795,19.680252044509988,37
0.2,7459,-23,146772,19.674530831099197,128
0.2,7460,88,146860,19.683688513604075,12
0.2,7461,63,146923,19.68949343339587,38
0.2,7462,57,146980,19.694492831301087,43
0.2,7463,45,147025,19.697883172561628,55
0.2,7464,63,147088,19.70368385800402,38
0.2,7465,80,147168,19.711759978569514,20
0.2,7466,57,147225,19.71675371635195,43
0.2,7467,32,147257,19.71839850026781,68
0.2,7468,70,147327,19.72513053956353,31
0.2,7469,-67,147260,19.713520749665328,203
0.2,7470,-73,147187,19.7011109623879,174
0.2,7471,27,147214,19.702087794432547,73
0.2,7472,-123,147091,19.682992104911012,226
0.2,7473,58,147149,19.68811881188119,43
0.2,7474,0,147149,19.685484949832777,31
0.2,7475,66,147215,19.69168004280364,34
0.2,7476,59,147274,19.696937274307878,70
0.2,7477,65,147339,19.702995453329766,35
0.2,7478,-141,147198,19.68150822302447,173
0.2,7479,-83,147115,19.6677807486631,116
0.2,7480,93,147208,19.677583210800695,7
0.2,7481,-58,147150,19.66720128307939,161
0.2,7482,-8,147142,19.663503942269145,40
0.2,7483,28,147170,19.664617851416356,74
0.2,7484,57,147227,19.669605878423514,44
0.2,7485,-179,147048,19.643067058509217,215
0.2,7486,43,147091,19.646186723654335,59
0.2,7487,82,147173,19.65451388888889,18
0.2,7488,58,147231,19.659634130057416,44
0.2,7489,-5,147226,19.65634178905207,108
0.2,7490,72,147298,19.663329328527567,28
0.2,7491,-23,147275,19.657634810464497,125
0.2,7492,-16,147259,19.652876017616443,48
0.2,7493,77,147336,19.660528422738192,23
0.2,7494,91,147427,19.670046697798533,9
0.2,7495,-68,147359,19.65835112059765,100
0.2,7496,-25,147334,19.652394291049752,128
0.2,7497,6,147340,19.650573486263003,97
0.2,7498,92,147432,19.66022136284838,9
0.2,7499,89,147521,19.66946666666667,12
0.2,7500,-76,147445,19.656712438341554,110
0.2,7501,93,147538,19.666488936283656,8
0.2,7502,5,147543,19.66453418632547,95
0.2,7503,25,147568,19.665245202558637,76
0.2,7504,86,147654,19.67408394403731,14
0.2,7505,-148,147506,19.651745270450306,248
0.2,7506,-55,147451,19.641800985746638,157
0.2,7507,61,147512,19.647309536494404,40
0.2,7508,-48,147464,19.638300705819685,149
0.2,7509,2,147466,19.63595206391478,100
0.2,7510,84,147550,19.6445213686593,16
0.2,7511,26,147576,19.645367412140576,76
0.2,7512,74,147650,19.65260215626248,26
0.2,7513,70,147720,19.659302635081183,31
0.2,7514,67,147787,19.665602129075182,34
0.2,7515,44,147831,19.668839808408727,57
0.2,7516,90,147921,19.67819608886524,10
0.2,7517,-50,147871,19.668927906358075,181
0.2,7518,95,147966,19.678946668439952,6
0.2,7519,7,147973,19.677260638297874,94
0.2,7520,53,148026,19.681691264459513,49
0.2,7521,24,148050,19.682265354958787,77
0.2,7522,-56,147994,19.672205237272365,91
0.2,7523,11,148005,19.67105263157895,89
0.2,7524,39,148044,19.67362126245847,61
0.2,7525,63,148107,19.679378155726813,38
0.2,7526,52,148159,19.683672113723926,49
0.2,7527,-29,148130,19.677205100956428,130
0.2,7528,-83,148047,19.66356753884978,185
0.2,7529,-33,148014,19.656573705179284,65
0.2,7530,-46,147968,19.64785553047404,148
0.2,7531,71,148039,19.654673393520977,29
0.2,7532,-63,147976,19.64370104871897,166
0.2,7533,90,148066,19.653039554021767,10
0.2,7534,-199,147867,19.624021234240214,163
0.2,7535,60,147927,19.62937898089172,46
0.2,7536,50,147977,19.633408517977976,50
0.2,7537,71,148048,19.64022287078801,30
0.2,7538,31,148079,19.641729672370342,70
0.2,7539,90,148169,19.65106100795756,11
0.2,7540,92,148261,19.660655085532422,8
0.2,7541,12,148273,19.659639352956777,91
0.2,7542,-70,148203,19.647752883468115,173
0.2,7543,-39,148164,19.639978791092258,72
0.2,7544,94,148258,19.649834327369117,7
0.2,7545,-17,148241,19.644977471508085,120
0.2,7546,87,148328,19.65390221279979,14
0.2,7547,-88,148240,19.63963963963964,122
0.2,7548,84,148324,19.64816531990992,16
0.2,7549,75,148399,19.65549668874172,26
0.2,7550,90,148489,19.664812607601643,10
0.2,7551,-29,148460,19.658368644067796,130
0.2,7552,66,148526,19.664504170528268,35
0.2,7553,16,148542,19.664019062748213,86
0.2,7554,28,148570,19.665122435473197,72
0.2,7555,67,148637,19.671386977236633,33
0.2,7556,88,148725,19.680428741564114,13
0.2,7557,92,148817,19.689997353797303,9
0.2,7558,91,148908,19.69943114168541,9
0.2,7559,93,149001,19.709126984126986,7
0.2,7560,-49,148952,19.700039677291365,83
0.2,7561,-87,148865,19.685929648241206,122
0.2,7562,-27,148838,19.679756710300147,61
0.2,7563,23,148861,19.680195663670016,78
0.2,7564,77,148938,19.687772637144747,23
0.2,7565,-17,148921,19.682923605604017,48
0.2,7566,42,148963,19.685872869036608,58
0.2,7567,50,149013,19.689878435517972,51
0.2,7568,32,149045,19.691504822301493,69
0.2,7569,56,149101,19.69630118890357,44
0.2,7570,83,149184,19.704662528067626,18
0.2,7571,75,149259,19.711965134706816,25
0.2,7572,94,149353,19.721774726000262,7
0.2,7573,45,149398,19.72511222603644,55
0.2,7574,-62,149336,19.714323432343235,96
0.2,7575,87,149423,19.72320485744456,14
0.2,7576,-34,149389,19.716114557212617,66
0.2,7577,85,149474,19.724729480073897,15
0.2,7578,-26,149448,19.71869639794168,60
0.2,7579,55,149503,19.72335092348285,46
0.2,7580,-21,149482,19.71797915842237,53
0.2,7581,-212,149270,19.68741756792403,244
0.2,7582,94,149364,19.697217460108135,6
0.2,7583,41,149405,19.700026371308017,59
0.2,7584,8,149413,19.69848384970336,23
0.2,7585,62,149475,19.704060110730293,39
0.2,7586,49,149524,19.70792144457625,52
0.2,7587,-82,149442,19.69451765946231,202
0.2,7588,55,149497,19.699169851100276,46
0.2,7589,-47,149450,19.69038208168643,147
0.2,7590,35,149485,19.692398893426425,66
0.2,7591,84,149569,19.70086933614331,16
0.2,7592,77,149646,19.708415645989728,24
0.2,7593,91,149737,19.71780352910192,10
0.2,7594,19,149756,19.717709019091508,84
0.2,7595,-13,149743,19.713401790416007,114
0.2,7596,44,149787,19.71659865736475,59
0.2,7597,9,149796,19.715188207423004,23
0.2,7598,76,149872,19.722595078299776,24
0.2,7599,-75,149797,19.71013157894737,180
0.2,7600,0,149797,19.707538481778712,101
0.2,7601,-152,149645,19.684951328597737,186
0.2,7602,68,149713,19.691306063396027,32
0.2,7603,63,149776,19.69700157811678,37
0.2,7604,-6,149770,19.69362261669954,106
0.2,7605,-73,149697,19.681435708651065,104
0.2,7606,11,149708,19.680294465623767,91
0.2,7607,12,149720,19.679284963196636,89
0.2,7608,57,149777,19.684189775266134,44
0.2,7609,65,149842,19.690144546649147,36
0.2,7610,-198,149644,19.661542504270134,230
0.2,7611,81,149725,19.66960063058329,20
0.2,7612,62,149787,19.675160908971495,41
0.2,7613,74,149861,19.682295770948254,26
0.2,7614,-109,149752,19.665397242284964,72
0.2,7615,-100,149652,19.649684873949578,201
0.2,7616,3,149655,19.647499015360378,98
0.2,7617,-25,149630,19.641638225255974,56
0.2,7618,70,149700,19.64824780154876,30
0.2,7619,85,149785,19.656824146981627,15
0.2,7620,-75,149710,19.64440362157197,175
0.2,7621,-92,149618,19.629755969561796,203
0.2,7622,53,149671,19.63413354322445,47
0.2,7623,77,149748,19.641657922350472,23
0.2,7624,74,149822,19.6487868852459,26
0.2,7625,24,149846,19.649357461316548,76
0.2,7626,51,149897,19.653467942834666,49
0.2,7627,5,149902,19.651546932354485,98
0.2,7628,75,149977,19.65880193996592,25
0.2,7629,-17,149960,19.65399737876802,118
0.2,7630,79,150039,19.66177434150177,21
0.2,7631,-62,149977,19.651074423480082,95
0.2,7632,-1,149976,19.64836892440718,112
0.2,7633,-11,149965,19.644354204872936,43
0.2,7634,41,150006,19.64715127701375,60
0.2,7635,67,150073,19.653352540597172,33
0.2,7636,-43,150030,19.6451486185675,143
0.2,7637,54,150084,19.649646504320504,47
0.2,7638,95,150179,19.659510407121353,7
0.2,7639,-67,150112,19.648167539267014,99
0.2,7640,61,150173,19.65357937442743,39
0.2,7641,82,150255,19.661737764982988,19
0.2,7642,-153,150102,19.63914693183305,193
0.2,7643,88,150190,19.648090005232863,12
0.2,7644,-21,150169,19.642773054283847,122
0.2,7645,-41,150128,19.63484174731886,150
0.2,7646,-81,150047,19.621681705243887,46
0.2,7647,38,150085,19.624084728033473,63
0.2,7648,81,150166,19.63210877238855,19
0.2,7649,43,150209,19.63516339869281,57
0.2,7650,-328,149881,19.589726833093714,363
0.2,7651,9,149890,19.588342916884475,22
0.2,7652,75,149965,19.595583431334116,26
0.2,7653,83,150048,19.60386725894957,18
0.2,7654,24,150072,19.60444154147616,7
0.2,7655,51,150123,19.608542319749215,50
0.2,7656,-183,149940,19.582081755256628,217
0.2,7657,88,150028,19.591015931052493,12
0.2,7658,-9,150019,19.587282935109023,110
0.2,7659,-53,149966,19.57780678851175,86
0.2,7660,-54,149912,19.568202584518993,156
0.2,7661,-29,149883,19.561863743148002,60
0.2,7662,82,149965,19.57001174474749,18
0.2,7663,40,150005,19.57267745302714,60
0.2,7664,-23,149982,19.567123287671233,124
0.2,7665,-35,149947,19.56000521784503,67
0.2,7666,89,150036,19.56906221468632,11
0.2,7667,75,150111,19.576291079812208,26
0.2,7668,83,150194,19.58456122049811,18
0.2,7669,83,150277,19.59282920469361,18
0.2,7670,93,150370,19.60239864424456,8
0.2,7671,-18,150352,19.59749739311783,49
0.2,7672,65,150417,19.603414570572134,36
0.2,7673,87,150504,19.61219702892885,13
0.2,7674,-8,150496,19.608599348534202,109
0.2,7675,-150,150346,19.586503387180823,182
0.2,7676,1,150347,19.58408232382441,101
0.2,7677,49,150396,19.587913519145612,52
0.2,7678,88,150484,19.59682250293007,15
0.2,7679,52,150536,19.601041666666667,48
0.2,7680,91,150627,19.610337195677648,10
0.2,7681,60,150687,19.615594897162197,41
0.2,7682,94,150781,19.625276584667446,6
0.2,7683,18,150799,19.625065070275898,82
0.2,7684,93,150892,19.634612882238127,7
0.2,7685,88,150980,19.64350767629456,15
0.2,7686,21,151001,19.64368414205802,11
0.2,7687,84,151085,19.652055150884497,16
0.2,7688,54,151139,19.656522304590975,47
0.2,7689,67,151206,19.662678803641093,34
0.2,7690,60,151266,19.667923547002992,41
0.2,7691,22,151288,19.66822672906916,80
0.2,7692,-20,151268,19.66307032367087,121
0.2,7693,48,151316,19.66675331427086,55
0.2,7694,93,151409,19.676283300844705,8
0.2,7695,42,151451,19.679183991683992,59
0.2,7696,-209,151242,19.64947382096921,192
0.2,7697,77,151319,19.656923876331515,23
0.2,7698,-137,151182,19.63657617872451,248
0.2,7699,17,151199,19.636233766233765,83
0.2,7700,-3,151196,19.63329437735359,107
0.2,7701,-100,151096,19.617761620358348,131
0.2,7702,34,151130,19.61962871608464,66
0.2,7703,35,151165,19.6216251298027,66
0.2,7704,36,151201,19.62375081116158,69
0.2,7705,-147,151054,19.602128211783025,180
0.2,7706,82,151136,19.610224471259894,19
0.2,7707,-158,150978,19.587182148417227,271
0.2,7708,-372,150606,19.536386042288235,408
0.2,7709,88,150694,19.54526588845655,12
0.2,7710,89,150783,19.554273116327323,11
0.2,7711,62,150845,19.559776970954356,39
0.2,7712,77,150922,19.567224166990794,24
0.2,7713,-235,150687,19.53422348975888,269
0.2,7714,-54,150633,19.524692158133504,87
0.2,7715,25,150658,19.52540176257128,75
0.2,7716,10,150668,19.524167422573537,92
0.2,7717,88,150756,19.53303964757709,12
0.2,7718,32,150788,19.534654748024355,69
0.2,7719,9,150797,19.533290155440415,91
0.2,7720,86,150883,19.541898717782672,15
0.2,7721,90,150973,19.55102305102305,11
0.2,7722,67,151040,19.557166904052828,34
0.2,7723,91,151131,19.56641636457794,9
0.2,7724,38,151169,19.568802588996764,62
0.2,7725,50,151219,19.572741392699974,66
0.2,7726,75,151294,19.579914585220656,26
0.2,7727,58,151352,19.58488612836439,43
0.2,7728,61,151413,19.590244533574847,40
0.2,7729,2,151415,19.587968952134542,101
0.2,7730,57,151472,19.592808174880354,46
0.2,7731,38,151510,19.595188825659598,63
0.2,7732,90,151600,19.604293288503815,10
0.2,7733,69,151669,19.610680113783296,32
0.2,7734,-180,151489,19.584873949579833,146
0.2,7735,35,151524,19.58686659772492,66
0.2,7736,33,151557,19.588600232648314,69
0.2,7737,75,151632,19.595761178599123,26
0.2,7738,36,151668,19.597880863160615,64
0.2,7739,88,151756,19.60671834625323,12
0.2,7740,39,151795,19.609223614520086,62
0.2,7741,89,151884,19.618186515112374,12
0.2,7742,48,151932,19.62185199535064,80
0.2,7743,27,151959,19.622804752066116,79
0.2,7744,69,152028,19.629180116204,31
0.2,7745,23,152051,19.629615285308546,77
0.2,7746,73,152124,19.636504453336777,27
0.2,7747,71,152195,19.643133711925657,30
0.2,7748,-295,151900,19.60252935862692,328
0.2,7749,-60,151840,19.59225806451613,165
0.2,7750,46,151886,19.595665075474134,54
0.2,7751,41,151927,19.5984262125903,60
0.2,7752,11,151938,19.597317167548045,20
0.2,7753,49,151987,19.601109104978075,51
0.2,7754,-75,151912,19.588910380399742,37
0.2,7755,-1,151911,19.586255801959773,101
0.2,7756,-29,151882,19.579992265050922,60
0.2,7757,51,151933,19.584042278937872,49
0.2,7758,93,152026,19.593504317566698,8
0.2,7759,11,152037,19.592396907216497,21
0.2,7760,86,152123,19.600953485375594,14
0.2,7761,86,152209,19.60950785879928,14
0.2,7762,-192,152017,19.58224913049079,297
0.2,7763,55,152072,19.58681092220505,47
0.2,7764,84,152156,19.595106245975533,17
0.2,7765,-40,152116,19.5874323976307,71
0.2,7766,78,152194,19.594953006308742,22
0.2,7767,-99,152095,19.57968589083419,149
0.2,7768,-19,152076,19.57472004118934,51
0.2,7769,7,152083,19.57310167310167,93
0.2,7770,25,152108,19.573800025736713,76
0.2,7771,66,152174,19.57977354606279,35
0.2,7772,-122,152052,19.561559243535314,247
0.2,7773,-56,151996,19.551839464882942,157
0.2,7774,68,152064,19.55807073954984,33
0.2,7775,90,152154,19.56712962962963,11
0.2,7776,-16,152138,19.562556255625562,48
0.2,7777,93,152231,19.571997942915917,8
0.2,7778,-53,152178,19.562668723486308,156
0.2,7779,58,152236,19.567609254498716,42
0.2,7780,40,152276,19.570235188279142,61
0.2,7781,75,152351,19.577358005654073,25
0.2,7782,-158,152193,19.55454195040473,190
0.2,7783,87,152280,19.563206577595068,14
0.2,7784,75,152355,19.570327552986512,25
0.2,7785,-44,152311,19.56216285640894,75
0.2,7786,71,152382,19.56876846025427,30
0.2,7787,72,152454,19.575500770416024,30
0.2,7788,-99,152355,19.560277314160995,132
0.2,7789,14,152369,19.55956354300385,89
0.2,7790,78,152447,19.567064561673725,23
0.2,7791,-21,152426,19.561858316221766,53
0.2,7792,88,152514,19.570640318234314,12
0.2,7793,6,152520,19.568899153194764,25
0.2,7794,69,152589,19.575240538806927,37
0.2,7795,56,152645,19.579912775782454,45
0.2,7796,79,152724,19.587533666794922,22
0.2,7797,42,152766,19.59040779687099,58
0.2,7798,40,152806,19.593024746762406,60
0.2,7799,78,152884,19.600512820512822,22
0.2,7800,1,152885,19.598128445071143,114
0.2,7801,66,152951,19.604075877980005,36
0.2,7802,68,153019,19.61027809816737,32
0.2,7803,-34,152985,19.6034085084572,134
0.2,7804,-26,152959,19.597565663036516,128
0.2,7805,66,153025,19.60351012042019,35
0.2,7806,84,153109,19.61175867810939,16
0.2,7807,49,153158,19.615522540983605,51
0.2,7808,35,153193,19.617492636701243,66
0.2,7809,56,153249,19.62215108834827,45
0.2,7810,46,153295,19.625528101395467,55
0.2,7811,61,153356,19.630824372759857,40
0.2,7812,93,153449,19.64021502623832,8
0.2,7813,-11,153438,19.636293831584336,112
0.2,7814,37,153475,19.638515674984006,63
0.2,7815,7,153482,19.63689866939611,24
0.2,7816,51,153533,19.640910835358834,49
0.2,7817,95,153628,19.650550012790994,6
0.2,7818,36,153664,19.652641002685765,64
0.2,7819,71,153735,19.65920716112532,30
0.2,7820,90,153825,19.668200997314923,11
0.2,7821,53,153878,19.672462285860394,48
0.2,7822,83,153961,19.680557330947206,17
0.2,7823,90,154051,19.68954498977505,10
0.2,7824,81,154132,19.69738019169329,20
0.2,7825,-41,154091,19.689624329159212,144
0.2,7826,-104,153987,19.67382138750479,137
0.2,7827,65,154052,19.679611650485437,36
0.2,7828,-97,153955,19.66470813641589,201
0.2,7829,75,154030,19.67177522349936,26
0.2,7830,86,154116,19.680245179415145,15
0.2,7831,-30,154086,19.673901940755872,134
0.2,7832,-12,154074,19.669858291842207,45
0.2,7833,54,154128,19.674240490171048,46
0.2,7834,-9,154119,19.670580727504785,110
0.2,7835,44,154163,19.673685553854007,57
0.2,7836,-22,154141,19.668367997958402,53
0.2,7837,15,154156,19.66777239091605,87
0.2,7838,53,154209,19.672024492920016,68
0.2,7839,94,154303,19.681505102040816,7
0.2,7840,-176,154127,19.65654890957786,208
0.2,7841,84,154211,19.66475388931395,17
0.2,7842,63,154274,19.670279229886525,38
0.2,7843,-38,154236,19.66292707802142,71
0.2,7844,-79,154157,19.650350541746334,110
0.2,7845,90,154247,19.659316849349988,11
0.2,7846,-230,154017,19.62750095577928,268
0.2,7847,-52,153965,19.618374108053008,154
0.2,7848,61,154026,19.623646324372533,39
0.2,7849,69,154095,19.629936305732485,32
0.2,7850,66,154161,19.635842567825755,34
0.2,7851,90,154251,19.644803871625065,11
0.2,7852,88,154339,19.653508213421624,12
0.2,7853,42,154381,19.656353450471098,59
0.2,7854,45,154426,19.659579885423298,56
0.2,7855,33,154459,19.66127800407332,68
0.2,7856,1,154460,19.658902889143437,30
0.2,7857,-162,154298,19.6357851870705,266
0.2,7858,76,154374,19.642957119226363,24
0.2,7859,22,154396,19.64325699745547,80
0.2,7860,31,154427,19.644701691896707,71
0.2,7861,-92,154335,19.630501144746884,124
0.2,7862,58,154393,19.63538089787613,43
0.2,7863,61,154454,19.64064089521872,42
0.2,7864,-1,154453,19.63801652892562,102
0.2,7865,93,154546,19.647342995169083,8
0.2,7866,77,154623,19.654633278250923,23
0.2,7867,70,154693,19.66103202846975,30
0.2,7868,95,154788,19.670606176134196,6
0.2,7869,-17,154771,19.66594663278272,117
0.2,7870,8,154779,19.664464489899633,93
0.2,7871,91,154870,19.673526422764226,9
0.2,7872,62,154932,19.678902578432616,38
0.2,7873,87,155019,19.68745237490475,13
0.2,7874,-131,154888,19.66831746031746,163
0.2,7875,73,154961,19.675088877602843,28
0.2,7876,9,154970,19.673733654944776,93
0.2,7877,-6,154964,19.67047473978167,124
0.2,7878,88,155052,19.67914709988577,12
0.2,7879,-20,155032,19.674111675126902,120
0.2,7880,51,155083,19.678086537241466,49
0.2,7881,61,155144,19.68332910428825,40
0.2,7882,9,155153,19.681973867816822,22
0.2,7883,91,155244,19.691019786910196,9
0.2,7884,18,155262,19.690805326569436,94
0.2,7885,-65,155197,19.680065939639867,166
0.2,7886,2,155199,19.677824267782427,98
0.2,7887,71,155270,19.684330628803245,29
0.2,7888,55,155325,19.688807199898594,47
0.2,7889,55,155380,19.693282636248416,45
0.2,7890,18,155398,19.69306805221138,85
0.2,7891,85,155483,19.70134313228586,16
0.2,7892,-3,155480,19.69846699607247,106
0.2,7893,19,155499,19.6983785153281,82
0.2,7894,70,155569,19.704749841671944,30
0.2,7895,88,155657,19.71339918946302,13
0.2,7896,82,155739,19.72128656451817,19
0.2,7897,-62,155677,19.710939478348948,171
0.2,7898,-22,155655,19.70565894417015,125
0.2,7899,-41,155614,19.697974683544302,144
0.2,7900,57,155671,19.70269586128338,45
0.2,7901,75,155746,19.709693748418122,26
0.2,7902,41,155787,19.712387700873087,59
0.2,7903,92,155879,19.721533400809715,9
0.2,7904,-97,155782,19.706767868437698,200
0.2,7905,68,155850,19.71287629648368,33
0.2,7906,-10,155840,19.709118502592638,114
0.2,7907,39,155879,19.711557916034394,61
0.2,7908,39,155918,19.71399671260589,62
0.2,7909,75,155993,19.720986093552465,26
0.2,7910,-151,155842,19.69940589053217,194
0.2,7911,63,155905,19.704878665318503,38
0.2,7912,65,155970,19.71060280550992,35
0.2,7913,-305,155665,19.66957290876927,274
0.2,7914,58,155723,19.674415666456095,43
0.2,7915,-21,155702,19.669277412834766,122
0.2,7916,1,155703,19.66691928760894,99
0.2,7917,93,155796,19.676180853750946,8
0.2,7918,79,155875,19.683672180830914,22
0.2,7919,90,155965,19.692550505050505,11
0.2,7920,41,156006,19.695240499936876,59
0.2,7921,53,156059,19.69944458470083,48
0.2,7922,91,156150,19.70844377129875,10
0.2,7923,81,156231,19.71617869762746,20
0.2,7924,81,156312,19.72391167192429,20
0.2,7925,61,156373,19.72911935402473,39
0.2,7926,45,156418,19.73230730415037,56
0.2,7927,68,156486,19.738395560040363,50
0.2,7928,77,156563,19.7456173540169,23
0.2,7929,-89,156474,19.73190416141236,127
0.2,7930,52,156526,19.73597276509898,49
0.2,7931,84,156610,19.744074634392334,16
0.2,7932,20,156630,19.7441068952477,80
0.2,7933,42,156672,19.74691202419965,58
0.2,7934,84,156756,19.755009451795843,17
0.2,7935,-20,156736,19.75,125
0.2,7936,-159,156577,19.72747889630843,193
0.2,7937,-14,156563,19.723230032753843,114
0.2,7938,-76,156487,19.711172691774784,176
0.2,7939,74,156561,19.71801007556675,26
0.2,7940,-32,156529,19.711497292532428,133
0.2,7941,70,156599,19.71782926215059,30
0.2,7942,34,156633,19.719627344831927,67
0.2,7943,-6,156627,19.716389728096676,107
0.2,7944,29,156656,19.717558212712397,72
0.2,7945,-335,156321,19.672917191039517,371
0.2,7946,-39,156282,19.66553416383541,142
0.2,7947,71,156353,19.671992954202317,30
0.2,7948,86,156439,19.68033714932696,14
0.2,7949,-8,156431,19.67685534591195,108
0.2,7950,77,156508,19.68406489749717,23
0.2,7951,-40,156468,19.67655935613682,141
0.2,7952,29,156497,19.677731673582297,73
0.2,7953,-113,156384,19.661051043500127,216
0.2,7954,23,156407,19.66147077309868,77
0.2,7955,84,156491,19.66955756661639,16
0.2,7956,72,156563,19.67613422144024,28
0.2,7957,-277,156286,19.63885398341292,323
0.2,7958,-22,156264,19.6336223143611,54
0.2,7959,82,156346,19.64145728643216,19
0.2,7960,70,156416,19.647782941841477,30
0.2,7961,11,156427,19.646696809846773,103
0.2,7962,-104,156323,19.63116915735276,136
0.2,7963,-165,156158,19.607985936715217,129
0.2,7964,-21,156137,19.602887633396108,133
0.2,7965,-2,156135,19.600175746924428,104
0.2,7966,58,156193,19.604995606878372,42
0.2,7967,16,156209,19.604543172690764,85
0.2,7968,15,156224,19.603965365792444,17
0.2,7969,41,156265,19.60664993726474,59
0.2,7970,74,156339,19.613473842679713,27
0.2,7971,-41,156298,19.6058705469142,144
0.2,7972,89,156387,19.61457418788411,11
0.2,7973,38,156425,19.616879859543516,63
0.2,7974,22,156447,19.61717868338558,78
0.2,7975,-24,156423,19.611710130391174,57
0.2,7976,-23,156400,19.606368308888054,55
0.2,7977,-77,156323,19.594259212835297,109
0.2,7978,47,156370,19.59769394660985,54
0.2,7979,-25,156345,19.592105263157894,128
0.2,7980,89,156434,19.600801904523244,11
0.2,7981,27,156461,19.601728890002505,73
0.2,7982,83,156544,19.609670549918576,18
0.2,7983,84,156628,19.617735470941884,16
0.2,7984,25,156653,19.61840951784596,77
0.2,7985,65,156718,19.624092161282245,36
0.2,7986,77,156795,19.63127582321272,23
0.2,7987,-39,156756,19.623935903855784,139
0.2,7988,43,156799,19.626861935160846,59
0.2,7989,41,156840,19.629536921151438,60
0.2,7990,-38,156802,19.622325115755224,70
0.2,7991,-66,156736,19.61161161161161,171
0.2,7992,-88,156648,19.598148379832352,193
0.2,7993,35,156683,19.60007505629222,65
0.2,7994,24,156707,19.600625390869293,7
0.2,7995,69,156776,19.60680340170085,32
0.2,7996,70,156846,19.613104914342877,31
0.2,7997,68,156914,19.619154788697173,41
0.2,7998,94,157008,19.628453556694588,6
0.2,7999,65,157073,19.634125,35
0.2,8000,80,157153,19.64166979127609,21
0.2,8001,-20,157133,19.63671582104474,121
0.2,8002,-31,157102,19.630388604273396,64
0.2,8003,83,157185,19.638305847076463,18
0.2,8004,-25,157160,19.632729544034976,126
0.2,8005,-123,157037,19.61491381463902,159
0.2,8006,38,157075,19.61720994130136,63
0.2,8007,40,157115,19.619755244755243,60
0.2,8008,-14,157101,19.615557497814958,115
0.2,8009,-50,157051,19.606866416978775,153
0.2,8010,-169,156882,19.583322930969917,269
0.2,8011,-151,156731,19.56203195207189,133
0.2,8012,59,156790,19.566953700237114,42
0.2,8013,79,156869,19.574369852757673,25
0.2,8014,-165,156704,19.55134123518403,197
0.2,8015,66,156770,19.557135728542914,35
0.2,8016,-47,156723,19.548833728327306,153
0.2,8017,-156,156567,19.526939386380644,191
0.2,8018,-6,156561,19.523756079311635,107
0.2,8019,93,156654,19.53291770573566,7
0.2,8020,-136,156518,19.513526991646927,239
0.2,8021,62,156580,19.518823236100722,38
0.2,8022,70,156650,19.525115293531098,32
0.2,8023,83,156733,19.5330259222333,18
0.2,8024,57,156790,19.537694704049844,44
0.2,8025,64,156854,19.54323448791428,36
0.2,8026,-95,156759,19.528964743989036,128
0.2,8027,-106,156653,19.513328350772298,138
0.2,8028,7,156660,19.511769834350478,95
0.2,8029,57,156717,19.516438356164382,43
0.2,8030,-69,156648,19.5054165110198,170
0.2,8031,62,156710,19.510707171314742,39
0.2,8032,94,156804,19.519980082161087,6
0.2,8033,52,156856,19.52402290266368,48
0.2,8034,33,156889,19.525700062227752,67
0.2,8035,94,156983,19.534967645594822,7
0.2,8036,91,157074,19.54385964912281,10
0.2,8037,-58,157016,19.534212490669322,161
0.2,8038,81,157097,19.54185844010449,20
0.2,8039,69,157166,19.548009950248755,32
0.2,8040,-165,157001,19.525059072254695,267
0.2,8041,81,157082,19.532703307634918,19
0.2,8042,83,157165,19.54059430560736,17
0.2,8043,92,157257,19.549602187966187,8
0.2,8044,90,157347,19.55835922933499,11
0.2,8045,34,157381,19.56015411384539,70
0.2,8046,-172,157209,19.536348949919226,204
0.2,8047,56,157265,19.54087972166998,45
0.2,8048,61,157326,19.546030562802834,39
0.2,8049,21,157347,19.546211180124224,81
0.2,8050,68,157415,19.552229536703514,33
0.2,8051,69,157484,19.558370591157477,32
0.2,8052,-16,157468,19.55395504780827,48
0.2,8053,44,157512,19.556990315371245,58
0.2,8054,73,157585,19.563625077591556,27
0.2,8055,14,157599,19.56293445878848,18
0.2,8056,-166,157433,19.53990318977287,198
0.2,8057,63,157496,19.54529659965252,38
0.2,8058,49,157545,19.548951482814246,54
0.2,8059,-409,157136,19.495781637717123,392
0.2,8060,-164,156972,19.473018235950875,197
0.2,8061,33,157005,19.47469610518482,68
0.2,8062,5,157010,19.47290090537021,26
0.2,8063,38,157048,19.47519841269841,78
0.2,8064,91,157139,19.48406695598264,10
0.2,8065,71,157210,19.490453756508803,29
0.2,8066,72,157282,19.49696293541589,28
0.2,8067,31,157313,19.498388696083293,71
0.2,8068,66,157379,19.504151691659438,35
0.2,8069,-244,157135,19.471499380421314,208
0.2,8070,41,157176,19.474166769916987,59
0.2,8071,93,157269,19.483275520317147,7
0.2,8072,68,157337,19.48928527189397,32
0.2,8073,92,157429,19.498266039137974,9
0.2,8074,29,157458,19.499442724458206,79
0.2,8075,32,157490,19.500990589400693,69
0.2,8076,-182,157308,19.47604308530395,219
0.2,8077,-128,157180,19.457786580836842,159
0.2,8078,82,157262,19.465527911870282,18
0.2,8079,34,157296,19.467326732673268,66
0.2,8080,48,157344,19.470857567132782,54
0.2,8081,88,157432,19.47933679782232,13
0.2,8082,-13,157419,19.47531856983793,140
0.2,8083,62,157481,19.480578921326074,39
0.2,8084,90,157571,19.48930117501546,10
0.2,8085,74,157645,19.496042542666338,27
0.2,8086,85,157730,19.504142450847038,16
0.2,8087,44,157774,19.50717111770524,56
0.2,8088,4,157778,19.50525404870812,102
0.2,8089,-35,157743,19.498516687268232,69
0.2,8090,87,157830,19.50685947348906,13
0.2,8091,-77,157753,19.494933267424617,110
0.2,8092,-173,157580,19.47114790559743,276
0.2,8093,-92,157488,19.457375833951076,203
0.2,8094,39,157527,19.459789993823346,62
0.2,8095,4,157531,19.45788043478261,98
0.2,8096,77,157608,19.46498703223416,24
0.2,8097,72,157680,19.471474438132873,29
0.2,8098,87,157767,19.479812322508952,14
0.2,8099,-46,157721,19.471728395061728,78
0.2,8100,88,157809,19.480187631156646,13
0.2,8101,40,157849,19.482720315971363,70
0.2,8102,51,157900,19.4866098975688,49
0.2,8103,-61,157839,19.476678183613032,163
0.2,8104,86,157925,19.484885872917953,15
0.2,8105,41,157966,19.487540093757712,62
0.2,8106,90,158056,19.49623781916862,11
0.2,8107,78,158134,19.503453379378392,23
0.2,8108,13,158147,19.502651375015414,90
0.2,8109,-94,158053,19.48865598027127,229
0.2,8110,52,158105,19.492664283072372,49
0.2,8111,-201,157904,19.465483234714004,182
0.2,8112,-28,157876,19.459632688278074,130
0.2,8113,54,157930,19.463889573576534,47
0.2,8114,91,158021,19.472704867529266,10
0.2,8115,90,158111,19.481394775751603,10
0.2,8116,-211,157900,19.452999876801773,246
0.2,8117,-24,157876,19.447647203744765,56
0.2,8118,-100,157776,19.43293509052839,135
0.2,8119,-329,157447,19.390024630541873,432
0.2,8120,-92,157355,19.37630833641177,192
0.2,8121,48,157403,19.379832553558238,53
0.2,8122,88,157491,19.388280192047272,13
0.2,8123,-6,157485,19.385155096011818,107
0.2,8124,78,157563,19.39236923076923,23
0.2,8125,54,157617,19.39662810730987,47
0.2,8126,18,157635,19.396456256921372,85
0.2,8127,-34,157601,19.389886811023622,136
0.2,8128,-13,157588,19.385902325009226,116
0.2,8129,30,157618,19.387207872078722,70
0.2,8130,85,157703,19.395277333661298,25
0.2,8131,89,157792,19.40383669454009,11
0.2,8132,-29,157763,19.397885159227837,61
0.2,8133,-17,157746,19.393410376198673,117
0.2,8134,63,157809,19.398770743700062,37
0.2,8135,-29,157780,19.392822025565387,130
0.2,8136,46,157826,19.39609192577117,55
0.2,8137,-267,157559,19.360899483902678,372
0.2,8138,93,157652,19.369947167956752,8
0.2,8139,50,157702,19.373710073710075,52
0.2,8140,79,157781,19.38103427097408,22
0.2,8141,73,157854,19.38761974944731,28
0.2,8142,-40,157814,19.380326660935772,142
0.2,8143,-117,157697,19.36358055009823,220
0.2,8144,92,157789,19.372498465316145,9
0.2,8145,39,157828,19.374907930272528,63
0.2,8146,-45,157783,19.367006259972996,165
0.2,8147,22,157805,19.3673294059892,79
0.2,8148,-70,157735,19.356362743894955,102
0.2,8149,1,157736,19.354110429447854,99
0.2,8150,-56,157680,19.344865660655135,156
0.2,8151,76,157756,19.351815505397447,25
0.2,8152,-65,157691,19.341469397767693,97
0.2,8153,-104,157587,19.326342899190582,139
0.2,8154,-110,157477,19.31048436541999,142
0.2,8155,0,157477,19.308116723884257,101
0.2,8156,81,157558,19.3156797842344,19
0.2,8157,77,157635,19.32275067418485,23
0.2,8158,-109,157526,19.307022919475425,143
0.2,8159,84,157610,19.314950980392158,16
0.2,8160,93,157703,19.323979904423478,8
0.2,8161,45,157748,19.327125704484196,56
0.2,8162,-221,157527,19.29768467475193,253
0.2,8163,6,157533,19.29605585497305,112
0.2,8164,-66,157467,19.285609308022046,98
0.2,8165,61,157528,19.290717609600783,39
0.2,8166,58,157586,19.295457328272317,42
0.2,8167,79,157665,19.302766895200783,21
0.2,8168,28,157693,19.303831558330273,73
0.2,8169,70,157763,19.310036719706243,30
0.2,8170,74,157837,19.316729898421247,27
0.2,8171,82,157919,19.32440039158101,19
0.2,8172,20,157939,19.324483053958154,86
0.2,8173,-68,157871,19.31379985319305,168
0.2,8174,70,157941,19.32,31
0.2,8175,47,157988,19.323385518591,53
0.2,8176,56,158044,19.327870857282623,46
0.2,8177,67,158111,19.333700171191,34
0.2,8178,17,158128,19.333414842890328,83
0.2,8179,85,158213,19.341442542787288,15
0.2,8180,92,158305,19.350323921281017,9
0.2,8181,-50,158255,19.341847958934245,83
0.2,8182,52,158307,19.345838934376147,49
0.2,8183,33,158340,19.3475073313783,68
0.2,8184,-24,158316,19.342211362248015,125
0.2,8185,91,158407,19.35096506230149,9
0.2,8186,67,158474,19.35678514718456,34
0.2,8187,34,158508,19.35857352222765,68
0.2,8188,-73,158435,19.347295152033215,175
0.2,8189,66,158501,19.352991452991454,34
0.2,8190,-82,158419,19.34061775119033,114
0.2,8191,10,158429,19.3394775390625,93
0.2,8192,21,158450,19.339680214817527,11
0.2,8193,-28,158422,19.333902855748107,60
0.2,8194,-17,158405,19.32946918852959,49
0.2,8195,91,158496,19.338213762811126,10
0.2,8196,93,158589,19.347200195193363,8
0.2,8197,38,158627,19.349475481824836,62
0.2,8198,66,158693,19.35516526405659,34
0.2,8199,87,158780,19.36341463414634,14
0.2,8200,-31,158749,19.357273503231312,131
0.2,8201,55,158804,19.361619117288466,45
0.2,8202,83,158887,19.369377057174205,17
0.2,8203,60,158947,19.374329595319356,40
0.2,8204,1,158948,19.3720901889092,31
0.2,8205,-11,158937,19.368388983670485,112
0.2,8206,-122,158815,19.351163640794443,228
0.2,8207,-102,158713,19.336379142300196,135
0.2,8208,-67,158646,19.325861858935315,171
0.2,8209,86,158732,19.333982947624847,14
0.2,8210,-229,158503,19.30373888685909,343
0.2,8211,-134,158369,19.28507062834876,166
0.2,8212,77,158446,19.292097893583342,24
0.2,8213,-461,157985,19.2336255174093,515
0.2,8214,26,158011,19.23444917833232,75
0.2,8215,25,158036,19.235150925024342,78
0.2,8216,-51,157985,19.22660338322989,83
0.2,8217,-71,157914,19.215624239474323,173
0.2,8218,-34,157880,19.209149531573185,134
0.2,8219,15,157895,19.208637469586375,86
0.2,8220,31,157926,19.21007176742489,69
0.2,8221,56,157982,19.214546339090244,45
0.2,8222,26,158008,19.215371518910374,74
0.2,8223,83,158091,19.223127431906615,17
0.2,8224,18,158109,19.222978723404257,83
0.2,8225,46,158155,19.226233892535863,55
0.2,8226,-83,158072,19.21380819253677,196
0.2,8227,69,158141,19.21985901798736,32
0.2,8228,52,158193,19.223842508202697,49
0.2,8229,69,158262,19.22989064398542,31
0.2,8230,30,158292,19.231199125258172,70
0.2,8231,93,158385,19.24016034985423,7
0.2,8232,-110,158275,19.224462528847322,219
0.2,8233,89,158364,19.232936604323537,12
0.2,8234,-7,158357,19.229751062537947,38
0.2,8235,80,158437,19.23712967459932,21
0.2,8236,19,158456,19.237100886244992,12
0.2,8237,59,158515,19.241927652342802,42
0.2,8238,66,158581,19.247602864425293,35
0.2,8239,31,158612,19.249029126213593,69
0.2,8240,62,158674,19.25421672127169,39
0.2,8241,49,158723,19.257825770444068,52
0.2,8242,48,158771,19.261312628897247,53
0.2,8243,71,158842,19.26758854924794,30
0.2,8244,-6,158836,19.26452395391146,107
0.2,8245,76,158912,19.271404317244723,25
0.2,8246,91,159003,19.28010185522008,9
0.2,8247,54,159057,19.284311348205627,47
0.2,8248,17,159074,19.284034428415566,84
0.2,8249,95,159169,19.29321212121212,6
0.2,8250,38,159207,19.29547933583808,62
0.2,8251,26,159233,19.296291808046533,75
0.2,8252,24,159257,19.296861747243426,78
0.2,8253,67,159324,19.302641143687907,34
0.2,8254,91,159415,19.311326468806783,9
0.2,8255,91,159506,19.32000968992248,10
0.2,8256,16,159522,19.31960760566792,15
0.2,8257,-64,159458,19.309518043109712,97
0.2,8258,-9,159449,19.30609032570529,41
0.2,8259,-149,159300,19.285714285714285,251
0.2,8260,95,159395,19.29487955453335,6
0.2,8261,62,159457,19.3000484144275,38
0.2,8262,-197,159260,19.27387147525112,303
0.2,8263,-19,159241,19.269240077444337,121
0.2,8264,58,159299,19.273926194797337,43
0.2,8265,74,159373,19.280546818291796,27
0.2,8266,33,159406,19.28220636264667,70
0.2,8267,85,159491,19.29015481373972,16
0.2,8268,10,159501,19.28903132180433,91
0.2,8269,-12,159489,19.285247883917776,113
0.2,8270,85,159574,19.293193084270342,15
0.2,8271,53,159627,19.297267891682786,48
0.2,8272,90,159717,19.305814094040855,10
0.2,8273,82,159799,19.313391346386272,19
0.2,8274,78,159877,19.3204833836858,23
0.2,8275,81,159958,19.327936201063316,20
0.2,8276,88,160046,19.336232934638154,12
0.2,8277,68,160114,19.342111621164534,32
0.2,8278,-103,160011,19.32733421910859,205
0.2,8279,52,160063,19.331280193236715,48
0.2,8280,66,160129,19.336915831421326,35
0.2,8281,-24,160105,19.331683168316832,125
0.2,8282,81,160186,19.33912833514427,19
0.2,8283,31,160217,19.340535972959923,71
0.2,8284,-7,160210,19.337356668678336,107
0.2,8285,59,160269,19.3421433743664,42
0.2,8286,79,160348,19.349342343429466,22
0.2,8287,61,160409,19.35436776061776,45
0.2,8288,77,160486,19.361322234286405,24
0.2,8289,77,160563,19.368275030156816,23
0.2,8290,42,160605,19.37100470389579,59
0.2,8291,-72,160533,19.359985528219973,106
0.2,8292,89,160622,19.368382973592187,11
0.2,8293,-54,160568,19.359537014709428,86
0.2,8294,-79,160489,19.347679324894514,184
0.2,8295,73,160562,19.354146576663453,27
0.2,8296,53,160615,19.35820175967217,48
0.2,8297,70,160685,19.364304651723305,30
0.2,8298,-57,160628,19.355103024460778,169
0.2,8299,71,160699,19.36132530120482,30
0.2,8300,63,160762,19.366582339477173,38
0.2,8301,77,160839,19.373524451939293,23
0.2,8302,91,160930,19.382151029748282,9
0.2,8303,36,160966,19.384152215799613,65
0.2,8304,-37,160929,19.377363034316677,139
0.2,8305,35,160964,19.37924392005779,66
0.2,8306,72,161036,19.38557842783195,29
0.2,8307,-35,161001,19.379032258064516,137
0.2,8308,69,161070,19.385004212299915,32
0.2,8309,47,161117,19.388327316486162,54
0.2,8310,54,161171,19.392491878233667,47
0.2,8311,84,161255,19.40026467757459,17
0.2,8312,55,161310,19.404547094911585,46
0.2,8313,-20,161290,19.399807553524177,120
0.2,8314,63,161353,19.405051112447385,37
0.2,8315,64,161417,19.41041366041366,37
0.2,8316,57,161474,19.414933269207648,43
0.2,8317,76,161550,19.421735994229383,25
0.2,8318,87,161637,19.429859358095925,13
0.2,8319,71,161708,19.436057692307692,29
0.2,8320,52,161760,19.439971157312822,49
0.2,8321,-62,161698,19.43018505167027,162
0.2,8322,58,161756,19.434819175777964,43
0.2,8323,-38,161718,19.42791926958193,70
0.2,8324,-112,161606,19.412132132132133,157
0.2,8325,94,161700,19.42109055969253,6
0.2,8326,43,161743,19.423922180857453,58
0.2,8327,61,161804,19.42891450528338,40
0.2,8328,-208,161596,19.40160883659503,243
0.2,8329,-37,161559,19.39483793517407,137
0.2,8330,-1,161558,19.392389869163367,34
0.2,8331,38,161596,19.394623139702354,63
0.2,8332,38,161634,19.39685587423497,64
0.2,8333,80,161714,19.404127669786416,20
0.2,8334,70,161784,19.410197960407917,30
0.2,8335,37,161821,19.412308061420344,64
0.2,8336,83,161904,19.41993522849946,18
0.2,8337,93,161997,19.428759894459102,7
0.2,8338,-31,161966,19.422712555462287,62
0.2,8339,-10,161956,19.419184652278176,110
0.2,8340,77,162033,19.42608799904088,24
0.2,8341,-11,162022,19.42244066171182,112
0.2,8342,46,162068,19.425626273522713,73
0.2,8343,85,162153,19.433485139022054,16
0.2,8344,94,162247,19.4424206111444,7
0.2,8345,-74,162173,19.431224538701173,175
0.2,8346,11,162184,19.43021444830478,113
0.2,8347,87,162271,19.43830857690465,14
0.2,8348,-90,162181,19.42520062282908,192
0.2,8349,-7,162174,19.422035928143714,39
0.2,8350,91,162265,19.430607112920608,10
0.2,8351,-30,162235,19.424688697318008,131
0.2,8352,48,162283,19.42810966119957,52
0.2,8353,-44,162239,19.42051711754848,78
0.2,8354,11,162250,19.419509275882707,21
0.2,8355,-84,162166,19.407132599329824,204
0.2,8356,-816,161350,19.307167643891347,659
0.2,8357,49,161399,19.3107202680067,52
0.2,8358,-218,161181,19.282330422299317,252
0.2,8359,94,161275,19.291267942583733,7
0.2,8360,52,161327,19.29518000239206,49
0.2,8361,51,161378,19.29897153790959,49
0.2,8362,56,161434,19.30336003826378,44
0.2,8363,47,161481,19.306671449067434,53
0.2,8364,62,161543,19.311775254034668,39
0.2,8365,95,161638,19.320822376284962,6
0.2,8366,58,161696,19.325445201386398,42
0.2,8367,89,161785,19.333771510516254,11
0.2,8368,39,161824,19.33612140040626,61
0.2,8369,-146,161678,19.31636798088411,180
0.2,8370,-135,161543,19.297933341297338,239
0.2,8371,34,161577,19.299689440993788,68
0.2,8372,76,161653,19.306461244476292,25
0.2,8373,-3,161650,19.303797468354432,104
0.2,8374,30,161680,19.30507462686567,71
0.2,8375,-21,161659,19.300262655205348,54
0.2,8376,54,161713,19.30440491822848,47
0.2,8377,77,161790,19.31129147767964,24
0.2,8378,64,161854,19.316624895572264,38
0.2,8379,-29,161825,19.310859188544153,61
0.2,8380,12,161837,19.309986875074575,89
0.2,8381,24,161861,19.310546408971607,78
0.2,8382,87,161948,19.31862101872838,14
0.2,8383,-58,161890,19.30939885496183,158
0.2,8384,-173,161717,19.286463923673224,275
0.2,8385,55,161772,19.290722632959696,46
0.2,8386,-47,161725,19.282818647907476,79
0.2,8387,53,161778,19.28683834048641,47
0.2,8388,88,161866,19.29502920491119,12
0.2,8389,-23,161843,19.289988081048868,56
0.2,8390,-82,161761,19.277916815635802,113
0.2,8391,-12,161749,19.274189704480456,114
0.2,8392,-100,161649,19.259978553556536,202
0.2,8393,71,161720,19.266142482725755,30
0.2,8394,74,161794,19.27266229898749,27
0.2,8395,26,161820,19.27346355407337,75
0.2,8396,90,161910,19.281886387995712,10
0.2,8397,-82,161828,19.269826149083116,114
0.2,8398,53,161881,19.273842124062387,48
0.2,8399,58,161939,19.27845238095238,42
0.2,8400,-234,161705,19.248303773360313,271
0.2,8401,70,161775,19.254344203761008,30
0.2,8402,-11,161764,19.250743781982624,114
0.2,8403,90,161854,19.259162303664922,10
0.2,8404,-26,161828,19.25377751338489,127
0.2,8405,91,161919,19.262312633832977,9
0.2,8406,95,162014,19.2713215177828,6
0.2,8407,81,162095,19.278663177925786,20
0.2,8408,88,162183,19.286835533357117,12
0.2,8409,60,162243,19.291676575505353,40
0.2,8410,86,162329,19.299607656640113,14
0.2,8411,16,162345,19.299215406562055,84
0.2,8412,-19,162326,19.294663021514324,51
0.2,8413,91,162417,19.303185167577848,9
0.2,8414,37,162454,19.30528817587641,66
0.2,8415,43,162497,19.3081036121673,59
0.2,8416,15,162512,19.307591778543426,16
0.2,8417,-77,162435,19.296151104775483,136
0.2,8418,33,162468,19.297778833590687,68
0.2,8419,91,162559,19.306294536817102,9
0.2,8420,68,162627,19.31207695048094,32
0.2,8421,81,162708,19.319401567323677,20
0.2,8422,81,162789,19.3267244449721,20
0.2,8423,86,162875,19.33463912630579,14
0.2,8424,51,162926,19.33839762611276,49
0.2,8425,77,163003,19.345240920958936,23
0.2,8426,9,163012,19.344013290613503,93
0.2,8427,-408,162604,19.293308020882773,377
0.2,8428,-435,162169,19.239411555344642,473
0.2,8429,83,162252,19.24697508896797,17
0.2,8430,73,162325,19.253350729450837,28
0.2,8431,35,162360,19.255218216318784,65
0.2,8432,-142,162218,19.236096288390847,242
0.2,8433,55,162273,19.240336732274127,46
0.2,8434,14,162287,19.23971547125074,92
0.2,8435,28,162315,19.240753911806543,72
0.2,8436,12,162327,19.239895697522815,89
0.2,8437,66,162393,19.24543730741882,35
0.2,8438,80,162473,19.252636568313783,21
0.2,8439,79,162552,19.259715639810427,21
0.2,8440,-89,162463,19.24689017888876,195
0.2,8441,-88,162375,19.234186211798153,190
0.2,8442,76,162451,19.240909629278693,24
0.2,8443,34,162485,19.24265750828991,66
0.2,8444,25,162510,19.243339253996446,76
0.2,8445,-239,162271,19.212763438313996,342
0.2,8446,61,162332,19.217710429738368,66
0.2,8447,7,162339,19.216264204545453,96
0.2,8448,91,162430,19.224760326665876,10
0.2,8449,-145,162285,19.205325443786982,248
0.2,8450,-82,162203,19.193349899420188,114
0.2,8451,19,162222,19.193327023189777,12
0.2,8452,59,162281,19.19803620016562,41
0.2,8453,-2,162279,19.19552874378992,104
0.2,8454,93,162372,19.204257835600238,7
0.2,8455,89,162461,19.212511825922423,12
0.2,8456,50,162511,19.21615229986993,51
0.2,8457,-60,162451,19.206786474343815,91
0.2,8458,75,162526,19.213382196477124,25
0.2,8459,85,162611,19.221158392434987,16
0.2,8460,24,162635,19.221723200567308,79
0.2,8461,-254,162381,19.189435121720635,217
0.2,8462,-26,162355,19.184095474418054,127
0.2,8463,33,162388,19.185727788279774,67
0.2,8464,-45,162343,19.178145304193738,149
0.2,8465,92,162435,19.186746987951807,9
0.2,8466,58,162493,19.191331049958663,42
0.2,8467,77,162570,19.198157770429855,23
0.2,8468,64,162634,19.2034478686976,36
0.2,8469,76,162710,19.210153482880756,25
0.2,8470,-56,162654,19.201274938023847,169
0.2,8471,72,162726,19.207507082152976,28
0.2,8472,-33,162693,19.201345450253747,134
0.2,8473,-107,162586,19.186452678782157,141
0.2,8474,-28,162558,19.180884955752212,61
0.2,8475,33,162591,19.182515337423315,69
0.2,8476,32,162623,19.184027368172703,70
0.2,8477,-61,162562,19.174569473932532,163
0.2,8478,27,162589,19.17549239297087,74
0.2,8479,88,162677,19.183608490566037,13
0.2,8480,79,162756,19.19066147859922,21
0.2,8481,30,162786,19.191935864182977,70
0.2,8482,42,162828,19.194624543204053,58
0.2,8483,20,162848,19.194719471947195,12
0.2,8484,-41,162807,19.187625220978198,143
0.2,8485,74,162881,19.194084374263493,27
0.2,8486,75,162956,19.200659832685282,25
0.2,8487,-43,162913,19.193331762488217,144
0.2,8488,-130,162783,19.17575686182118,241
0.2,8489,72,162855,19.181978798586574,29
0.2,8490,53,162908,19.185961606406785,48
0.2,8491,74,162982,19.192416391898256,26
0.2,8492,14,162996,19.191805015895444,17
0.2,8493,37,163033,19.193901577584178,64
0.2,8494,16,163049,19.193525603296056,85
0.2,8495,83,163132,19.201035781544256,17
0.2,8496,55,163187,19.205248911380487,47
0.2,8497,-15,163172,19.201223817368792,153
0.2,8498,19,163191,19.20120014119308,81
0.2,8499,-217,162974,19.173411764705882,111
0.2,8500,74,163048,19.179861192800846,26
0.2,8501,70,163118,19.185838626205598,31
0.2,8502,74,163192,19.19228507585558,27
0.2,8503,75,163267,19.19884760112888,26
0.2,8504,80,163347,19.205996472663138,20
0.2,8505,71,163418,19.212085586644722,29
0.2,8506,43,163461,19.214881861996002,60
0.2,8507,44,163505,19.217795016455103,56
0.2,8508,94,163599,19.22658361734634,7
0.2,8509,-38,163561,19.219858989424207,72
0.2,8510,77,163638,19.226647867465633,23
0.2,8511,-26,163612,19.221334586466167,57
0.2,8512,91,163703,19.229766239868436,9
0.2,8513,-59,163644,19.220577871740662,92
0.2,8514,-23,163621,19.21561949500881,126
0.2,8515,57,163678,19.22005636449037,43
0.2,8516,-67,163611,19.209933075026417,169
0.2,8517,-6,163605,19.206973467950224,106
0.2,8518,10,163615,19.20589271041202,90
0.2,8519,90,163705,19.214201877934272,11
0.2,8520,25,163730,19.214880882525524,76
0.2,8521,87,163817,19.222835015254635,13
0.2,8522,86,163903,19.23066995189487,24
0.2,8523,-48,163855,19.222782731112154,150
0.2,8524,83,163938,19.23026392961877,17
0.2,8525,-253,163685,19.19833450621628,359
0.2,8526,-224,163461,19.169813533481882,342
0.2,8527,88,163549,19.177884615384617,13
0.2,8528,16,163565,19.17751201782155,90
0.2,8529,72,163637,19.183704572098478,28
0.2,8530,94,163731,19.19247450474739,7
0.2,8531,-34,163697,19.18624003750586,134
0.2,8532,56,163753,19.19055431852807,44
0.2,8533,-96,163657,19.177056479962502,128
0.2,8534,91,163748,19.18547158758055,9
0.2,8535,80,163828,19.192596063730086,20
0.2,8536,60,163888,19.19737612744524,40
0.2,8537,92,163980,19.205903021784962,8
0.2,8538,10,163990,19.20482492095093,93
0.2,8539,33,164023,19.206440281030446,87
0.2,8540,52,164075,19.210279826718182,48
0.2,8541,84,164159,19.217864668695857,17
0.2,8542,86,164245,19.225681844785203,15
0.2,8543,-88,164157,19.21313202247191,194
0.2,8544,60,164217,19.217905207723817,41
0.2,8545,69,164286,19.223730400187222,31
0.2,8546,39,164325,19.226044226044227,61
0.2,8547,33,164358,19.227655591951333,68
0.2,8548,-11,164347,19.22411978009124,115
0.2,8549,44,164391,19.22701754385965,56
0.2,8550,15,164406,19.22652321365922,86
0.2,8551,17,164423,19.22626286248831,84
0.2,8552,88,164511,19.2343037530691,13
0.2,8553,69,164580,19.24012158054711,31
0.2,8554,-13,164567,19.23635300993571,122
0.2,8555,80,164647,19.243454885460494,21
0.2,8556,89,164736,19.251606871567137,11
0.2,8557,-35,164701,19.24526758588455,85
0.2,8558,69,164770,19.251080733730575,31
0.2,8559,92,164862,19.259579439252338,9
0.2,8560,71,164933,19.26562317486275,30
0.2,8561,82,165015,19.272950245269797,19
0.2,8562,-46,164969,19.26532757211258,77
0.2,8563,84,165053,19.27288650163475,16
0.2,8564,49,165102,19.276357267950964,54
0.2,8565,79,165181,19.28332944197992,22
0.2,8566,91,165272,19.29170071203455,10
0.2,8567,-120,165152,19.275443510737627,224
0.2,8568,-121,165031,19.259073404131172,222
0.2,8569,-175,164856,19.236406067677947,213
0.2,8570,74,164930,19.242795473106987,27
0.2,8571,25,164955,19.243467102193186,79
0.2,8572,10,164965,19.24238889536918,92
0.2,8573,-80,164885,19.2308140891066,112
0.2,8574,65,164950,19.23615160349854,35
0.2,8575,47,164997,19.239388992537314,55
0.2,8576,-46,164951,19.231782674594847,148
0.2,8577,-19,164932,19.22732571695034,121
0.2,8578,-216,164716,19.199906749038348,318
0.2,8579,-22,164694,19.195104895104894,54
0.2,8580,64,164758,19.20032630229577,39
0.2,8581,90,164848,19.20857608948963,10
0.2,8582,44,164892,19.211464522894094,56
0.2,8583,80,164972,19.218546132339235,20
0.2,8584,67,165039,19.224111822947002,34
0.2,8585,87,165126,19.232005590496158,13
0.2,8586,90,165216,19.2402468848259,10
0.2,8587,78,165294,19.247088961341408,23
0.2,8588,-201,165093,19.221446035626965,308
0.2,8589,-40,165053,19.21455180442375,141
0.2,8590,-35,165018,19.20824118263299,81
0.2,8591,-64,164954,19.198556797020483,97
0.2,8592,-351,164603,19.15547538694286,320
0.2,8593,9,164612,19.154293693274376,113
0.2,8594,-42,164570,19.14717859220477,75
0.2,8595,56,164626,19.151465798045603,46
0.2,8596,-21,164605,19.146795393742003,121
0.2,8597,56,164661,19.151081646894628,45
0.2,8598,85,164746,19.158739388300965,15
0.2,8599,67,164813,19.164302325581396,34
0.2,8600,-17,164796,19.160097663062434,118
0.2,8601,7,164803,19.158684026970473,94
0.2,8602,-246,164557,19.12786237359061,288
0.2,8603,44,164601,19.130753138075313,56
0.2,8604,95,164696,19.139570017431726,6
0.2,8605,-2,164694,19.137113641645364,103
0.2,8606,-36,164658,19.130707563611015,137
0.2,8607,-75,164583,19.119772304832715,107
0.2,8608,1,164584,19.117667557207575,107
0.2,8609,-16,164568,19.113588850174217,121
0.2,8610,59,164627,19.118220880269423,42
0.2,8611,49,164676,19.121690664189504,54
0.2,8612,24,164700,19.122257053291538,8
0.2,8613,61,164761,19.127118644067796,39
0.2,8614,-221,164540,19.09924550203134,256
0.2,8615,47,164587,19.10248375116063,54
0.2,8616,-3,164584,19.099918765231518,105
0.2,8617,81,164665,19.10710141564168,20
0.2,8618,71,164736,19.1131221719457,30
0.2,8619,56,164792,19.11740139211137,45
0.2,8620,52,164844,19.121215636237096,48
0.2,8621,59,164903,19.12584087218743,42
0.2,8622,93,164996,19.13440797866172,7
0.2,8623,65,165061,19.13972634508349,36
0.2,8624,53,165114,19.143652173913043,47
0.2,8625,9,165123,19.142476234639464,23
0.2,8626,47,165170,19.14570534368842,53
0.2,8627,58,165228,19.15020862308762,42
0.2,8628,48,165276,19.153551975895237,52
0.2,8629,82,165358,19.160834298957127,19
0.2,8630,-31,165327,19.155022592978796,132
0.2,8631,58,165385,19.159522706209454,43
0.2,8632,67,165452,19.165064288196454,34
0.2,8633,85,165537,19.1726893676164,16
0.2,8634,34,165571,19.17440648523451,66
0.2,8635,48,165619,19.177744326076887,53
0.2,8636,54,165673,19.18177607965729,47
0.2,8637,49,165722,19.1852280620514,52
0.2,8638,-12,165710,19.18161824285218,113
0.2,8639,5,165715,19.17997685185185,26
0.2,8640,76,165791,19.18655248235158,25
0.2,8641,0,165791,19.184332330479055,101
0.2,8642,44,165835,19.187203517297235,56
0.2,8643,18,165853,19.187066173068025,82
0.2,8644,-110,165743,19.172122614227877,212
0.2,8645,85,165828,19.17973629424011,15
0.2,8646,93,165921,19.188273389614896,7
0.2,8647,91,166012,19.196577243293248,10
0.2,8648,44,166056,19.19944502254596,57
0.2,8649,47,166103,19.202658959537573,54
0.2,8650,90,166193,19.210842677147152,11
0.2,8651,71,166264,19.216828478964402,29
0.2,8652,66,166330,19.222235062983938,34
0.2,8653,81,166411,19.22937370002311,20
0.2,8654,81,166492,19.236510687463895,20
0.2,8655,91,166583,19.244801293900185,9
0.2,8656,-79,166504,19.23345269723923,121
0.2,8657,13,166517,19.23273273273273,87
0.2,8658,83,166600,19.24009700889248,17
0.2,8659,28,166628,19.241108545034642,75
0.2,8660,85,166713,19.24870107377901,15
0.2,8661,-49,166664,19.240821981066727,82
0.2,8662,64,166728,19.245988687521645,37
0.2,8663,63,166791,19.251038781163434,38
0.2,8664,-40,166751,19.244200807847662,141
0.2,8665,-13,166738,19.240480036925916,114
0.2,8666,-19,166719,19.23606784354448,122
0.2,8667,94,166813,19.24469312413475,7
0.2,8668,93,166906,19.25320106125274,8
0.2,8669,-52,166854,19.244982698961937,83
0.2,8670,73,166927,19.251182101257065,27
0.2,8671,3,166930,19.24930811808118,97
0.2,8672,69,166999,19.25504439063761,32
0.2,8673,90,167089,19.263200368918607,10
0.2,8674,29,167118,19.264322766570604,72
0.2,8675,94,167212,19.27293683725219,7
0.2,8676,35,167247,19.27474933732857,67
0.2,8677,58,167305,19.279211799953906,43
0.2,8678,66,167371,19.284594999423895,36
0.2,8679,-2,167369,19.28214285714286,103
0.2,8680,-54,167315,19.273701186499252,157
0.2,8681,25,167340,19.274360746371805,95
0.2,8682,30,167370,19.275595992168604,72
0.2,8683,88,167458,19.28350990327038,12
0.2,8684,79,167537,19.290385722510074,22
0.2,8685,-272,167265,19.25685010361501,307
0.2,8686,44,167309,19.259698399907908,58
0.2,8687,60,167369,19.264387661141804,41
0.2,8688,94,167463,19.27298883645989,6
0.2,8689,89,167552,19.281012658227848,11
0.2,8690,-74,167478,19.270279599585777,174
0.2,8691,8,167486,19.268982972848598,23
0.2,8692,94,167580,19.27757966179685,6
0.2,8693,15,167595,19.277087646652863,17
0.2,8694,38,167633,19.27924094307073,62
0.2,8695,-33,167600,19.273229070837168,65
0.2,8696,64,167664,19.278371852362884,37
0.2,8697,-276,167388,19.24442400551851,387
0.2,8698,68,167456,19.25002873893551,32
0.2,8699,94,167550,19.25862068965517,6
0.2,8700,-131,167419,19.2413515687852,233
0.2,8701,10,167429,19.240289588600323,93
0.2,8702,62,167491,19.24520280363093,38
0.2,8703,-26,167465,19.240004595588236,129
0.2,8704,-76,167389,19.229063756461805,178
0.2,8705,-1,167388,19.226740179186766,101
0.2,8706,-44,167344,19.21947858045251,76
0.2,8707,74,167418,19.225769407441433,27
0.2,8708,61,167479,19.230566081065565,39
0.2,8709,55,167534,19.23467278989667,47
0.2,8710,90,167624,19.242796464240616,11
0.2,8711,-70,167554,19.23255280073462,173
0.2,8712,11,167565,19.2316079421554,90
0.2,8713,84,167649,19.23904062428276,17
0.2,8714,82,167731,19.24624211130235,18
0.2,8715,-26,167705,19.24105094079853,147
0.2,8716,22,167727,19.24136744292761,79
0.2,8717,74,167801,19.247648543243862,27
0.2,8718,87,167888,19.255419199449477,13
0.2,8719,64,167952,19.260550458715596,37
0.2,8720,61,168013,19.265336543974314,40
0.2,8721,38,168051,19.26748452189865,63
0.2,8722,-84,167967,19.25564599335091,116
0.2,8723,17,167984,19.255387436955527,83
0.2,8724,94,168078,19.263954154727795,6
0.2,8725,35,168113,19.265757506303004,65
0.2,8726,-204,167909,19.240174172109544,239
0.2,8727,47,167956,19.243354720439964,53
0.2,8728,81,168037,19.25042960247451,19
0.2,8729,90,168127,19.258533791523483,11
0.2,8730,-5,168122,19.255755354484023,106
0.2,8731,44,168166,19.25858909757215,57
0.2,8732,-40,168126,19.251803503950534,141
0.2,8733,76,168202,19.258300893061598,24
0.2,8734,73,168275,19.264453348597595,28
0.2,8735,21,168296,19.264652014652015,80
0.2,8736,-70,168226,19.254435160810345,171
0.2,8737,39,168265,19.256694895857176,62
0.2,8738,91,168356,19.26490445131022,10
0.2,8739,92,168448,19.273226544622425,9
0.2,8740,40,168488,19.275597757693628,72
0.2,8741,53,168541,19.279455502173416,47
0.2,8742,12,168553,19.278622898318655,96
0.2,8743,-108,168445,19.26406678865508,139
0.2,8744,89,168534,19.272041166380788,12
0.2,8745,89,168623,19.28001372055797,11
0.2,8746,59,168682,19.284554704470104,42
0.2,8747,59,168741,19.28909465020576,42
0.2,8748,93,168834,19.297519716539032,8
0.2,8749,10,168844,19.296457142857143,93
0.2,8750,53,168897,19.300308536167297,48
0.2,8751,70,168967,19.30610146252285,30
0.2,8752,44,169011,19.308922655089685,57
0.2,8753,83,169094,19.3161983093443,17
0.2,8754,66,169160,19.32153055396916,34
0.2,8755,-107,169053,19.307103700319782,139
0.2,8756,-105,168948,19.292908530318602,207
0.2,8757,-31,168917,19.287166019639187,158
0.2,8758,1,168918,19.285078205274576,102
0.2,8759,93,169011,19.29349315068493,7
0.2,8760,89,169100,19.30144960620934,12
0.2,8761,-91,169009,19.288860990641407,206
0.2,8762,87,169096,19.296587926509186,13
0.2,8763,76,169172,19.303057964399816,25
0.2,8764,95,169267,19.311694238448375,6
0.2,8765,11,169278,19.310746064339494,89
0.2,8766,55,169333,19.31481692711304,46
0.2,8767,-24,169309,19.30987682481752,56
0.2,8768,84,169393,19.31725396282358,16
0.2,8769,-6,169387,19.31436716077537,109
0.2,8770,15,169402,19.313875270778702,17
0.2,8771,-174,169228,19.29183766529868,206
0.2,8772,71,169299,19.297731676735438,30
0.2,8773,89,169388,19.305675860496923,12
0.2,8774,-144,169244,19.287065527065526,175
0.2,8775,7,169251,19.285665451230628,96
0.2,8776,87,169338,19.293380426113707,14
0.2,8777,6,169344,19.291866028708135,95
0.2,8778,14,169358,19.29126324182709,87
0.2,8779,-7,169351,19.288268792710706,108
0.2,8780,64,169415,19.293360665072314,36
0.2,8781,94,169509,19.301867456160327,7
0.2,8782,-256,169253,19.270522600478195,369
0.2,8783,92,169345,19.27880236794171,8
0.2,8784,22,169367,19.279112122936823,79
0.2,8785,-82,169285,19.26758479399044,115
0.2,8786,83,169368,19.274837828610448,17
0.2,8787,89,169457,19.282771961766045,11
0.2,8788,40,169497,19.285129138696096,61
0.2,8789,41,169538,19.28759954493743,61
0.2,8790,-12,169526,19.28404049596178,114
0.2,8791,26,169552,19.284804367606917,75
0.2,8792,62,169614,19.289662231320367,38
0.2,8793,75,169689,19.2959972708665,26
0.2,8794,20,169709,19.296077316657193,11
0.2,8795,38,169747,19.298203728967714,62
0.2,8796,-40,169707,19.291462998749573,145
0.2,8797,-91,169616,19.278927028870196,203
0.2,8798,69,169685,19.284577792931014,31
0.2,8799,66,169751,19.289886363636363,35
0.2,8800,84,169835,19.297238950119304,17
0.2,8801,-214,169621,19.270733924108157,246
0.2,8802,64,169685,19.27581506304669,36
0.2,8803,7,169692,19.27442071785552,105
0.2,8804,5,169697,19.27279954571266,28
0.2,8805,-30,169667,19.267204178968885,63
0.2,8806,56,169723,19.271375042579766,51
0.2,8807,50,169773,19.274863760217983,51
0.2,8808,83,169856,19.282097854467022,17
0.2,8809,86,169942,19.28967082860386,14
0.2,8810,92,170034,19.297923050732038,9
0.2,8811,20,170054,19.298002723558785,80
0.2,8812,-51,170003,19.290026097810053,83
0.2,8813,76,170079,19.29646017699115,25
0.2,8814,75,170154,19.30277935337493,30
0.2,8815,48,170202,19.30603448275862,52
0.2,8816,61,170263,19.31076329817398,40
0.2,8817,8,170271,19.309480607847586,92
0.2,8818,-88,170183,19.29731262047851,120
0.2,8819,12,170195,19.296485260770975,90
0.2,8820,-142,170053,19.27819975059517,176
0.2,8821,-58,169995,19.269440036272954,158
0.2,8822,-55,169940,19.261022328006348,155
0.2,8823,-42,169898,19.254079782411605,74
0.2,8824,73,169971,19.260169971671388,28
0.2,8825,-47,169924,19.252662587808747,80
0.2,8826,-38,169886,19.246176503908462,140
0.2,8827,-90,169796,19.233801540552786,194
0.2,8828,38,169834,19.235927058557028,63
0.2,8829,66,169900,19.24122310305776,34
0.2,8830,-89,169811,19.228966141999773,192
0.2,8831,68,169879,19.23448822463768,33
0.2,8832,-31,169848,19.228801086833464,133
0.2,8833,-33,169815,19.22288883857822,133
0.2,8834,-30,169785,19.217317487266552,132
0.2,8835,60,169845,19.22193300135808,41
0.2,8836,45,169890,19.224850062238318,56
0.2,8837,24,169914,19.22539035980991,76
0.2,8838,71,169985,19.231247878719312,30
0.2,8839,13,169998,19.230542986425338,88
0.2,8840,-124,169874,19.214342268974097,225
0.2,8841,-115,169759,19.199163085274826,150
0.2,8842,94,169853,19.207621847789213,7
0.2,8843,-44,169809,19.20047489823609,145
0.2,8844,59,169868,19.204974561899377,41
0.2,8845,-34,169834,19.19895998191273,66
0.2,8846,6,169840,19.197468068271732,95
0.2,8847,66,169906,19.202757685352623,34
0.2,8848,51,169957,19.206351000113006,49
0.2,8849,78,170035,19.212994350282486,22
0.2,8850,67,170102,19.218393401875495,34
0.2,8851,81,170183,19.225372797107998,19
0.2,8852,-1,170182,19.223088218682932,33
0.2,8853,49,170231,19.226451321436638,51
0.2,8854,2,170233,19.224505928853755,113
0.2,8855,-52,170181,19.216463414634145,152
0.2,8856,92,170273,19.224681043242633,8
0.2,8857,-191,170082,19.20094829532626,295
0.2,8858,-15,170067,19.197087707416188,124
0.2,8859,77,170144,19.203611738148986,24
0.2,8860,47,170191,19.206748673964565,55
0.2,8861,51,170242,19.210336267208305,50
0.2,8862,-5,170237,19.20760464853887,105
0.2,8863,60,170297,19.212206678700362,40
0.2,8864,86,170383,19.219740552735477,15
0.2,8865,41,170424,19.222197157681027,59
0.2,8866,-142,170282,19.204014886658396,244
0.2,8867,85,170367,19.21143437077131,15
0.2,8868,-135,170232,19.194046679445258,238
0.2,8869,38,170270,19.196166854565952,63
0.2,8870,-125,170145,19.179912073047007,159
0.2,8871,-14,170131,19.17617222723174,121
0.2,8872,12,170143,19.175363462188663,91
0.2,8873,55,170198,19.179400495830517,45
0.2,8874,86,170284,19.186929577464788,15
0.2,8875,93,170377,19.195245606128886,7
0.2,8876,82,170459,19.202320603807593,18
0.2,8877,38,170497,19.20443793647218,63
0.2,8878,64,170561,19.209483049893006,36
0.2,8879,92,170653,19.21768018018018,8
0.2,8880,71,170724,19.22351086589348,30
0.2,8881,-65,170659,19.21402837198829,165
0.2,8882,84,170743,19.221321625576945,17
0.2,8883,35,170778,19.223097703737054,66
0.2,8884,88,170866,19.23083849184018,12
0.2,8885,18,170884,19.230699977492684,14
0.2,8886,16,170900,19.23033644649488,87
0.2,8887,32,170932,19.23177317731773,69
0.2,8888,34,170966,19.233434582067723,67
0.2,8889,63,171029,19.238357705286838,39
0.2,8890,-143,170886,19.22011022382184,174
0.2,8891,90,170976,19.228070175438596,11
0.2,8892,-37,170939,19.221747441808162,140
0.2,8893,85,171024,19.229143242635484,15
0.2,8894,88,171112,19.236874648679034,12
0.2,8895,25,171137,19.237522482014388,75
0.2,8896,73,171210,19.243565246712375,27
0.2,8897,63,171273,19.24848280512475,38
0.2,8898,90,171363,19.25643330711316,11
0.2,8899,70,171433,19.262134831460674,31
0.2,8900,66,171499,19.26738568700146,38
0.2,8901,22,171521,19.26769265333633,89
0.2,8902,70,171591,19.273390991800518,31
0.2,8903,95,171686,19.281895777178796,6
0.2,8904,78,171764,19.288489612577205,22
0.2,8905,86,171850,19.29598023804177,14
0.2,8906,-82,171768,19.28460761199057,184
0.2,8907,95,171863,19.293107319263584,6
0.2,8908,29,171892,19.294196879559994,73
0.2,8909,28,171920,19.29517396184063,72
0.2,8910,74,171994,19.301312983952418,26
0.2,8911,63,172057,19.306216337522443,37
0.2,8912,18,172075,19.30606978570627,82
0.2,8913,-59,172016,19.297285169396456,164
0.2,8914,70,172086,19.302972518227705,31
0.2,8915,86,172172,19.31045311799013,15
0.2,8916,60,172232,19.31501626107435,42
0.2,8917,59,172291,19.319466248037678,42
0.2,8918,-76,172215,19.308779011099897,130
0.2,8919,3,172218,19.30695067264574,29
0.2,8920,31,172249,19.30826140567201,71
0.2,8921,22,172271,19.308563102443397,9
0.2,8922,91,172362,19.31659755687549,9
0.2,8923,5,172367,19.314993276557598,26
0.2,8924,64,172431,19.32,36
0.2,8925,95,172526,19.32847860183733,6
0.2,8926,23,172549,19.32888988461969,79
0.2,8927,86,172635,19.33635752688172,15
0.2,8928,59,172694,19.340799641617203,41
0.2,8929,44,172738,19.34356103023516,56
0.2,8930,81,172819,19.35046467360878,19
0.2,8931,16,172835,19.350089565606808,89
0.2,8932,-349,172486,19.308854808015223,313
0.2,8933,34,172520,19.310499216476384,66
0.2,8934,31,172551,19.311807498601006,71
0.2,8935,40,172591,19.314122649955237,61
0.2,8936,-97,172494,19.30110775427996,200
0.2,8937,-64,172430,19.29178787200716,97
0.2,8938,50,172480,19.29522317932655,50
0.2,8939,51,172531,19.29876957494407,49
0.2,8940,67,172598,19.304104686276702,33
0.2,8941,-127,172471,19.2877432341758,236
0.2,8942,3,172474,19.285921950128593,98
0.2,8943,31,172505,19.28723166368515,69
0.2,8944,-137,172368,19.269759642258244,99
0.2,8945,-30,172338,19.26425217974514,131
0.2,8946,22,172360,19.264557952386276,78
0.2,8947,-49,172311,19.256928922664283,152
0.2,8948,14,172325,19.25634149066935,17
0.2,8949,87,172412,19.26391061452514,13
0.2,8950,47,172459,19.26700927270696,53
0.2,8951,-8,172451,19.263963360142984,112
0.2,8952,-27,172424,19.25879593432369,140
0.2,8953,-253,172171,19.228389546571364,322
0.2,8954,59,172230,19.23283082077052,41
0.2,8955,-210,172020,19.207235372934345,241
0.2,8956,0,172020,19.205090990286926,125
0.2,8957,75,172095,19.211319490957802,26
0.2,8958,11,172106,19.21040294675745,90
0.2,8959,94,172200,19.21875,6
0.2,8960,62,172262,19.223524160249973,38
0.2,8961,64,172326,19.22852041954921,37
0.2,8962,40,172366,19.230837889099632,62
0.2,8963,53,172419,19.234605087014724,50
0.2,8964,81,172500,19.241494701617402,20
0.2,8965,88,172588,19.249163506580416,13
0.2,8966,35,172623,19.250920040147207,65
0.2,8967,79,172702,19.257582515611062,21
0.2,8968,-61,172641,19.24863418441298,93
0.2,8969,42,172683,19.25117056856187,59
0.2,8970,-34,172649,19.245234644967116,134
0.2,8971,87,172736,19.25278644672314,14
0.2,8972,70,172806,19.2584419926446,31
0.2,8973,-19,172787,19.254178738578116,51
0.2,8974,21,172808,19.254373259052926,80
0.2,8975,49,172857,19.2576871657754,55
0.2,8976,-25,172832,19.25275704578367,58
0.2,8977,59,172891,19.257184228113164,41
0.2,8978,52,172943,19.260830827486355,49
0.2,8979,94,173037,19.26915367483296,7
0.2,8980,-37,173000,19.262888319786214,140
0.2,8981,51,173051,19.266421732353596,54
0.2,8982,80,173131,19.27318267839252,21
0.2,8983,87,173218,19.280721282279607,14
0.2,8984,88,173306,19.288369504730106,12
0.2,8985,-38,173268,19.281994213220564,138
0.2,8986,50,173318,19.28541226215645,50
0.2,8987,-133,173185,19.26846906987094,168
0.2,8988,45,173230,19.271331627544775,57
0.2,8989,-31,173199,19.265739710789767,139
0.2,8990,-84,173115,19.254254254254253,187
0.2,8991,3,173118,19.252446619217082,101
0.2,8992,52,173170,19.25608806849772,48
0.2,8993,-17,173153,19.252056926840115,49
0.2,8994,46,173199,19.2550305725403,56
0.2,8995,81,173280,19.261894175188974,29
0.2,8996,84,173364,19.269089696565523,16
0.2,8997,54,173418,19.272949544343188,47
0.2,8998,-83,173335,19.26158462051339,186
0.2,8999,61,173396,19.266222222222222,39
0.2,9000,81,173477,19.273080768803467,20
0.2,9001,77,173554,19.27949344590091,26
0.2,9002,-23,173531,19.274797289792293,123
0.2,9003,86,173617,19.282207907596625,15
0.2,9004,55,173672,19.286174347584677,45
0.2,9005,69,173741,19.291694425938264,32
0.2,9006,-252,173489,19.26157433107583,291
0.2,9007,93,173582,19.269760213143872,8
0.2,9008,41,173623,19.272172272172273,61
0.2,9009,93,173716,19.2803551609323,23
0.2,9010,89,173805,19.28809233159472,12
0.2,9011,-109,173696,19.273857079449623,210
0.2,9012,92,173788,19.281926106734716,8
0.2,9013,92,173880,19.2899933436876,9
0.2,9014,74,173954,19.296062118691072,26
0.2,9015,53,174007,19.299800354924578,47
0.2,9016,79,174086,19.306421204391704,22
0.2,9017,93,174179,19.314593036149923,7
0.2,9018,0,174179,19.31245149129615,32
0.2,9019,-33,174146,19.306651884700667,144
0.2,9020,-11,174135,19.303292317924843,114
0.2,9021,12,174147,19.302482819773886,19
0.2,9022,-84,174063,19.291034024160478,116
0.2,9023,-213,173850,19.26529255319149,269
0.2,9024,-11,173839,19.261939058171745,111
0.2,9025,11,173850,19.26102370928429,20
0.2,9026,69,173919,19.266533732136924,31
0.2,9027,-71,173848,19.25653522374834,104
0.2,9028,28,173876,19.25750359951268,73
0.2,9029,-225,173651,19.23045404208195,325
0.2,9030,-33,173618,19.224670579116378,133
0.2,9031,83,173701,19.231731620903453,17
0.2,9032,-54,173647,19.223624487988488,155
0.2,9033,89,173736,19.23134823998229,11
0.2,9034,48,173784,19.23453237410072,53
0.2,9035,66,173850,19.239707835325365,35
0.2,9036,2,173852,19.237800154918666,98
0.2,9037,68,173920,19.24319539721177,32
0.2,9038,64,173984,19.248146918906958,36
0.2,9039,-138,173846,19.23075221238938,174
0.2,9040,-42,173804,19.223979648268998,142
0.2,9041,47,173851,19.227051537270516,55
0.2,9042,-77,173774,19.21641048324671,179
0.2,9043,81,173855,19.223241928350287,19
0.2,9044,71,173926,19.228966279712548,30
0.2,9045,-30,173896,19.2235242095954,133
0.2,9046,11,173907,19.222615231568476,92
0.2,9047,86,173993,19.22999557913351,15
0.2,9048,93,174086,19.23814786164217,7
0.2,9049,90,174176,19.24596685082873,11
0.2,9050,6,174182,19.244503369793392,96
0.2,9051,78,174260,19.25099425541317,23
0.2,9052,92,174352,19.259030155749475,9
0.2,9053,-99,174253,19.24596863264855,132
0.2,9054,64,174317,19.25091109884042,37
0.2,9055,75,174392,19.257067137809187,25
0.2,9056,-2,174390,19.254720105995364,34
0.2,9057,6,174396,19.253256789578273,25
0.2,9058,62,174458,19.257975493983885,39
0.2,9059,-53,174405,19.25,154
0.2,9060,-36,174369,19.24390243902439,139
0.2,9061,7,174376,19.2425513131759,94
0.2,9062,30,174406,19.243738276508882,71
0.2,9063,19,174425,19.243711385701676,81
0.2,9064,6,174431,19.242250413678985,107
0.2,9065,92,174523,19.25027575557026,8
0.2,9066,55,174578,19.2542185949046,47
0.2,9067,30,174608,19.25540361711513,73
0.2,9068,39,174647,19.25758076965487,62
0.2,9069,83,174730,19.264608599779493,17
0.2,9070,84,174814,19.271745121816778,16
0.2,9071,80,174894,19.27843915343915,21
0.2,9072,93,174987,19.286564532128292,8
0.2,9073,-119,174868,19.271324663874807,151
0.2,9074,49,174917,19.274600550964188,51
0.2,9075,-107,174810,19.260687527545173,208
0.2,9076,44,174854,19.263413021923544,57
0.2,9077,14,174868,19.262833223176912,86
0.2,9078,39,174907,19.265007159378786,63
0.2,9079,-46,174861,19.25781938325991,146
0.2,9080,51,174912,19.261314833168154,50
0.2,9081,10,174922,19.260295089187405,90
0.2,9082,19,174941,19.260266431795664,84
0.2,9083,44,174985,19.26298987230295,56
0.2,9084,-75,174910,19.252614199229498,187
0.2,9085,67,174977,19.257869249394673,34
0.2,9086,4,174981,19.25619016176956,99
0.2,9087,-107,174874,19.242297535211268,140
0.2,9088,9,174883,19.241170645835627,23
0.2,9089,52,174935,19.244774477447745,48
0.2,9090,58,174993,19.249037509624905,43
0.2,9091,-73,174920,19.238891333040034,106
0.2,9092,82,175002,19.245793467502473,18
0.2,9093,-265,174737,19.214537057400484,317
0.2,9094,90,174827,19.222319956019792,11
0.2,9095,93,174920,19.23043095866315,8
0.2,9096,94,175014,19.238650104430032,7
0.2,9097,94,175108,19.24686744339415,6
0.2,9098,-13,175095,19.2433234421365,45
0.2,9099,52,175147,19.24692307692308,48
0.2,9100,-33,175114,19.241182287660695,133
0.2,9101,89,175203,19.24884640738299,12
0.2,9102,71,175274,19.254531473140723,29
0.2,9103,67,175341,19.259775922671352,33
0.2,9104,48,175389,19.26293245469522,53
0.2,9105,61,175450,19.26751592356688,40
0.2,9106,67,175517,19.272757219721093,33
0.2,9107,92,175609,19.280742204655247,8
0.2,9108,93,175702,19.288835217916347,7
0.2,9109,56,175758,19.292864983534578,46
0.2,9110,11,175769,19.29195477993634,21
0.2,9111,19,175788,19.291922739244953,86
0.2,9112,49,175837,19.29518270602436,61
0.2,9113,-25,175812,19.29032258064516,56
0.2,9114,58,175870,19.294569391113548,42
0.2,9115,15,175885,19.294098288723124,85
0.2,9116,-142,175743,19.276406712734452,176
0.2,9117,-168,175575,19.255867514805878,200
0.2,9118,87,175662,19.263296414080493,13
0.2,9119,45,175707,19.26611842105263,56
0.2,9120,25,175732,19.266747067207543,6
0.2,9121,-40,175692,19.260249945187457,72
0.2,9122,-158,175534,19.240819905732764,259
0.2,9123,88,175622,19.248355984217447,12
0.2,9124,90,175712,19.256109589041095,10
0.2,9125,-8,175704,19.253122945430636,40
0.2,9126,65,175769,19.258135203243125,36
0.2,9127,27,175796,19.258983347940404,83
0.2,9128,44,175840,19.26169350421733,56
0.2,9129,55,175895,19.265607886089814,45
0.2,9130,15,175910,19.26514072938342,88
0.2,9131,61,175971,19.269710906701707,39
0.2,9132,55,176026,19.273623124931568,47
0.2,9133,-63,175963,19.264615721480183,95
0.2,9134,12,175975,19.26382047071702,88
0.2,9135,82,176057,19.270687390542907,19
0.2,9136,90,176147,19.278428368173362,11
0.2,9137,29,176176,19.279492230247318,71
0.2,9138,30,176206,19.280665280665282,71
0.2,9139,-1,176205,19.278446389496718,101
0.2,9140,-29,176176,19.273164861612514,61
0.2,9141,15,176191,19.272697440385038,85
0.2,9142,-50,176141,19.2651208574866,152
0.2,9143,57,176198,19.269247594050743,46
0.2,9144,36,176234,19.271077091306726,64
0.2,9145,90,176324,19.278810408921935,10
0.2,9146,-77,176247,19.268284683502788,181
0.2,9147,87,176334,19.275688675120247,13
0.2,9148,64,176398,19.280577112252704,37
0.2,9149,-14,176384,19.276939890710384,116
0.2,9150,-89,176295,19.265107638509452,190
0.2,9151,60,176355,19.269558566433567,41
0.2,9152,-30,176325,19.264175680104884,62
0.2,9153,72,176397,19.269936639720342,29
0.2,9154,41,176438,19.272310212998363,59
0.2,9155,-47,176391,19.265072083879424,148
0.2,9156,36,176427,19.266899639619965,65
0.2,9157,72,176499,19.272657785542695,29
0.2,9158,92,176591,19.280598318593732,8
0.2,9159,-19,176572,19.2764192139738,51
0.2,9160,83,176655,19.283375177382382,18
0.2,9161,-84,176571,19.272102161100197,186
0.2,9162,25,176596,19.272727272727273,76
0.2,9163,82,176678,19.279572239196856,18
0.2,9164,49,176727,19.28281505728314,51
0.2,9165,93,176820,19.29085751691032,8
0.2,9166,72,176892,19.296607396094686,28
0.2,9167,-2,176890,19.294284467713787,104
0.2,9168,88,176978,19.301777729305268,13
0.2,9169,-150,176828,19.283315158124317,185
0.2,9170,-57,176771,19.27499727401592,90
0.2,9171,91,176862,19.282817269952027,9
0.2,9172,14,176876,19.282241360514554,17
0.2,9173,-4,176872,19.279703509919337,106
0.2,9174,18,176890,19.279564032697547,82
0.2,9175,-90,176800,19.26765475152572,121
0.2,9176,82,176882,19.27449057426174,19
0.2,9177,86,176968,19.28176073218566,14
0.2,9178,95,177063,19.29000980498965,6
0.2,9179,-24,177039,19.28529411764706,135
0.2,9180,66,177105,19.290382311295065,34
0.2,9181,83,177188,19.29732084513178,18
0.2,9182,-12,177176,19.29391266470652,115
0.2,9183,53,177229,19.29758275261324,47
0.2,9184,11,177240,19.296679368535656,89
0.2,9185,-230,177010,19.269540605268887,350
0.2,9186,87,177097,19.276913029280504,13
0.2,9187,-5,177092,19.274270787984328,118
0.2,9188,-5,177087,19.271629121776037,108
0.2,9189,-148,176939,19.253427638737758,180
0.2,9190,-1,176938,19.25122402350125,32
0.2,9191,36,176974,19.253046127067016,64
0.2,9192,-3,176971,19.25062547590558,105
0.2,9193,63,177034,19.255383946051772,37
0.2,9194,90,177124,19.263077759651985,10
0.2,9195,94,177218,19.27120487168334,6
0.2,9196,21,177239,19.271392845493097,81
0.2,9197,79,177318,19.27788649706458,21
0.2,9198,22,177340,19.278182411131645,79
0.2,9199,48,177388,19.281304347826087,55
0.2,9200,50,177438,19.284642973589825,52
0.2,9201,32,177470,19.286024777222345,68
0.2,9202,-74,177396,19.27588829729436,176
0.2,9203,-55,177341,19.267818339852237,158
0.2,9204,-94,177247,19.255513307984792,130
0.2,9205,92,177339,19.263415164023463,8
0.2,9206,80,177419,19.270011947431303,21
0.2,9207,30,177449,19.271177237185057,71
0.2,9208,80,177529,19.277771745032034,20
0.2,9209,79,177608,19.284256243213896,21
0.2,9210,80,177688,19.290847899250895,20
0.2,9211,31,177719,19.292118975249675,72
0.2,9212,91,177810,19.299902311950504,10
0.2,9213,-102,177708,19.286737573258087,135
0.2,9214,71,177779,19.292349430276722,30
0.2,9215,31,177810,19.293619791666668,70
0.2,9216,84,177894,19.300640121514594,16
0.2,9217,87,177981,19.307984378390106,14
0.2,9218,93,178074,19.31597787178653,23
0.2,9219,59,178133,19.320281995661606,42
0.2,9220,-69,178064,19.310703828218198,109
0.2,9221,-58,178006,19.302320537844285,161
0.2,9222,-32,177974,19.296758104738153,137
0.2,9223,75,178049,19.30279705117086,26
0.2,9224,63,178112,19.307533875338752,38
0.2,9225,88,178200,19.314979406026445,12
0.2,9226,-104,178096,19.30161482605397,207
0.2,9227,42,178138,19.304074555700044,58
0.2,9228,75,178213,19.310109437642215,25
0.2,9229,-232,177981,19.28288190682557,344
0.2,9230,-33,177948,19.277218069548262,135
0.2,9231,21,177969,19.277404679376083,10
0.2,9232,75,178044,19.28343983537312,26
0.2,9233,87,178131,19.29077322936972,13
0.2,9234,-18,178113,19.286735246345426,119
0.2,9235,76,178189,19.292875703767866,24
0.2,9236,48,178237,19.295983544440837,52
0.2,9237,-123,178114,19.280580212167134,230
0.2,9238,64,178178,19.28542050005412,37
0.2,9239,-85,178093,19.2741341991342,185
0.2,9240,-16,178077,19.270317065252677,120
0.2,9241,84,178161,19.27732092620645,17
0.2,9242,3,178164,19.27555988315482,101
0.2,9243,66,178230,19.280614452617915,34
0.2,9244,32,178262,19.281990265008112,68
0.2,9245,46,178308,19.28487994808566,54
0.2,9246,39,178347,19.287012003893153,61
0.2,9247,31,178378,19.288278546712803,70
0.2,9248,-153,178225,19.269650773056547,273
0.2,9249,-68,178157,19.260216216216214,104
0.2,9250,83,178240,19.267106258782835,17
0.2,9251,-95,178145,19.254755728491137,126
0.2,9252,86,178231,19.261969091105588,15
0.2,9253,57,178288,19.266047114761186,43
0.2,9254,-81,178207,19.255213398163153,121
0.2,9255,2,178209,19.253349178910977,29
0.2,9256,88,178297,19.260775629253537,13
0.2,9257,94,178391,19.268848563404624,7
0.2,9258,69,178460,19.27421967815099,33
0.2,9259,74,178534,19.28012958963283,26
0.2,9260,80,178614,19.286686103012634,20
0.2,9261,93,178707,19.294644785143596,7
0.2,9262,39,178746,19.296772104069955,88
0.2,9263,-23,178723,19.29220639032815,125
0.2,9264,88,178811,19.299622234214787,13
0.2,9265,60,178871,19.304014677314914,42
0.2,9266,81,178952,19.310672277975613,19
0.2,9267,-7,178945,19.30783340526543,108
0.2,9268,83,179028,19.314704930413207,17
0.2,9269,66,179094,19.319741100323625,35
0.2,9270,87,179181,19.32704131161687,14
0.2,9271,-11,179170,19.32377049180328,42
0.2,9272,-123,179047,19.308422301304862,227
0.2,9273,-16,179031,19.304615052835885,119
0.2,9274,49,179080,19.307816711590295,51
0.2,9275,80,179160,19.314359637774903,20
0.2,9276,-9,179151,19.311307534763394,111
0.2,9277,77,179228,19.31752532873464,23
0.2,9278,88,179316,19.324927255092142,13
0.2,9279,-17,179299,19.32101293103448,117
0.2,9280,87,179386,19.32830513953238,14
0.2,9281,68,179454,19.33354880413704,33
0.2,9282,83,179537,19.340407195949584,17
0.2,9283,81,179618,19.347048685911243,20
0.2,9284,-173,179445,19.32633279483037,208
0.2,9285,-22,179423,19.32188240361835,123
0.2,9286,-124,179299,19.30644987617099,158
0.2,9287,-57,179242,19.29823428079242,163
0.2,9288,93,179335,19.30616858650016,8
0.2,9289,-92,179243,19.294187298170076,154
0.2,9290,91,179334,19.30190506942202,9
0.2,9291,-50,179284,19.294446835987948,83
0.2,9292,-208,179076,19.26998816313354,244
0.2,9293,78,179154,19.27630729502905,22
0.2,9294,49,179203,19.27950511027434,51
0.2,9295,87,179290,19.286790017211704,14
0.2,9296,92,179382,19.2946111648919,9
0.2,9297,30,179412,19.295762529576255,70
0.2,9298,94,179506,19.30379610710829,7
0.2,9299,52,179558,19.30731182795699,49
0.2,9300,75,179633,19.31329964519944,25
0.2,9301,27,179660,19.314125994409803,75
0.2,9302,46,179706,19.316994517897452,55
0.2,9303,41,179747,19.31932502149613,59
0.2,9304,95,179842,19.32745835572273,6
0.2,9305,86,179928,19.334622823984525,14
0.2,9306,77,180005,19.340818738583863,23
0.2,9307,-37,179968,19.334765792866353,141
0.2,9308,59,180027,19.33902674830809,42
0.2,9309,-8,180019,19.33609022556391,39
0.2,9310,-149,179870,19.318010954784665,259
0.2,9311,21,179891,19.318191580756015,81
0.2,9312,83,179974,19.325029528615914,17
0.2,9313,58,180032,19.329181876744684,43
0.2,9314,62,180094,19.333762748255502,38
0.2,9315,33,180127,19.335229712322885,67
0.2,9316,45,180172,19.337984329719866,56
0.2,9317,-33,180139,19.332367460828504,134
0.2,9318,45,180184,19.335121794183927,57
0.2,9319,87,180271,19.342381974248926,14
0.2,9320,80,180351,19.34888960411973,20
0.2,9321,84,180435,19.355824930272473,16
0.2,9322,-22,180413,19.35138903786335,124
0.2,9323,95,180508,19.35950235950236,6
0.2,9324,69,180577,19.364825737265416,31
0.2,9325,70,180647,19.37025520051469,32
0.2,9326,69,180716,19.375576283906938,32
0.2,9327,-4,180712,19.373070325900514,109
0.2,9328,86,180798,19.380212241397793,35
0.2,9329,0,180798,19.37813504823151,31
0.2,9330,61,180859,19.38259564891223,39
0.2,9331,80,180939,19.389091298756966,20
0.2,9332,-232,180707,19.36215579127826,195
0.2,9333,12,180719,19.361367045211058,88
0.2,9334,86,180805,19.368505623995716,15
0.2,9335,48,180853,19.371572407883463,53
0.2,9336,-40,180813,19.365213666059763,140
0.2,9337,90,180903,19.372777896765903,10
0.2,9338,76,180979,19.378841417710674,24
0.2,9339,15,180994,19.378372591006425,86
0.2,9340,28,181022,19.379295578631837,74
0.2,9341,83,181105,19.38610575893813,17
0.2,9342,22,181127,19.38638552927325,10
0.2,9343,-107,181020,19.372859589041095,209
0.2,9344,86,181106,19.379989299090422,15
0.2,9345,43,181149,19.382516584635137,60
0.2,9346,44,181193,19.385150315609287,57
0.2,9347,71,181264,19.390671801454857,29
0.2,9348,47,181311,19.393624986629586,53
0.2,9349,78,181389,19.39989304812834,22
0.2,9350,-48,181341,19.392685274302213,153
0.2,9351,80,181421,19.399165953806673,20
0.2,9352,-123,181298,19.38394098150326,228
0.2,9353,27,181325,19.384755184947615,76
0.2,9354,94,181419,19.39273115980759,6
0.2,9355,-167,181252,19.372808892689182,198
0.2,9356,86,181338,19.37992946457198,14
0.2,9357,54,181392,19.3836289805514,46
0.2,9358,-3,181389,19.3812373116786,103
0.2,9359,94,181483,19.3892094017094,6
0.2,9360,83,181566,19.396004700352528,18
0.2,9361,60,181626,19.40034180730613,41
0.2,9362,79,181705,19.40670725194916,22
0.2,9363,87,181792,19.413925672789407,14
0.2,9364,90,181882,19.421462893753336,10
0.2,9365,-198,181684,19.39824898569293,310
0.2,9366,-33,181651,19.392655065656026,133
0.2,9367,35,181686,19.394321093082834,66
0.2,9368,-192,181494,19.371757925072046,226
0.2,9369,0,181494,19.369690501600854,31
0.2,9370,92,181586,19.377441041511045,8
0.2,9371,-22,181564,19.373026034997867,125
0.2,9372,52,181616,19.376506988157473,49
0.2,9373,57,181673,19.38052058886281,45
0.2,9374,8,181681,19.37930666666667,23
0.2,9375,43,181724,19.381825938566553,60
0.2,9376,65,181789,19.386690839287617,35
0.2,9377,0,181789,19.38462358711879,102
0.2,9378,1,181790,19.382663396950633,99
0.2,9379,91,181881,19.390298507462685,9
0.2,9380,91,181972,19.397931990192944,10
0.2,9381,35,182007,19.399594969089748,65
0.2,9382,92,182099,19.407332409677075,8
0.2,9383,-62,182037,19.398657289002557,94
0.2,9384,85,182122,19.405647309536494,16
0.2,9385,91,182213,19.413275090560408,10
0.2,9386,-49,182164,19.40598700330244,150
0.2,9387,88,182252,19.413293566254794,13
0.2,9388,92,182344,19.421024603259134,8
0.2,9389,-121,182223,19.406070287539936,155
0.2,9390,-181,182042,19.384730060696413,145
0.2,9391,69,182111,19.390012776831345,33
0.2,9392,-59,182052,19.38166719897796,93
0.2,9393,-9,182043,19.378645944219716,40
0.2,9394,22,182065,19.37892496008515,79
0.2,9395,17,182082,19.3786717752235,83
0.2,9396,23,182105,19.379057145897626,79
0.2,9397,-49,182056,19.371781230048946,81
0.2,9398,84,182140,19.378657303968506,16
0.2,9399,92,182232,19.386382978723404,8
0.2,9400,58,182290,19.390490373364536,44
0.2,9401,-54,182236,19.382684535205275,87
0.2,9402,33,182269,19.384132723598853,67
0.2,9403,88,182357,19.391429179072734,12
0.2,9404,-232,182125,19.364699627857522,332
0.2,9405,-36,182089,19.35881352328301,69
0.2,9406,67,182156,19.36387796321888,51
0.2,9407,-97,182059,19.351509353741495,199
0.2,9408,21,182080,19.351684557338718,79
0.2,9409,69,182149,19.356960680127525,32
0.2,9410,60,182209,19.36127935394751,41
0.2,9411,2,182211,19.359434764130896,101
0.2,9412,69,182280,19.36470838202486,31
0.2,9413,-201,182079,19.34130019120459,270
0.2,9414,91,182170,19.34891131173659,9
0.2,9415,-82,182088,19.338147833474935,115
0.2,9416,56,182144,19.34204098969948,45
0.2,9417,85,182229,19.349012529199406,16
0.2,9418,13,182242,19.34833846480518,88
0.2,9419,-2,182240,19.34607218683652,34
0.2,9420,19,182259,19.346035452712027,81
0.2,9421,49,182308,19.349182763744427,53
0.2,9422,24,182332,19.349676323888357,76
0.2,9423,79,182411,19.356005942275043,21
0.2,9424,50,182461,19.359257294429707,51
0.2,9425,76,182537,19.365266284744322,25
0.2,9426,74,182611,19.371061843640607,27
0.2,9427,94,182705,19.378977513788715,7
0.2,9428,-39,182666,19.372786085480964,141
0.2,9429,56,182722,19.376670201484625,45
0.2,9430,86,182808,19.383734492630687,15
0.2,9431,84,182892,19.390585241730278,16
0.2,9432,56,182948,19.394466235556028,44
0.2,9433,83,183031,19.40120839516642,17
0.2,9434,46,183077,19.40402755696873,56
0.2,9435,35,183112,19.405680373039424,75
0.2,9436,-97,183015,19.39334534279962,197
0.2,9437,81,183096,19.39987285441831,19
0.2,9438,54,183150,19.40353851043543,47
0.2,9439,24,183174,19.404025423728815,77
0.2,9440,42,183216,19.40641881156657,60
0.2,9441,-86,183130,19.395255242533363,126
0.2,9442,82,183212,19.401884994175578,18
0.2,9443,85,183297,19.408831003811944,16
0.2,9444,33,183330,19.41026998411858,68
0.2,9445,67,183397,19.415308066906626,34
0.2,9446,30,183427,19.416428495818778,74
0.2,9447,70,183497,19.421782387806942,34
0.2,9448,74,183571,19.427558471795958,27
0.2,9449,-130,183441,19.41174603174603,166
0.2,9450,-163,183278,19.392445243889536,196
0.2,9451,37,183315,19.394308082945408,63
0.2,9452,57,183372,19.39828625833069,51
0.2,9453,-21,183351,19.394013116141316,155
0.2,9454,69,183420,19.39925965097832,33
0.2,9455,87,183507,19.406408629441625,13
0.2,9456,85,183592,19.41334461245638,16
0.2,9457,58,183650,19.417424402622117,43
0.2,9458,26,183676,19.418120308700708,6
0.2,9459,86,183762,19.425158562367866,18
0.2,9460,-160,183602,19.406193848430398,134
0.2,9461,72,183674,19.411752272246883,29
0.2,9462,42,183716,19.41413927929832,58
0.2,9463,-1,183715,19.41198224852071,103
0.2,9464,78,183793,19.418172213417854,22
0.2,9465,18,183811,19.418022395943375,82
0.2,9466,37,183848,19.41987958170487,66
0.2,9467,40,183888,19.422053231939163,61
0.2,9468,44,183932,19.424648854155667,57
0.2,9469,91,184023,19.43220696937698,9
0.2,9470,18,184041,19.43205574912892,83
0.2,9471,26,184067,19.432749155405407,76
0.2,9472,9,184076,19.431647841232977,23
0.2,9473,-8,184068,19.428752374920837,108
0.2,9474,-111,183957,19.414986807387862,216
0.2,9475,-56,183901,19.407028281975517,158
0.2,9476,82,183983,19.4136330062256,18
0.2,9477,87,184070,19.42076387423507,14
0.2,9478,72,184142,19.426310792277665,28
0.2,9479,80,184222,19.43270042194093,20
0.2,9480,95,184317,19.44067081531484,6
0.2,9481,94,184411,19.448534064543345,7
0.2,9482,83,184494,19.455235684909837,17
0.2,9483,92,184586,19.462884858709405,8
0.2,9484,-19,184567,19.458829731154456,123
0.2,9485,46,184613,19.461627661817417,59
0.2,9486,92,184705,19.46927374301676,8
0.2,9487,66,184771,19.474177908937605,34
0.2,9488,-42,184729,19.46769944145853,74
0.2,9489,-206,184523,19.44394099051633,173
0.2,9490,51,184574,19.44726583078706,50
0.2,9491,3,184577,19.445533080488833,100
0.2,9492,77,184654,19.451595912777837,24
0.2,9493,60,184714,19.455866863282072,41
0.2,9494,-64,184650,19.447077409162716,168
0.2,9495,82,184732,19.453664700926705,30
0.2,9496,14,184746,19.45309044961567,87
0.2,9497,-23,184723,19.44862076226574,55
0.2,9498,-66,184657,19.439625223707758,168
0.2,9499,87,184744,19.446736842105263,14
0.2,9500,27,184771,19.447531838753815,73
0.2,9501,-209,184562,19.423489791622817,246
0.2,9502,53,184615,19.427023045354098,47
0.2,9503,77,184692,19.43308080808081,23
0.2,9504,3,184695,19.431351920042083,98
0.2,9505,83,184778,19.438039133179046,18
0.2,9506,81,184859,19.444514568212895,20
0.2,9507,92,184951,19.45214556163231,9
0.2,9508,58,185009,19.45619939005153,42
0.2,9509,73,185082,19.461829652996844,27
0.2,9510,-108,184974,19.448428135842708,140
0.2,9511,67,185041,19.45342724978974,33
0.2,9512,59,185100,19.45758435824661,41
0.2,9513,49,185149,19.4606895101955,52
0.2,9514,81,185230,19.46715712033631,19
0.2,9515,-104,185126,19.454182429592265,153
0.2,9516,24,185150,19.4546600819586,77
0.2,9517,-18,185132,19.45072494221475,119
0.2,9518,51,185183,19.45403928984137,51
0.2,9519,74,185257,19.459768907563024,26
0.2,9520,83,185340,19.466442600567166,18
0.2,9521,39,185379,19.468494013862635,63
0.2,9522,-46,185333,19.461619237635198,147
0.2,9523,-15,185318,19.4580008399832,115
0.2,9524,-1,185317,19.455853018372704,103
0.2,9525,89,185406,19.463153474700817,11
0.2,9526,82,185488,19.469717644589064,18
0.2,9527,80,185568,19.476070528967256,20
0.2,9528,-158,185410,19.457445692097806,190
0.2,9529,-81,185329,19.446904512067157,182
0.2,9530,82,185411,19.453467631937887,19
0.2,9531,-248,185163,19.425409148132605,285
0.2,9532,69,185232,19.430609461869295,31
0.2,9533,-7,185225,19.427837214180826,39
0.2,9534,59,185284,19.431987414787624,41
0.2,9535,26,185310,19.432676174496645,76
0.2,9536,55,185365,19.43640557827409,45
0.2,9537,8,185373,19.435206542252043,93
0.2,9538,93,185466,19.44291854492085,8
0.2,9539,75,185541,19.44874213836478,25
0.2,9540,10,185551,19.447751807986585,91
0.2,9541,-2,185549,19.44550408719346,33
0.2,9542,54,185603,19.449125013098605,46
0.2,9543,-8,185595,19.44624895222129,39
0.2,9544,35,185630,19.447878470403353,67
0.2,9545,89,185719,19.455164466792375,12
0.2,9546,40,185759,19.457316434482035,60
0.2,9547,58,185817,19.461353162966066,42
0.2,9548,0,185817,19.459315111530003,102
0.2,9549,-49,185768,19.45214659685864,81
0.2,9550,-3,185765,19.449795832897077,106
0.2,9551,70,185835,19.455087939698494,30
0.2,9552,-37,185798,19.44917826860672,154
0.2,9553,48,185846,19.452166631777267,53
0.2,9554,28,185874,19.453061224489797,75
0.2,9555,-32,185842,19.447676852239432,63
0.2,9556,74,185916,19.453384953437272,26
0.2,9557,92,186008,19.460975099393178,8
0.2,9558,74,186082,19.466680615127107,27
0.2,9559,-14,186068,19.46317991631799,45
0.2,9560,74,186142,19.468884007948958,27
0.2,9561,11,186153,19.467998326709893,90
0.2,9562,-83,186070,19.457283279305656,116
0.2,9563,76,186146,19.46319531576746,24
0.2,9564,64,186210,19.467851542080503,37
0.2,9565,82,186292,19.47438845912607,18
0.2,9566,81,186373,19.480819483641685,20
0.2,9567,91,186464,19.48829431438127,10
0.2,9568,-113,186351,19.474448740725258,146
0.2,9569,-42,186309,19.468025078369905,148
0.2,9570,-73,186236,19.458363807334656,106
0.2,9571,-69,186167,19.449122440451315,169
0.2,9572,41,186208,19.451373655071556,59
0.2,9573,-132,186076,19.435554627115103,233
0.2,9574,81,186157,19.441984334203656,20
0.2,9575,-3,186154,19.439640768588138,103
0.2,9576,30,186184,19.440743447843793,70
0.2,9577,91,186275,19.448214658592608,10
0.2,9578,21,186296,19.448376657271115,80
0.2,9579,-175,186121,19.428079331941547,208
0.2,9580,87,186208,19.435132032146957,13
0.2,9581,91,186299,19.442600709663953,10
0.2,9582,-85,186214,19.431701972242514,187
0.2,9583,75,186289,19.4375,27
0.2,9584,-4,186285,19.435054773082943,105
0.2,9585,37,186322,19.436887127060295,63
0.2,9586,-171,186151,19.41702305204965,207
0.2,9587,94,186245,19.424801835627868,7
0.2,9588,76,186321,19.430701845865055,24
0.2,9589,-133,186188,19.4148070907195,183
0.2,9590,86,186274,19.42174955687624,14
0.2,9591,64,186338,19.426396997497914,37
0.2,9592,84,186422,19.433128322735328,16
0.2,9593,37,186459,19.434959349593495,64
0.2,9594,19,186478,19.43491401771756,12
0.2,9595,78,186556,19.441017090454356,23
0.2,9596,56,186612,19.44482650828384,44
0.2,9597,-54,186558,19.437174411335693,158
0.2,9598,-31,186527,19.431919991665797,62
0.2,9599,33,186560,19.433333333333334,69
0.2,9600,-6,186554,19.430684303718362,37
0.2,9601,32,186586,19.431993334721934,69
0.2,9602,-104,186482,19.419139852129543,67
0.2,9603,89,186571,19.426384839650147,11
0.2,9604,13,186584,19.425715773034877,87
0.2,9605,91,186675,19.43316677076827,9
0.2,9606,20,186695,19.433225772873946,80
0.2,9607,80,186775,19.439529558701082,21
0.2,9608,76,186851,19.445415756062026,24
0.2,9609,-255,186596,19.416857440166492,219
0.2,9610,-31,186565,19.41161169493289,131
0.2,9611,33,186598,19.413025384935498,67
0.2,9612,-170,186428,19.393321543742847,274
0.2,9613,29,186457,19.394320782192636,72
0.2,9614,-38,186419,19.388351534061364,71
0.2,9615,-10,186409,19.38529534109817,42
0.2,9616,94,186503,19.393053966933554,6
0.2,9617,-114,186389,19.37918486171761,217
0.2,9618,77,186466,19.385175174134524,24
0.2,9619,-38,186428,19.37920997920998,80
0.2,9620,87,186515,19.386238436752937,13
0.2,9621,-76,186439,19.37632508833922,176
0.2,9622,-138,186301,19.35997090304479,195
0.2,9623,-156,186145,19.341749792186203,121
0.2,9624,54,186199,19.34535064935065,46
0.2,9625,52,186251,19.348742987741534,48
0.2,9626,38,186289,19.350680378103252,62
0.2,9627,85,186374,19.35749896136269,15
0.2,9628,83,186457,19.364108422473777,17
0.2,9629,-65,186392,19.355347871235722,165
0.2,9630,67,186459,19.360294881113074,40
0.2,9631,-10,186449,19.357246677740864,110
0.2,9632,-251,186198,19.329180940516974,216
0.2,9633,81,186279,19.335582312642725,19
0.2,9634,28,186307,19.336481577581733,73
0.2,9635,21,186328,19.336654213366543,10
0.2,9636,40,186368,19.338798381238973,60
0.2,9637,20,186388,19.338866984851627,83
0.2,9638,-74,186314,19.329183525261957,107
0.2,9639,-74,186240,19.319502074688796,107
0.2,9640,68,186308,19.324551395083496,32
0.2,9641,-161,186147,19.30584940883634,125
0.2,9642,46,186193,19.308617650108886,57
0.2,9643,55,186248,19.312318540024886,46
0.2,9644,68,186316,19.31736651114567,33
0.2,9645,-35,186281,19.311735434376942,139
0.2,9646,84,186365,19.318440966103452,16
0.2,9647,45,186410,19.321102819237147,56
0.2,9648,82,186492,19.327598714892734,18
0.2,9649,84,186576,19.334300518134715,16
0.2,9650,77,186653,19.34027561910683,24
0.2,9651,70,186723,19.345524243680067,31
0.2,9652,-44,186679,19.33896198073138,145
0.2,9653,38,186717,19.340894965817277,63
0.2,9654,-195,186522,19.318694976696012,300
0.2,9655,-31,186491,19.313483844241922,157
0.2,9656,51,186542,19.316765040902972,49
0.2,9657,82,186624,19.32325533236695,18
0.2,9658,39,186663,19.325292473340927,61
0.2,9659,-302,186361,19.292028985507248,411
0.2,9660,55,186416,19.295725080219437,46
0.2,9661,-71,186345,19.286379631546264,174
0.2,9662,-26,186319,19.281693055986754,128
0.2,9663,55,186374,19.285389072847682,46
0.2,9664,30,186404,19.286497672012416,72
0.2,9665,81,186485,19.292882267742602,20
0.2,9666,63,186548,19.297403537809043,37
0.2,9667,88,186636,19.304509722796855,13
0.2,9668,1,186637,19.302616609783847,102
0.2,9669,63,186700,19.307135470527406,38
0.2,9670,-61,186639,19.298831558266983,161
0.2,9671,-97,186542,19.286807278742764,131
0.2,9672,67,186609,19.291739894551846,33
0.2,9673,63,186672,19.296258011163946,37
0.2,9674,67,186739,19.301188630490955,34
0.2,9675,-84,186655,19.290512608515915,116
0.2,9676,34,186689,19.292032654748372,67
0.2,9677,86,186775,19.298925397809466,14
0.2,9678,84,186859,19.305610083686332,17
0.2,9679,91,186950,19.31301652892562,10
0.2,9680,74,187024,19.318665427125296,26
0.2,9681,19,187043,19.3186325139434,83
0.2,9682,-124,186919,19.30383145719302,158
0.2,9683,-5,186914,19.30132176786452,37
0.2,9684,-76,186838,19.291481672689727,179
0.2,9685,90,186928,19.298781746851127,11
0.2,9686,94,187022,19.30649323836069,7
0.2,9687,62,187084,19.31090008257638,39
0.2,9688,-236,186848,19.284549489111363,199
0.2,9689,-75,186773,19.274819401444788,108
0.2,9690,58,186831,19.278815395727996,43
0.2,9691,19,186850,19.278786628146925,83
0.2,9692,83,186933,19.28536056948313,17
0.2,9693,-339,186594,19.248401072828553,373
0.2,9694,20,186614,19.24847859721506,81
0.2,9695,7,186621,19.247215346534652,95
0.2,9696,91,186712,19.25461482932866,10
0.2,9697,-149,186563,19.237265415549597,183
0.2,9698,85,186648,19.24404577791525,15
0.2,9699,6,186654,19.242680412371133,95
0.2,9700,-54,186600,19.235130398927947,86
0.2,9701,-21,186579,19.230983302411875,53
0.2,9702,82,186661,19.23745233432959,18
0.2,9703,-5,186656,19.234954657873043,107
0.2,9704,57,186713,19.23884595569294,43
0.2,9705,25,186738,19.23943952194519,7
0.2,9706,-35,186703,19.233851859482847,137
0.2,9707,-4,186699,19.231458590852906,106
0.2,9708,79,186778,19.23761458440622,21
0.2,9709,-56,186722,19.229866117404736,88
0.2,9710,-155,186567,19.211924621563174,258
0.2,9711,81,186648,19.21828665568369,19
0.2,9712,83,186731,19.22485328940595,17
0.2,9713,77,186808,19.230800905908996,23
0.2,9714,67,186875,19.235717961914567,34
0.2,9715,84,186959,19.242383696994647,16
0.2,9716,-40,186919,19.236286919831223,141
0.2,9717,-50,186869,19.229162379090347,82
0.2,9718,-51,186818,19.221936413211235,83
0.2,9719,87,186905,19.228909465020575,13
0.2,9720,92,186997,19.236395432568667,9
0.2,9721,-16,186981,19.232771034766508,116
0.2,9722,43,187024,19.235215468476806,58
0.2,9723,71,187095,19.240538872891815,29
0.2,9724,77,187172,19.246478149100255,23
0.2,9725,60,187232,19.250668311741723,41
0.2,9726,84,187316,19.257324971728178,16
0.2,9727,64,187380,19.261924342105264,38
0.2,9728,33,187413,19.263336416897936,68
0.2,9729,79,187492,19.269475847893116,22
0.2,9730,67,187559,19.27438084472305,33
0.2,9731,48,187607,19.27733251130292,52
0.2,9732,87,187694,19.28429055789582,14
0.2,9733,77,187771,19.29021984795562,24
0.2,9734,90,187861,19.2974833076528,35
0.2,9735,42,187903,19.29981511914544,59
0.2,9736,-142,187761,19.283249460819555,176
0.2,9737,66,187827,19.288046826863834,34
0.2,9738,91,187918,19.29541020638669,10
0.2,9739,-349,187569,19.25759753593429,323
0.2,9740,-113,187456,19.24402012113746,146
0.2,9741,77,187533,19.249948675836585,24
0.2,9742,88,187621,19.257005029251772,12
0.2,9743,-138,187483,19.240866174055828,170
0.2,9744,-24,187459,19.23642893791688,56
0.2,9745,72,187531,19.241842807305563,28
0.2,9746,10,187541,19.240894634246434,22
0.2,9747,19,187560,19.24086992203529,81
0.2,9748,-52,187508,19.23356241665812,87
0.2,9749,55,187563,19.23723076923077,46
0.2,9750,79,187642,19.243359655419958,22
0.2,9751,21,187663,19.243539786710418,84
0.2,9752,24,187687,19.244027478724494,76
0.2,9753,-84,187603,19.23344269017839,192
0.2,9754,-26,187577,19.22880574064582,127
0.2,9755,-35,187542,19.223247232472325,135
0.2,9756,64,187606,19.227836425130675,36
0.2,9757,93,187699,19.235396597663456,8
0.2,9758,89,187788,19.24254534276053,12
0.2,9759,70,187858,19.247745901639345,30
0.2,9760,73,187931,19.2532527404979,28
0.2,9761,80,188011,19.259475517312026,20
0.2,9762,20,188031,19.25955136740756,83
0.2,9763,92,188123,19.267001229004507,9
0.2,9764,94,188217,19.274654377880186,7
0.2,9765,-87,188130,19.263772271144788,193
0.2,9766,78,188208,19.26978601412921,22
0.2,9767,-214,187994,19.245904995904997,252
0.2,9768,65,188059,19.25058859658102,36
0.2,9769,92,188151,19.258034800409416,8
0.2,9770,-9,188142,19.255142769419713,110
0.2,9771,70,188212,19.260335652885797,30
0.2,9772,54,188266,19.26389031003786,46
0.2,9773,-197,188069,19.241763863310826,247
0.2,9774,69,188138,19.246854219948847,31
0.2,9775,72,188210,19.252250409165303,30
0.2,9776,69,188279,19.257338651938223,31
0.2,9777,63,188342,19.26181223154019,37
0.2,9778,87,188429,19.268739134880867,14
0.2,9779,57,188486,19.272597137014316,44
0.2,9780,92,188578,19.280032716491156,9
0.2,9781,9,188587,19.278981803312206,103
0.2,9782,53,188640,19.282428702851885,47
0.2,9783,84,188724,19.28904333605887,16
0.2,9784,-109,188615,19.275932549821153,141
0.2,9785,74,188689,19.28152462701819,27
0.2,9786,27,188716,19.282313272708695,73
0.2,9787,93,188809,19.289844707805475,8
0.2,9788,-112,188697,19.276432730615998,145
0.2,9789,1,188698,19.274565883554647,112
0.2,9790,85,188783,19.281278725360025,15
0.2,9791,57,188840,19.28513071895425,43
0.2,9792,90,188930,19.292351679771265,10
0.2,9793,85,189015,19.299060649377168,16
0.2,9794,26,189041,19.29974476773864,75
0.2,9795,50,189091,19.302878726010615,51
0.2,9796,-191,188900,19.281412677350207,86
0.2,9797,46,188946,19.28413962033068,54
0.2,9798,79,189025,19.290233697316054,21
0.2,9799,8,189033,19.289081632653062,92
0.2,9800,-170,188863,19.269768390980513,133
0.2,9801,73,188936,19.27524994899,28
0.2,9802,-201,188735,19.25277976129756,253
0.2,9803,69,188804,19.257853937168502,35
0.2,9804,64,188868,19.262417134115246,36
0.2,9805,28,188896,19.263308178666122,73
0.2,9806,10,188906,19.262363617824004,22
0.2,9807,76,188982,19.2681484502447,24
0.2,9808,49,189031,19.271179529003977,52
0.2,9809,59,189090,19.275229357798164,41
0.2,9810,42,189132,19.27754561206809,58
0.2,9811,30,189162,19.278638401956787,71
0.2,9812,-17,189145,19.274941404259657,48
0.2,9813,71,189216,19.280211942123497,30
0.2,9814,-49,189167,19.27325522159959,95
0.2,9815,74,189241,19.278830480847596,26
0.2,9816,88,189329,19.28583070184374,13
0.2,9817,50,189379,19.28895905479731,50
0.2,9818,88,189467,19.29595681841328,13
0.2,9819,69,189536,19.3010183299389,32
0.2,9820,53,189589,19.304449648711945,50
0.2,9821,52,189641,19.307778456526165,49
0.2,9822,-147,189494,19.290848009772983,208
0.2,9823,13,189507,19.290207654723126,87
0.2,9824,74,189581,19.295776081424936,30
0.2,9825,59,189640,19.299816812538165,43
0.2,9826,-100,189540,19.287676808792103,135
0.2,9827,32,189572,19.28897028897029,68
0.2,9828,-61,189511,19.280801709227795,95
0.2,9829,-109,189402,19.267751780264497,140
0.2,9830,29,189431,19.268741735327026,73
0.2,9831,92,189523,19.27613913751017,9
0.2,9832,73,189596,19.281602766195466,27
0.2,9833,6,189602,19.280252186292454,98
0.2,9834,45,189647,19.282867310625317,55
0.2,9835,-87,189560,19.272061813745424,122
0.2,9836,25,189585,19.272644098810613,75
0.2,9837,-57,189528,19.264891238056517,158
0.2,9838,91,189619,19.27218213233052,9
0.2,9839,22,189641,19.272459349593497,80
0.2,9840,-76,189565,19.262778172949904,108
0.2,9841,6,189571,19.261430603535867,96
0.2,9842,92,189663,19.2688204815605,8
0.2,9843,55,189718,19.272450223486388,46
0.2,9844,71,189789,19.277704418486543,32
0.2,9845,94,189883,19.285293520211255,7
0.2,9846,-51,189832,19.278155783487357,155
0.2,9847,-55,189777,19.27061332250203,90
0.2,9848,58,189835,19.27454563915118,43
0.2,9849,58,189893,19.278477157360406,43
0.2,9850,93,189986,19.285960816160795,7
0.2,9851,-29,189957,19.281059683313032,131
0.2,9852,66,190023,19.285801278798335,35
0.2,9853,89,190112,19.29287598944591,11
0.2,9854,89,190201,19.299949264332827,11
0.2,9855,56,190257,19.30367288961039,44
0.2,9856,-54,190203,19.296236177335903,157
0.2,9857,27,190230,19.297017650639074,76
0.2,9858,4,190234,19.295466071609695,96
0.2,9859,28,190262,19.296348884381338,73
0.2,9860,50,190312,19.299462529155257,51
0.2,9861,49,190361,19.302474143175825,66
0.2,9862,83,190444,19.308932373517184,18
0.2,9863,82,190526,19.315287915652878,19
0.2,9864,-48,190478,19.308464267612774,151
0.2,9865,8,190486,19.307318062031218,95
0.2,9866,-45,190441,19.300800648626737,147
0.2,9867,-86,190355,19.290129712201054,187
0.2,9868,17,190372,19.28989765933732,14
0.2,9869,80,190452,19.296048632218845,21
0.2,9870,77,190529,19.30189443825347,23
0.2,9871,94,190623,19.30946110210697,6
0.2,9872,-4,190619,19.30710017218677,106
0.2,9873,83,190702,19.313550739315374,17
0.2,9874,77,190779,19.31939240506329,24
0.2,9875,-16,190763,19.315816119886595,116
0.2,9876,3,190766,19.31416421990483,97
0.2,9877,57,190823,19.317979348046162,43
0.2,9878,10,190833,19.317036137260857,91
0.2,9879,49,190882,19.32004048582996,51
0.2,9880,-121,190761,19.305839489930168,155
0.2,9881,67,190828,19.310665857113946,34
0.2,9882,51,190879,19.313872305979967,49
0.2,9883,-88,190791,19.30301497369486,121
0.2,9884,93,190884,19.310470409711684,7
0.2,9885,80,190964,19.316609346550678,20
0.2,9886,-12,190952,19.313441893395368,113
0.2,9887,49,191001,19.316444174757283,52
0.2,9888,69,191070,19.32146829810901,32
0.2,9889,-69,191001,19.31253791708797,111
0.2,9890,74,191075,19.3180669295319,26
0.2,9891,59,191134,19.322078447230083,41
0.2,9892,13,191147,19.32143940159709,87
0.2,9893,76,191223,19.3271679805943,24
0.2,9894,56,191279,19.330874178878222,44
0.2,9895,66,191345,19.335590137429264,35
0.2,9896,-2,191343,19.333434374052743,102
0.2,9897,8,191351,19.33228935138412,93
0.2,9898,82,191433,19.33862006263259,19
0.2,9899,-192,191241,19.317272727272726,242
0.2,9900,45,191286,19.31986668013332,55
0.2,9901,64,191350,19.324378913350838,37
0.2,9902,67,191417,19.329193173785722,35
0.2,9903,-234,191183,19.303614701130858,207
0.2,9904,90,191273,19.31075214538112,11
0.2,9905,-20,191253,19.306783767413688,52
0.2,9906,89,191342,19.313818512163117,12
0.2,9907,-37,191305,19.3081348405329,68
0.2,9908,-62,191243,19.299929357150067,93
0.2,9909,85,191328,19.306559031281534,16
0.2,9910,89,191417,19.313590959539905,11
0.2,9911,41,191458,19.31577885391445,60
0.2,9912,68,191526,19.32069000302633,32
0.2,9913,89,191615,19.32771837805124,11
0.2,9914,75,191690,19.333333333333332,26
0.2,9915,-172,191518,19.31403791851553,144
0.2,9916,88,191606,19.320964001210044,13
0.2,9917,86,191692,19.327687033676145,14
0.2,9918,68,191760,19.332594011493093,33
0.2,9919,-19,191741,19.328729838709677,51
0.2,9920,69,191810,19.33373651849612,32
0.2,9921,93,191903,19.34116105623866,7
0.2,9922,75,191978,19.34677013000101,26
0.2,9923,-24,191954,19.342402257154372,58
0.2,9924,-41,191913,19.33632241813602,73
0.2,9925,-188,191725,19.315434213177515,226
0.2,9926,59,191784,19.319431852523422,41
0.2,9927,89,191873,19.326450443190975,12
0.2,9928,77,191950,19.332259039178165,24
0.2,9929,-9,191941,19.329405840886203,118
0.2,9930,25,191966,19.32997684019736,90
0.2,9931,37,192003,19.331755940394682,65
0.2,9932,92,192095,19.339071780932247,8
0.2,9933,31,192126,19.340245621099257,72
0.2,9934,60,192186,19.344338198288877,41
0.2,9935,64,192250,19.348832528180353,37
0.2,9936,86,192336,19.355539901378684,14
0.2,9937,52,192388,19.358824713221978,50
0.2,9938,85,192473,19.365429117617467,16
0.2,9939,67,192540,19.37022132796781,34
0.2,9940,43,192583,19.372598330147873,58
0.2,9941,4,192587,19.371052102192717,98
0.2,9942,16,192603,19.370713064467463,86
0.2,9943,78,192681,19.37660901045857,22
0.2,9944,66,192747,19.38129713423831,35
0.2,9945,94,192841,19.388799517393927,6
0.2,9946,-67,192774,19.380114607419323,100
0.2,9947,2,192776,19.378367511057498,99
0.2,9948,46,192822,19.381043320936776,54
0.2,9949,-111,192711,19.367939698492464,150
0.2,9950,-159,192552,19.350015073861922,262
0.2,9951,93,192645,19.357415594855304,7
0.2,9952,-59,192586,19.349542851401587,159
0.2,9953,-37,192549,19.343881856540083,138
0.2,9954,76,192625,19.349573078854846,25
0.2,9955,89,192714,19.356568903173965,11
0.2,9956,3,192717,19.354926182585118,29
0.2,9957,27,192744,19.35569391444065,73
0.2,9958,63,192807,19.36007631288282,38
0.2,9959,-151,192656,19.3429718875502,183
0.2,9960,86,192742,19.3496636883847,15
0.2,9961,52,192794,19.352941176470587,48
0.2,9962,89,192883,19.359931747465623,11
0.2,9963,19,192902,19.35989562424729,81
0.2,9964,7,192909,19.358655293527345,96
0.2,9965,-76,192833,19.34908689544451,185
0.2,9966,88,192921,19.355974716564663,13
0.2,9967,-59,192862,19.348113964687,162
0.2,9968,-166,192696,19.329521516701774,271
0.2,9969,-27,192669,19.324874623871615,130
0.2,9970,-19,192650,19.321030989870625,132
0.2,9971,68,192718,19.32591255515443,33
0.2,9972,-21,192697,19.32186904642535,53
0.2,9973,-20,192677,19.31792660918388,125
0.2,9974,55,192732,19.321503759398496,45
0.2,9975,-19,192713,19.317662389735364,119
0.2,9976,9,192722,19.316628244963415,22
0.2,9977,-185,192537,19.296151533373422,150
0.2,9978,55,192592,19.299729431806796,45
0.2,9979,87,192679,19.306513026052105,14
0.2,9980,55,192734,19.3100891694219,45
0.2,9981,79,192813,19.316068924063313,21
0.2,9982,-116,192697,19.30251427426625,218
0.2,9983,82,192779,19.30879407051282,19
0.2,9984,67,192846,19.3135703555333,34
0.2,9985,88,192934,19.320448628079312,13
0.2,9986,89,193023,19.327425653349355,12
0.2,9987,63,193086,19.331798157789347,38
0.2,9988,91,193177,19.33897287015717,9
0.2,9989,-57,193120,19.33133133133133,90
0.2,9990,-19,193101,19.327494745270744,125
0.2,9991,44,193145,19.32996397117694,57
0.2,9992,76,193221,19.335634944461123,24
0.2,9993,-6,193215,19.33309985991595,38
0.2,9994,59,193274,19.337068534267132,43
0.2,9995,75,193349,19.342637054821928,26
0.2,9996,-61,193288,19.334600380114033,94
0.2,9997,-94,193194,19.323264652930586,129
0.2,9998,88,193282,19.33013301330133,13
0.2,9999,-63,193219,19.3219,163
