0.2,0,-30,-30,-30.0,116
0.2,1,-60,-90,-45.0,28
0.2,2,-49,-139,-46.333333333333336,17
0.2,3,-54,-193,-48.25,31
0.2,4,0,-193,-38.6,103
0.2,5,87,-106,-17.666666666666668,42
0.2,6,91,-15,-2.142857142857143,10
0.2,7,17,2,0.25,19
0.2,8,26,28,3.111111111111111,11
0.2,9,20,48,4.8,26
0.2,10,11,59,5.363636363636363,68
0.2,11,91,150,12.5,15
0.2,12,91,241,18.53846153846154,10
0.2,13,87,328,23.428571428571427,16
0.2,14,95,423,28.2,6
0.2,15,92,515,32.1875,9
0.2,16,26,541,31.823529411764707,7
0.2,17,16,557,30.944444444444443,39
0.2,18,91,648,34.10526315789474,12
0.2,19,91,739,36.95,30
0.2,20,95,834,39.714285714285715,6
0.2,21,23,857,38.95454545454545,10
0.2,22,95,952,41.391304347826086,6
0.2,23,25,977,40.708333333333336,10
0.2,24,93,1070,42.8,10
0.2,25,94,1164,44.76923076923077,7
0.2,26,89,1253,46.407407407407405,12
0.2,27,88,1341,47.892857142857146,13
0.2,28,96,1437,49.55172413793103,6
0.2,29,22,1459,48.63333333333333,10
0.2,30,92,1551,50.03225806451613,9
0.2,31,90,1641,51.28125,13
0.2,32,96,1737,52.63636363636363,6
0.2,33,25,1762,51.8235294117647,8
0.2,34,92,1854,52.97142857142857,9
0.2,35,93,1947,54.083333333333336,8
0.2,36,94,2041,55.16216216216216,7
0.2,37,94,2135,56.18421052631579,7
0.2,38,94,2229,57.15384615384615,7
0.2,39,92,2321,58.025,9
0.2,40,92,2413,58.853658536585364,9
0.2,41,25,2438,58.04761904761905,7
0.2,42,26,2464,57.30232558139535,7
0.2,43,94,2558,58.13636363636363,7
0.2,44,90,2648,58.84444444444444,11
0.2,45,25,2673,58.108695652173914,7
0.2,46,95,2768,58.8936170212766,6
0.2,47,92,2860,59.583333333333336,10
0.2,48,92,2952,60.244897959183675,9
0.2,49,95,3047,60.94,6
0.2,50,96,3143,61.627450980392155,6
0.2,51,91,3234,62.19230769230769,10
0.2,52,94,3328,62.79245283018868,8
0.2,53,26,3354,62.111111111111114,6
0.2,54,25,3379,61.43636363636364,8
0.2,55,94,3473,62.017857142857146,7
0.2,56,21,3494,61.29824561403509,11
0.2,57,89,3583,61.775862068965516,12
0.2,58,96,3679,62.355932203389834,6
0.2,59,93,3772,62.86666666666667,8
0.2,60,91,3863,63.32786885245902,12
0.2,61,92,3955,63.79032258064516,9
0.2,62,25,3980,63.17460317460318,7
0.2,63,96,4076,63.6875,6
0.2,64,92,4168,64.12307692307692,9
0.2,65,94,4262,64.57575757575758,8
0.2,66,92,4354,64.98507462686567,9
0.2,67,-46,4308,63.35294117647059,9
0.2,68,25,4333,62.79710144927536,7
0.2,69,94,4427,63.24285714285714,7
0.2,70,93,4520,63.66197183098591,8
0.2,71,92,4612,64.05555555555556,9
0.2,72,94,4706,64.46575342465754,7
0.2,73,93,4799,64.85135135135135,9
0.2,74,96,4895,65.26666666666667,6
0.2,75,87,4982,65.55263157894737,14
0.2,76,95,5077,65.93506493506493,7
0.2,77,27,5104,65.43589743589743,6
0.2,78,27,5131,64.9493670886076,6
0.2,79,87,5218,65.225,14
0.2,80,21,5239,64.67901234567901,12
0.2,81,96,5335,65.0609756097561,6
0.2,82,94,5429,65.40963855421687,7
0.2,83,96,5525,65.77380952380952,6
0.2,84,96,5621,66.12941176470588,6
0.2,85,91,5712,66.4186046511628,11
0.2,86,91,5803,66.70114942528735,10
0.2,87,91,5894,66.97727272727273,12
0.2,88,27,5921,66.52808988764045,6
0.2,89,96,6017,66.85555555555555,6
0.2,90,95,6112,67.16483516483517,6
0.2,91,91,6203,67.42391304347827,12
0.2,92,94,6297,67.70967741935483,8
0.2,93,88,6385,67.92553191489361,13
0.2,94,92,6477,68.17894736842105,10
0.2,95,92,6569,68.42708333333333,9
0.2,96,94,6663,68.69072164948453,7
0.2,97,93,6756,68.93877551020408,8
0.2,98,94,6850,69.1919191919192,8
0.2,99,17,6867,68.67,16
0.2,100,96,6963,68.94059405940594,6
0.2,101,96,7059,69.20588235294117,6
0.2,102,93,7152,69.4368932038835,8
0.2,103,90,7242,69.63461538461539,11
0.2,104,18,7260,69.14285714285714,14
0.2,105,89,7349,69.33018867924528,12
0.2,106,94,7443,69.5607476635514,8
0.2,107,21,7464,69.11111111111111,11
0.2,108,89,7553,69.29357798165138,12
0.2,109,92,7645,69.5,9
0.2,110,93,7738,69.71171171171171,11
0.2,111,92,7830,69.91071428571429,10
0.2,112,13,7843,69.40707964601769,21
0.2,113,95,7938,69.63157894736842,8
0.2,114,92,8030,69.82608695652173,9
0.2,115,92,8122,70.01724137931035,9
0.2,116,25,8147,69.63247863247864,7
0.2,117,89,8236,69.79661016949153,13
0.2,118,94,8330,70.0,7
0.2,119,91,8421,70.175,11
0.2,120,93,8514,70.36363636363636,10
0.2,121,94,8608,70.55737704918033,7
0.2,122,90,8698,70.71544715447155,11
0.2,123,94,8792,70.90322580645162,7
0.2,124,92,8884,71.072,9
0.2,125,90,8974,71.22222222222223,12
0.2,126,94,9068,71.4015748031496,8
0.2,127,96,9164,71.59375,6
0.2,128,94,9258,71.76744186046511,7
0.2,129,95,9353,71.94615384615385,7
0.2,130,25,9378,71.58778625954199,8
0.2,131,93,9471,71.75,8
0.2,132,88,9559,71.87218045112782,14
0.2,133,95,9654,72.04477611940298,8
0.2,134,24,9678,71.68888888888888,10
0.2,135,95,9773,71.86029411764706,6
0.2,136,-57,9716,70.91970802919708,20
0.2,137,90,9806,71.05797101449275,11
0.2,138,91,9897,71.20143884892086,12
0.2,139,93,9990,71.35714285714286,8
0.2,140,92,10082,71.50354609929079,9
0.2,141,96,10178,71.67605633802818,6
0.2,142,94,10272,71.83216783216783,7
0.2,143,94,10366,71.98611111111111,7
0.2,144,89,10455,72.10344827586206,12
0.2,145,95,10550,72.26027397260275,6
0.2,146,23,10573,71.92517006802721,10
0.2,147,91,10664,72.05405405405405,10
0.2,148,96,10760,72.21476510067114,6
0.2,149,93,10853,72.35333333333334,9
0.2,150,91,10944,72.47682119205298,10
0.2,151,91,11035,72.59868421052632,10
0.2,152,95,11130,72.74509803921569,6
0.2,153,93,11223,72.87662337662337,8
0.2,154,94,11317,73.01290322580645,7
0.2,155,26,11343,72.71153846153847,8
0.2,156,89,11432,72.81528662420382,13
0.2,157,84,11516,72.88607594936708,17
0.2,158,94,11610,73.01886792452831,7
0.2,159,96,11706,73.1625,6
0.2,160,23,11729,72.85093167701864,9
0.2,161,96,11825,72.99382716049382,7
0.2,162,88,11913,73.08588957055214,15
0.2,163,88,12001,73.17682926829268,14
0.2,164,88,12089,73.26666666666667,15
0.2,165,93,12182,73.3855421686747,10
0.2,166,95,12277,73.51497005988024,6
0.2,167,88,12365,73.60119047619048,13
0.2,168,92,12457,73.71005917159763,9
0.2,169,96,12553,73.84117647058824,6
0.2,170,96,12649,73.97076023391813,6
0.2,171,23,12672,73.67441860465117,10
0.2,172,93,12765,73.78612716763006,9
0.2,173,95,12860,73.9080459770115,6
0.2,174,93,12953,74.01714285714286,8
0.2,175,21,12974,73.7159090909091,11
0.2,176,27,13001,73.45197740112994,7
0.2,177,94,13095,73.56741573033707,7
0.2,178,93,13188,73.67597765363128,11
0.2,179,95,13283,73.79444444444445,6
0.2,180,96,13379,73.9171270718232,6
0.2,181,94,13473,74.02747252747253,7
0.2,182,91,13564,74.12021857923497,10
0.2,183,84,13648,74.17391304347827,17
0.2,184,17,13665,73.86486486486487,15
0.2,185,-48,13617,73.20967741935483,11
0.2,186,94,13711,73.32085561497327,7
0.2,187,24,13735,73.05851063829788,8
0.2,188,95,13830,73.17460317460318,6
0.2,189,95,13925,73.28947368421052,6
0.2,190,90,14015,73.37696335078535,11
0.2,191,95,14110,73.48958333333333,6
0.2,192,95,14205,73.60103626943005,6
0.2,193,91,14296,73.69072164948453,10
0.2,194,92,14388,73.78461538461538,9
0.2,195,95,14483,73.89285714285714,6
0.2,196,82,14565,73.93401015228426,19
0.2,197,90,14655,74.01515151515152,12
0.2,198,94,14749,74.11557788944724,8
0.2,199,25,14774,73.87,8
0.2,200,23,14797,73.61691542288557,10
0.2,201,95,14892,73.72277227722772,6
0.2,202,94,14986,73.82266009852216,9
0.2,203,94,15080,73.92156862745098,7
0.2,204,94,15174,74.01951219512195,7
0.2,205,27,15201,73.79126213592232,6
0.2,206,96,15297,73.89855072463769,6
0.2,207,96,15393,74.0048076923077,6
0.2,208,95,15488,74.10526315789474,6
0.2,209,14,15502,73.81904761904762,22
0.2,210,92,15594,73.90521327014218,9
0.2,211,94,15688,74.0,8
0.2,212,23,15711,73.7605633802817,10
0.2,213,21,15732,73.51401869158879,11
0.2,214,95,15827,73.61395348837209,6
0.2,215,23,15850,73.37962962962963,9
0.2,216,92,15942,73.46543778801843,9
0.2,217,94,16036,73.55963302752293,7
0.2,218,92,16128,73.64383561643835,9
0.2,219,93,16221,73.73181818181818,9
0.2,220,91,16312,73.80995475113122,10
0.2,221,17,16329,73.55405405405405,17
0.2,222,25,16354,73.33632286995515,7
0.2,223,93,16447,73.42410714285714,8
0.2,224,92,16539,73.50666666666666,9
0.2,225,88,16627,73.570796460177,13
0.2,226,95,16722,73.66519823788546,9
0.2,227,96,16818,73.76315789473684,6
0.2,228,90,16908,73.83406113537117,12
0.2,229,93,17001,73.91739130434783,8
0.2,230,90,17091,73.98701298701299,11
0.2,231,88,17179,74.04741379310344,13
0.2,232,92,17271,74.12446351931331,10
0.2,233,21,17292,73.8974358974359,11
0.2,234,24,17316,73.68510638297872,8
0.2,235,20,17336,73.45762711864407,13
0.2,236,95,17431,73.54852320675106,6
0.2,237,18,17449,73.31512605042016,14
0.2,238,94,17543,73.40167364016736,7
0.2,239,94,17637,73.4875,7
0.2,240,22,17659,73.27385892116183,12
0.2,241,93,17752,73.35537190082644,8
0.2,242,88,17840,73.4156378600823,13
0.2,243,93,17933,73.49590163934427,9
0.2,244,94,18027,73.57959183673469,7
0.2,245,95,18122,73.66666666666667,6
0.2,246,21,18143,73.45344129554655,12
0.2,247,92,18235,73.52822580645162,9
0.2,248,92,18327,73.60240963855422,11
0.2,249,96,18423,73.692,6
0.2,250,95,18518,73.77689243027888,6
0.2,251,94,18612,73.85714285714286,7
0.2,252,17,18629,73.63241106719367,16
0.2,253,19,18648,73.41732283464567,14
0.2,254,-55,18593,72.91372549019607,18
0.2,255,88,18681,72.97265625,13
0.2,256,87,18768,73.0272373540856,14
0.2,257,18,18786,72.81395348837209,15
0.2,258,94,18880,72.89575289575289,7
0.2,259,95,18975,72.98076923076923,6
0.2,260,20,18995,72.77777777777777,14
0.2,261,93,19088,72.85496183206106,8
0.2,262,92,19180,72.92775665399239,9
0.2,263,21,19201,72.73106060606061,12
0.2,264,92,19293,72.80377358490566,9
0.2,265,92,19385,72.87593984962406,9
0.2,266,96,19481,72.9625468164794,6
0.2,267,95,19576,73.04477611940298,6
0.2,268,95,19671,73.1263940520446,7
0.2,269,92,19763,73.1962962962963,10
0.2,270,93,19856,73.26937269372694,9
0.2,271,90,19946,73.33088235294117,11
0.2,272,95,20041,73.41025641025641,6
0.2,273,94,20135,73.48540145985402,7
0.2,274,23,20158,73.30181818181818,9
0.2,275,93,20251,73.3731884057971,8
0.2,276,94,20345,73.4476534296029,8
0.2,277,96,20441,73.52877697841727,6
0.2,278,87,20528,73.57706093189964,14
0.2,279,93,20621,73.64642857142857,10
0.2,280,92,20713,73.71174377224199,9
0.2,281,94,20807,73.78368794326241,7
0.2,282,93,20900,73.85159010600707,8
0.2,283,92,20992,73.91549295774648,10
0.2,284,89,21081,73.96842105263158,13
0.2,285,88,21169,74.01748251748252,14
0.2,286,93,21262,74.08362369337979,8
0.2,287,95,21357,74.15625,6
0.2,288,90,21447,74.21107266435986,11
0.2,289,96,21543,74.28620689655172,6
0.2,290,91,21634,74.34364261168385,10
0.2,291,90,21724,74.3972602739726,13
0.2,292,-51,21673,73.96928327645051,14
0.2,293,90,21763,74.02380952380952,11
0.2,294,26,21789,73.86101694915254,6
0.2,295,90,21879,73.91554054054055,11
0.2,296,94,21973,73.98316498316498,9
0.2,297,21,21994,73.80536912751678,12
0.2,298,95,22089,73.876254180602,7
0.2,299,94,22183,73.94333333333333,7
0.2,300,94,22277,74.00996677740864,7
0.2,301,96,22373,74.08278145695364,6
0.2,302,94,22467,74.14851485148515,9
0.2,303,96,22563,74.22039473684211,6
0.2,304,25,22588,74.05901639344262,8
0.2,305,95,22683,74.12745098039215,6
0.2,306,96,22779,74.1986970684039,6
0.2,307,93,22872,74.25974025974025,10
0.2,308,92,22964,74.31715210355988,10
0.2,309,95,23059,74.38387096774194,8
0.2,310,91,23150,74.43729903536978,10
0.2,311,26,23176,74.28205128205128,6
0.2,312,94,23270,74.34504792332268,7
0.2,313,92,23362,74.40127388535032,11
0.2,314,94,23456,74.46349206349207,7
0.2,315,93,23549,74.52215189873418,8
0.2,316,93,23642,74.58044164037855,8
0.2,317,25,23667,74.4245283018868,7
0.2,318,88,23755,74.46708463949844,13
0.2,319,95,23850,74.53125,6
0.2,320,89,23939,74.57632398753894,12
0.2,321,93,24032,74.63354037267081,9
0.2,322,95,24127,74.69659442724458,6
0.2,323,96,24223,74.76234567901234,6
0.2,324,25,24248,74.60923076923076,7
0.2,325,94,24342,74.66871165644172,7
0.2,326,93,24435,74.72477064220183,9
0.2,327,88,24523,74.76524390243902,13
0.2,328,95,24618,74.82674772036474,6
0.2,329,96,24714,74.89090909090909,6
0.2,330,92,24806,74.94259818731118,9
0.2,331,95,24901,75.00301204819277,6
0.2,332,87,24988,75.03903903903904,14
0.2,333,94,25082,75.09580838323353,7
0.2,334,21,25103,74.93432835820896,11
0.2,335,12,25115,74.74702380952381,22
0.2,336,95,25210,74.80712166172107,6
0.2,337,95,25305,74.86686390532545,6
0.2,338,89,25394,74.90855457227138,14
0.2,339,93,25487,74.96176470588236,8
0.2,340,24,25511,74.81231671554252,9
0.2,341,95,25606,74.87134502923976,7
0.2,342,93,25699,74.92419825072886,8
0.2,343,88,25787,74.96220930232558,13
0.2,344,93,25880,75.01449275362319,8
0.2,345,94,25974,75.0693641618497,7
0.2,346,94,26068,75.12391930835734,8
0.2,347,94,26162,75.17816091954023,7
0.2,348,96,26258,75.2378223495702,6
0.2,349,93,26351,75.28857142857143,10
0.2,350,92,26443,75.33618233618233,9
0.2,351,93,26536,75.38636363636364,8
0.2,352,22,26558,75.23512747875354,11
0.2,353,92,26650,75.28248587570621,10
0.2,354,91,26741,75.32676056338028,10
0.2,355,19,26760,75.1685393258427,13
0.2,356,94,26854,75.22128851540616,8
0.2,357,90,26944,75.26256983240224,11
0.2,358,88,27032,75.29805013927577,13
0.2,359,94,27126,75.35,7
0.2,360,96,27222,75.40720221606648,6
0.2,361,16,27238,75.24309392265194,17
0.2,362,90,27328,75.28374655647383,11
0.2,363,91,27419,75.32692307692308,10
0.2,364,94,27513,75.37808219178082,7
0.2,365,87,27600,75.40983606557377,14
0.2,366,22,27622,75.26430517711172,11
0.2,367,25,27647,75.12771739130434,7
0.2,368,94,27741,75.17886178861788,7
0.2,369,90,27831,75.21891891891892,11
0.2,370,94,27925,75.26954177897574,7
0.2,371,88,28013,75.30376344086021,14
0.2,372,93,28106,75.35120643431635,8
0.2,373,96,28202,75.40641711229947,6
0.2,374,92,28294,75.45066666666666,9
0.2,375,95,28389,75.50265957446808,7
0.2,376,91,28480,75.54376657824933,10
0.2,377,96,28576,75.5978835978836,6
0.2,378,92,28668,75.64116094986808,9
0.2,379,11,28679,75.47105263157894,21
0.2,380,95,28774,75.52230971128608,6
0.2,381,96,28870,75.57591623036649,6
0.2,382,93,28963,75.62140992167102,8
0.2,383,96,29059,75.67447916666667,6
0.2,384,96,29155,75.72727272727273,7
0.2,385,90,29245,75.76424870466322,13
0.2,386,95,29340,75.81395348837209,7
0.2,387,96,29436,75.8659793814433,6
0.2,388,88,29524,75.89717223650386,13
0.2,389,94,29618,75.94358974358974,7
0.2,390,94,29712,75.98976982097187,8
0.2,391,90,29802,76.02551020408163,12
0.2,392,95,29897,76.07379134860051,6
0.2,393,91,29988,76.11167512690355,10
0.2,394,93,30081,76.15443037974684,9
0.2,395,95,30176,76.20202020202021,6
0.2,396,94,30270,76.24685138539043,8
0.2,397,16,30286,76.09547738693468,17
0.2,398,90,30376,76.13032581453633,12
0.2,399,92,30468,76.17,9
0.2,400,24,30492,76.03990024937656,8
0.2,401,88,30580,76.06965174129353,13
0.2,402,92,30672,76.10918114143921,9
0.2,403,92,30764,76.14851485148515,10
0.2,404,90,30854,76.18271604938272,11
0.2,405,23,30877,76.05172413793103,9
0.2,406,95,30972,76.0982800982801,6
0.2,407,96,31068,76.1470588235294,6
0.2,408,91,31159,76.18337408312958,10
0.2,409,94,31253,76.22682926829269,7
0.2,410,89,31342,76.25790754257908,14
0.2,411,92,31434,76.29611650485437,10
0.2,412,87,31521,76.32203389830508,14
0.2,413,91,31612,76.35748792270532,10
0.2,414,26,31638,76.23614457831326,6
0.2,415,95,31733,76.28125,6
0.2,416,94,31827,76.32374100719424,7
0.2,417,94,31921,76.36602870813397,7
0.2,418,93,32014,76.40572792362768,9
0.2,419,21,32035,76.27380952380952,11
0.2,420,91,32126,76.30878859857482,12
0.2,421,-46,32080,76.01895734597156,9
0.2,422,96,32176,76.06619385342789,6
0.2,423,96,32272,76.11320754716981,6
0.2,424,14,32286,75.96705882352941,18
0.2,425,95,32381,76.01173708920187,6
0.2,426,26,32407,75.89461358313817,6
0.2,427,25,32432,75.77570093457943,8
0.2,428,96,32528,75.82284382284382,6
0.2,429,90,32618,75.85581395348837,11
0.2,430,95,32713,75.90023201856148,7
0.2,431,91,32804,75.93518518518519,10
0.2,432,94,32898,75.9769053117783,7
0.2,433,17,32915,75.8410138248848,15
0.2,434,96,33011,75.88735632183908,6
0.2,435,92,33103,75.9243119266055,11
0.2,436,27,33130,75.81235697940504,6
0.2,437,95,33225,75.85616438356165,7
0.2,438,92,33317,75.89293849658314,10
0.2,439,94,33411,75.93409090909091,7
0.2,440,27,33438,75.82312925170068,6
0.2,441,95,33533,75.86651583710407,7
0.2,442,93,33626,75.90519187358916,8
0.2,443,24,33650,75.78828828828829,9
0.2,444,91,33741,75.82247191011236,11
0.2,445,-266,33475,75.0560538116592,23
0.2,446,92,33567,75.09395973154362,9
0.2,447,91,33658,75.12946428571429,11
0.2,448,24,33682,75.01559020044543,10
0.2,449,93,33775,75.05555555555556,8
0.2,450,21,33796,74.93569844789357,11
0.2,451,91,33887,74.97123893805309,10
0.2,452,88,33975,75.0,15
0.2,453,24,33999,74.88766519823788,9
0.2,454,93,34092,74.92747252747253,8
0.2,455,25,34117,74.81798245614036,8
0.2,456,95,34212,74.86214442013129,6
0.2,457,96,34308,74.90829694323143,6
0.2,458,91,34399,74.94335511982571,10
0.2,459,93,34492,74.98260869565217,8
0.2,460,89,34581,75.01301518438179,13
0.2,461,96,34677,75.05844155844156,6
0.2,462,90,34767,75.09071274298056,12
0.2,463,96,34863,75.13577586206897,6
0.2,464,92,34955,75.17204301075269,9
0.2,465,95,35050,75.21459227467811,7
0.2,466,92,35142,75.25053533190578,9
0.2,467,96,35238,75.2948717948718,6
0.2,468,94,35332,75.33475479744136,7
0.2,469,93,35425,75.37234042553192,9
0.2,470,96,35521,75.41613588110404,6
0.2,471,76,35597,75.41737288135593,25
0.2,472,14,35611,75.28752642706131,20
0.2,473,93,35704,75.32489451476793,9
0.2,474,95,35799,75.36631578947369,7
0.2,475,92,35891,75.40126050420169,9
0.2,476,87,35978,75.42557651991615,14
0.2,477,93,36071,75.4623430962343,9
0.2,478,92,36163,75.49686847599165,10
0.2,479,91,36254,75.52916666666667,10
0.2,480,93,36347,75.56548856548856,8
0.2,481,94,36441,75.60373443983403,7
0.2,482,96,36537,75.64596273291926,6
0.2,483,92,36629,75.6797520661157,9
0.2,484,95,36724,75.71958762886598,6
0.2,485,91,36815,75.75102880658436,10
0.2,486,88,36903,75.77618069815195,14
0.2,487,93,36996,75.81147540983606,8
0.2,488,90,37086,75.84049079754601,11
0.2,489,89,37175,75.86734693877551,12
0.2,490,92,37267,75.90020366598777,10
0.2,491,95,37362,75.9390243902439,8
0.2,492,93,37455,75.973630831643,8
0.2,493,83,37538,75.98785425101215,19
0.2,494,92,37630,76.02020202020202,9
0.2,495,92,37722,76.0524193548387,11
0.2,496,88,37810,76.0764587525151,13
0.2,497,20,37830,75.96385542168674,12
0.2,498,94,37924,76.0,8
0.2,499,24,37948,75.896,8
0.2,500,22,37970,75.78842315369262,11
0.2,501,96,38066,75.82868525896414,6
0.2,502,92,38158,75.86083499005964,9
0.2,503,87,38245,75.8829365079365,15
0.2,504,95,38340,75.92079207920793,6
0.2,505,86,38426,75.9407114624506,15
0.2,506,96,38522,75.98027613412229,6
0.2,507,-49,38473,75.73425196850394,12
0.2,508,25,38498,75.63457760314341,7
0.2,509,13,38511,75.51176470588236,19
0.2,510,87,38598,75.53424657534246,14
0.2,511,93,38691,75.568359375,9
0.2,512,26,38717,75.47173489278752,7
0.2,513,95,38812,75.50972762645914,6
0.2,514,90,38902,75.53786407766991,11
0.2,515,94,38996,75.57364341085271,7
0.2,516,96,39092,75.61315280464217,6
0.2,517,93,39185,75.64671814671814,8
0.2,518,27,39212,75.55298651252409,6
0.2,519,16,39228,75.43846153846154,16
0.2,520,94,39322,75.47408829174664,7
0.2,521,90,39412,75.50191570881226,11
0.2,522,24,39436,75.40344168260039,10
0.2,523,19,39455,75.29580152671755,16
0.2,524,92,39547,75.32761904761905,9
0.2,525,94,39641,75.36311787072243,8
0.2,526,18,39659,75.25426944971537,15
0.2,527,89,39748,75.28030303030303,14
0.2,528,90,39838,75.30812854442344,14
0.2,529,88,39926,75.33207547169812,13
0.2,530,93,40019,75.3653483992467,9
0.2,531,95,40114,75.40225563909775,6
0.2,532,96,40210,75.44090056285178,6
0.2,533,95,40305,75.47752808988764,9
0.2,534,88,40393,75.50093457943925,16
0.2,535,94,40487,75.53544776119404,7
0.2,536,92,40579,75.56610800744879,9
0.2,537,88,40667,75.58921933085502,15
0.2,538,91,40758,75.61781076066791,10
0.2,539,95,40853,75.6537037037037,8
0.2,540,94,40947,75.68761552680222,8
0.2,541,95,41042,75.72324723247233,7
0.2,542,94,41136,75.75690607734806,7
0.2,543,90,41226,75.78308823529412,12
0.2,544,90,41316,75.80917431192661,11
0.2,545,95,41411,75.84432234432235,6
0.2,546,95,41506,75.87934186471664,6
0.2,547,92,41598,75.9087591240876,10
0.2,548,95,41693,75.94353369763206,6
0.2,549,93,41786,75.97454545454545,8
0.2,550,24,41810,75.88021778584393,9
0.2,551,93,41903,75.91123188405797,8
0.2,552,95,41998,75.94575045207957,6
0.2,553,-193,41805,75.46028880866426,20
0.2,554,94,41899,75.4936936936937,7
0.2,555,92,41991,75.52338129496403,9
0.2,556,94,42085,75.55655296229803,8
0.2,557,25,42110,75.46594982078852,7
0.2,558,86,42196,75.48479427549195,15
0.2,559,86,42282,75.50357142857143,15
0.2,560,83,42365,75.51693404634581,18
0.2,561,90,42455,75.54270462633453,11
0.2,562,90,42545,75.56838365896981,11
0.2,563,85,42630,75.58510638297872,16
0.2,564,88,42718,75.6070796460177,13
0.2,565,-46,42672,75.39222614840989,9
0.2,566,92,42764,75.42151675485009,10
0.2,567,94,42858,75.45422535211267,8
0.2,568,94,42952,75.48681898066783,7
0.2,569,96,43048,75.52280701754385,7
0.2,570,88,43136,75.5446584938704,14
0.2,571,92,43228,75.57342657342657,9
0.2,572,93,43321,75.60383944153578,8
0.2,573,25,43346,75.51567944250871,7
0.2,574,94,43440,75.54782608695652,7
0.2,575,93,43533,75.578125,8
0.2,576,96,43629,75.61351819757365,6
0.2,577,92,43721,75.64186851211073,9
0.2,578,85,43806,75.65803108808291,18
0.2,579,92,43898,75.68620689655172,9
0.2,580,95,43993,75.71944922547333,6
0.2,581,94,44087,75.7508591065292,8
0.2,582,92,44179,75.778730703259,9
0.2,583,95,44274,75.81164383561644,8
0.2,584,91,44365,75.83760683760684,10
0.2,585,24,44389,75.74914675767918,8
0.2,586,94,44483,75.7802385008518,7
0.2,587,24,44507,75.6921768707483,8
0.2,588,96,44603,75.72665534804754,6
0.2,589,92,44695,75.7542372881356,9
0.2,590,91,44786,75.78003384094755,10
0.2,591,94,44880,75.8108108108108,7
0.2,592,92,44972,75.83811129848229,9
0.2,593,91,45063,75.86363636363636,11
0.2,594,95,45158,75.89579831932772,6
0.2,595,94,45252,75.9261744966443,7
0.2,596,93,45345,75.95477386934674,8
0.2,597,92,45437,75.98160535117057,9
0.2,598,20,45457,75.8881469115192,12
0.2,599,92,45549,75.915,9
0.2,600,26,45575,75.83194675540766,6
0.2,601,96,45671,75.86544850498339,6
0.2,602,94,45765,75.8955223880597,7
0.2,603,87,45852,75.91390728476821,15
0.2,604,94,45946,75.94380165289256,7
0.2,605,92,46038,75.97029702970298,9
0.2,606,94,46132,76.0,8
0.2,607,94,46226,76.02960526315789,7
0.2,608,95,46321,76.0607553366174,6
0.2,609,94,46415,76.09016393442623,7
0.2,610,93,46508,76.1178396072013,9
0.2,611,21,46529,76.02777777777777,11
0.2,612,96,46625,76.06035889070147,6
0.2,613,25,46650,75.9771986970684,7
0.2,614,90,46740,76.0,11
0.2,615,89,46829,76.0211038961039,12
0.2,616,93,46922,76.0486223662885,8
0.2,617,19,46941,75.95631067961165,14
0.2,618,95,47036,75.9870759289176,9
0.2,619,93,47129,76.01451612903226,8
0.2,620,94,47223,76.04347826086956,7
0.2,621,93,47316,76.07073954983923,8
0.2,622,90,47406,76.09309791332264,11
0.2,623,94,47500,76.12179487179488,7
0.2,624,-50,47450,75.92,14
0.2,625,96,47546,75.9520766773163,6
0.2,626,92,47638,75.97767145135566,9
0.2,627,93,47731,76.0047770700637,9
0.2,628,91,47822,76.02861685214626,10
0.2,629,88,47910,76.04761904761905,13
0.2,630,91,48001,76.07131537242472,10
0.2,631,94,48095,76.0996835443038,8
0.2,632,94,48189,76.12796208530806,7
0.2,633,93,48282,76.15457413249212,8
0.2,634,94,48376,76.18267716535433,8
0.2,635,20,48396,76.09433962264151,14
0.2,636,93,48489,76.12087912087912,8
0.2,637,19,48508,76.03134796238244,16
0.2,638,91,48599,76.05477308294209,11
0.2,639,96,48695,76.0859375,7
0.2,640,14,48709,75.98907956318253,20
0.2,641,95,48804,76.01869158878505,8
0.2,642,88,48892,76.03732503888025,13
0.2,643,80,48972,76.04347826086956,26
0.2,644,25,48997,75.96434108527131,9
0.2,645,94,49091,75.99226006191951,7
0.2,646,94,49185,76.02009273570324,7
0.2,647,87,49272,76.03703703703704,14
0.2,648,94,49366,76.06471494607088,7
0.2,649,26,49392,75.98769230769231,7
0.2,650,23,49415,75.9062980030722,9
0.2,651,23,49438,75.82515337423312,9
0.2,652,95,49533,75.85451761102604,6
0.2,653,96,49629,75.88532110091744,6
0.2,654,91,49720,75.90839694656489,11
0.2,655,92,49812,75.9329268292683,10
0.2,656,91,49903,75.9558599695586,10
0.2,657,94,49997,75.98328267477204,7
0.2,658,94,50091,76.01062215477997,7
0.2,659,94,50185,76.03787878787878,7
0.2,660,93,50278,76.06354009077155,9
0.2,661,18,50296,75.97583081570997,15
0.2,662,96,50392,76.00603318250377,6
0.2,663,20,50412,75.92168674698796,12
0.2,664,92,50504,75.94586466165414,9
0.2,665,94,50598,75.97297297297297,7
0.2,666,94,50692,76.0,7
0.2,667,89,50781,76.01946107784431,12
0.2,668,85,50866,76.03288490284007,16
0.2,669,94,50960,76.05970149253731,7
0.2,670,94,51054,76.08643815201192,8
0.2,671,94,51148,76.11309523809524,7
0.2,672,93,51241,76.13818722139673,8
0.2,673,88,51329,76.15578635014836,14
0.2,674,96,51425,76.18518518518519,6
0.2,675,92,51517,76.2085798816568,9
0.2,676,93,51610,76.23338257016248,8
0.2,677,94,51704,76.25958702064896,7
0.2,678,94,51798,76.28571428571429,7
0.2,679,94,51892,76.31176470588235,7
0.2,680,93,51985,76.33627019089575,8
0.2,681,94,52079,76.36217008797654,7
0.2,682,88,52167,76.3792093704246,13
0.2,683,92,52259,76.40204678362574,10
0.2,684,94,52353,76.42773722627737,7
0.2,685,95,52448,76.45481049562682,8
0.2,686,91,52539,76.47598253275109,11
0.2,687,92,52631,76.49854651162791,10
0.2,688,26,52657,76.42525399129173,6
0.2,689,92,52749,76.44782608695652,9
0.2,690,94,52843,76.47322720694646,7
0.2,691,93,52936,76.4971098265896,8
0.2,692,-54,52882,76.30880230880231,19
0.2,693,15,52897,76.22046109510086,20
0.2,694,96,52993,76.24892086330935,6
0.2,695,94,53087,76.27442528735632,7
0.2,696,94,53181,76.29985652797704,10
0.2,697,93,53274,76.32378223495702,8
0.2,698,20,53294,76.24320457796853,12
0.2,699,93,53387,76.26714285714286,8
0.2,700,92,53479,76.28958630527818,9
0.2,701,93,53572,76.31339031339031,9
0.2,702,25,53597,76.24039829302987,7
0.2,703,96,53693,76.2684659090909,6
0.2,704,91,53784,76.28936170212766,10
0.2,705,90,53874,76.30878186968839,11
0.2,706,84,53958,76.31966053748232,17
0.2,707,94,54052,76.34463276836158,8
0.2,708,92,54144,76.36671368124118,9
0.2,709,92,54236,76.3887323943662,10
0.2,710,19,54255,76.30801687763713,13
0.2,711,95,54350,76.33426966292134,6
0.2,712,27,54377,76.26507713884993,6
0.2,713,94,54471,76.28991596638656,7
0.2,714,96,54567,76.31748251748252,6
0.2,715,83,54650,76.3268156424581,20
0.2,716,84,54734,76.33751743375174,17
0.2,717,19,54753,76.25766016713092,13
0.2,718,85,54838,76.26981919332407,16
0.2,719,94,54932,76.29444444444445,7
0.2,720,96,55028,76.32177531206658,6
0.2,721,92,55120,76.34349030470914,10
0.2,722,95,55215,76.36929460580913,7
0.2,723,23,55238,76.29558011049724,9
0.2,724,93,55331,76.31862068965518,9
0.2,725,24,55355,76.2465564738292,10
0.2,726,94,55449,76.27097661623108,7
0.2,727,94,55543,76.29532967032966,7
0.2,728,92,55635,76.31687242798354,10
0.2,729,95,55730,76.34246575342466,6
0.2,730,84,55814,76.3529411764706,19
0.2,731,24,55838,76.28142076502732,8
0.2,732,88,55926,76.29740791268759,13
0.2,733,26,55952,76.22888283378747,6
0.2,734,25,55977,76.15918367346939,7
0.2,735,-124,55853,75.88722826086956,19
0.2,736,24,55877,75.8168249660787,11
0.2,737,94,55971,75.84146341463415,7
0.2,738,92,56063,75.86332882273342,9
0.2,739,90,56153,75.88243243243244,11
0.2,740,86,56239,75.89608636977059,15
0.2,741,91,56330,75.91644204851752,10
0.2,742,94,56424,75.9407806191117,7
0.2,743,23,56447,75.86962365591398,9
0.2,744,21,56468,75.79597315436241,11
0.2,745,95,56563,75.82171581769437,6
0.2,746,96,56659,75.84872824631861,6
0.2,747,95,56754,75.87433155080214,7
0.2,748,-63,56691,75.68891855807743,26
0.2,749,95,56786,75.71466666666667,6
0.2,750,94,56880,75.73901464713715,8
0.2,751,95,56975,75.76462765957447,6
0.2,752,87,57062,75.77954847277556,14
0.2,753,21,57083,75.70689655172414,11
0.2,754,21,57104,75.63443708609272,11
0.2,755,95,57199,75.66005291005291,6
0.2,756,96,57295,75.68692206076618,6
0.2,757,24,57319,75.61873350923483,8
0.2,758,27,57346,75.55467720685112,6
0.2,759,90,57436,75.57368421052631,12
0.2,760,92,57528,75.59526938239159,10
0.2,761,27,57555,75.53149606299213,6
0.2,762,96,57651,75.55832241153342,6
0.2,763,96,57747,75.58507853403141,6
0.2,764,92,57839,75.60653594771242,9
0.2,765,91,57930,75.6266318537859,10
0.2,766,26,57956,75.5619295958279,6
0.2,767,87,58043,75.57682291666667,18
0.2,768,-48,57995,75.41612483745124,12
0.2,769,19,58014,75.34285714285714,13
0.2,770,15,58029,75.26459143968872,17
0.2,771,91,58120,75.28497409326425,10
0.2,772,95,58215,75.3104786545925,6
0.2,773,23,58238,75.24289405684755,9
0.2,774,94,58332,75.26709677419355,7
0.2,775,95,58427,75.29252577319588,6
0.2,776,93,58520,75.31531531531532,8
0.2,777,16,58536,75.23907455012854,16
0.2,778,96,58632,75.26572528883183,6
0.2,779,93,58725,75.28846153846153,8
0.2,780,93,58818,75.31113956466069,8
0.2,781,90,58908,75.32992327365729,12
0.2,782,22,58930,75.26181353767561,10
0.2,783,93,59023,75.28443877551021,8
0.2,784,18,59041,75.21146496815287,14
0.2,785,96,59137,75.23791348600508,6
0.2,786,91,59228,75.2579415501906,10
0.2,787,92,59320,75.27918781725889,9
0.2,788,92,59412,75.30038022813689,9
0.2,789,93,59505,75.32278481012658,8
0.2,790,94,59599,75.34639696586599,7
0.2,791,96,59695,75.37247474747475,6
0.2,792,94,59789,75.39596469104666,7
0.2,793,90,59879,75.41435768261965,11
0.2,794,95,59974,75.43899371069182,8
0.2,795,94,60068,75.46231155778895,7
0.2,796,93,60161,75.48431618569636,10
0.2,797,85,60246,75.49624060150376,16
0.2,798,91,60337,75.51564455569462,10
0.2,799,94,60431,75.53875,8
0.2,800,95,60526,75.56304619225968,6
0.2,801,83,60609,75.57231920199501,20
0.2,802,93,60702,75.59402241594023,8
0.2,803,25,60727,75.53109452736318,7
0.2,804,88,60815,75.54658385093168,13
0.2,805,90,60905,75.56451612903226,12
0.2,806,87,60992,75.57868649318463,14
0.2,807,95,61087,75.60272277227723,6
0.2,808,91,61178,75.62175525339926,11
0.2,809,94,61272,75.64444444444445,7
0.2,810,92,61364,75.66461159062885,9
0.2,811,90,61454,75.68226600985221,11
0.2,812,23,61477,75.61746617466174,9
0.2,813,23,61500,75.55282555282555,9
0.2,814,92,61592,75.57300613496932,10
0.2,815,88,61680,75.58823529411765,13
0.2,816,21,61701,75.52141982864137,11
0.2,817,96,61797,75.54645476772616,6
0.2,818,94,61891,75.56898656898657,7
0.2,819,20,61911,75.50121951219512,13
0.2,820,-44,61867,75.35566382460414,8
0.2,821,94,61961,75.37834549878346,7
0.2,822,23,61984,75.31470230862698,10
0.2,823,78,62062,75.31796116504854,24
0.2,824,91,62153,75.3369696969697,10
0.2,825,94,62247,75.35956416464892,7
0.2,826,90,62337,75.37726723095525,11
0.2,827,87,62424,75.3913043478261,15
0.2,828,92,62516,75.41133896260556,9
0.2,829,93,62609,75.43253012048193,8
0.2,830,23,62632,75.36943441636582,11
0.2,831,93,62725,75.390625,8
0.2,832,90,62815,75.40816326530613,11
0.2,833,27,62842,75.35011990407673,6
0.2,834,92,62934,75.37005988023952,9
0.2,835,93,63027,75.39114832535886,8
0.2,836,24,63051,75.32974910394265,9
0.2,837,95,63146,75.35322195704057,7
0.2,838,21,63167,75.28843861740167,12
0.2,839,91,63258,75.30714285714286,10
0.2,840,92,63350,75.3269916765755,10
0.2,841,88,63438,75.34204275534442,14
0.2,842,18,63456,75.27402135231317,15
0.2,843,89,63545,75.29028436018957,12
0.2,844,95,63640,75.31360946745562,6
0.2,845,93,63733,75.33451536643027,8
0.2,846,94,63827,75.35655253837072,7
0.2,847,93,63920,75.37735849056604,9
0.2,848,23,63943,75.31566548881037,9
0.2,849,93,64036,75.3364705882353,8
0.2,850,91,64127,75.35487661574618,10
0.2,851,95,64222,75.37793427230046,6
0.2,852,92,64314,75.39742086752638,10
0.2,853,22,64336,75.33489461358313,12
0.2,854,84,64420,75.34502923976608,17
0.2,855,91,64511,75.36331775700934,11
0.2,856,89,64600,75.37922987164528,12
0.2,857,95,64695,75.4020979020979,6
0.2,858,96,64791,75.42607683352736,6
0.2,859,94,64885,75.44767441860465,7
0.2,860,91,64976,75.465737514518,11
0.2,861,87,65063,75.47911832946636,15
0.2,862,94,65157,75.50057937427579,7
0.2,863,91,65248,75.51851851851852,12
0.2,864,-52,65196,75.37109826589595,16
0.2,865,22,65218,75.3094688221709,10
0.2,866,93,65311,75.32987312572088,8
0.2,867,90,65401,75.34677419354838,12
0.2,868,95,65496,75.36939010356731,6
0.2,869,85,65581,75.38045977011494,22
0.2,870,93,65674,75.40068886337544,8
0.2,871,24,65698,75.34174311926606,8
0.2,872,16,65714,75.2737686139748,19
0.2,873,25,65739,75.2162471395881,8
0.2,874,92,65831,75.23542857142857,9
0.2,875,23,65854,75.17579908675799,10
0.2,876,85,65939,75.18700114025086,17
0.2,877,93,66032,75.20728929384966,9
0.2,878,96,66128,75.23094425483504,6
0.2,879,87,66215,75.24431818181819,14
0.2,880,91,66306,75.2622020431328,10
0.2,881,92,66398,75.28117913832199,9
0.2,882,26,66424,75.22536806342016,6
0.2,883,90,66514,75.2420814479638,11
0.2,884,92,66606,75.26101694915255,9
0.2,885,95,66701,75.28329571106094,7
0.2,886,90,66791,75.2998872604284,12
0.2,887,88,66879,75.3141891891892,14
0.2,888,96,66975,75.33745781777277,6
0.2,889,21,66996,75.27640449438202,13
0.2,890,91,67087,75.29405162738496,12
0.2,891,94,67181,75.31502242152466,7
0.2,892,92,67273,75.33370660694288,9
0.2,893,-55,67218,75.18791946308725,18
0.2,894,25,67243,75.131843575419,7
0.2,895,90,67333,75.1484375,11
0.2,896,92,67425,75.16722408026756,9
0.2,897,93,67518,75.18708240534521,9
0.2,898,94,67612,75.20800889877641,7
0.2,899,24,67636,75.1511111111111,8
0.2,900,94,67730,75.17203107658158,7
0.2,901,87,67817,75.18514412416852,14
0.2,902,96,67913,75.20819490586932,6
0.2,903,95,68008,75.23008849557522,6
0.2,904,93,68101,75.24972375690608,8
0.2,905,14,68115,75.18211920529801,20
0.2,906,91,68206,75.19955898566704,10
0.2,907,91,68297,75.2169603524229,10
0.2,908,94,68391,75.23762376237623,10
0.2,909,94,68485,75.25824175824175,7
0.2,910,96,68581,75.28100987925357,6
0.2,911,96,68677,75.30372807017544,6
0.2,912,96,68773,75.3263964950712,6
0.2,913,94,68867,75.34682713347921,8
0.2,914,95,68962,75.36830601092896,6
0.2,915,94,69056,75.38864628820961,7
0.2,916,84,69140,75.3980370774264,17
0.2,917,94,69234,75.41830065359477,7
0.2,918,96,69330,75.44069640914037,6
0.2,919,93,69423,75.45978260869565,8
0.2,920,89,69512,75.47448425624322,12
0.2,921,21,69533,75.41540130151844,12
0.2,922,94,69627,75.43553629469122,9
0.2,923,87,69714,75.44805194805195,15
0.2,924,94,69808,75.46810810810811,8
0.2,925,93,69901,75.48704103671706,9
0.2,926,18,69919,75.4250269687163,19
0.2,927,94,70013,75.44504310344827,8
0.2,928,91,70104,75.46178686759957,11
0.2,929,93,70197,75.48064516129033,8
0.2,930,21,70218,75.42212674543502,11
0.2,931,23,70241,75.36587982832619,9
0.2,932,22,70263,75.30868167202573,11
0.2,933,91,70354,75.3254817987152,11
0.2,934,92,70446,75.34331550802139,9
0.2,935,93,70539,75.36217948717949,8
0.2,936,86,70625,75.37353255069371,20
0.2,937,93,70718,75.39232409381663,8
0.2,938,84,70802,75.40149094781682,17
0.2,939,25,70827,75.34787234042552,8
0.2,940,95,70922,75.36875664187035,6
0.2,941,88,71010,75.38216560509554,13
0.2,942,90,71100,75.39766702014846,11
0.2,943,22,71122,75.34110169491525,11
0.2,944,93,71215,75.35978835978835,8
0.2,945,89,71304,75.37420718816068,12
0.2,946,91,71395,75.39070749736008,11
0.2,947,95,71490,75.4113924050633,8
0.2,948,87,71577,75.42360379346681,15
0.2,949,14,71591,75.35894736842106,18
0.2,950,22,71613,75.30283911671924,10
0.2,951,94,71707,75.32247899159664,7
0.2,952,94,71801,75.34207764952781,9
0.2,953,21,71822,75.28511530398323,11
0.2,954,86,71908,75.29633507853403,15
0.2,955,92,72000,75.31380753138075,11
0.2,956,90,72090,75.32915360501568,13
0.2,957,92,72182,75.34655532359082,9
0.2,958,96,72278,75.36809176225235,6
0.2,959,86,72364,75.37916666666666,15
0.2,960,94,72458,75.39854318418314,8
0.2,961,93,72551,75.41683991683992,8
0.2,962,23,72574,75.36240913811007,9
0.2,963,91,72665,75.37863070539419,10
0.2,964,26,72691,75.32746113989637,6
0.2,965,23,72714,75.27329192546584,10
0.2,966,94,72808,75.29265770423991,8
0.2,967,92,72900,75.3099173553719,9
0.2,968,94,72994,75.32920536635707,7
0.2,969,94,73088,75.34845360824742,7
0.2,970,96,73184,75.3697219361483,6
0.2,971,22,73206,75.31481481481481,12
0.2,972,94,73300,75.33401849948612,7
0.2,973,95,73395,75.35420944558521,6
0.2,974,95,73490,75.37435897435897,6
0.2,975,90,73580,75.38934426229508,11
0.2,976,93,73673,75.40736949846469,9
0.2,977,96,73769,75.42842535787321,6
0.2,978,94,73863,75.44739530132789,8
0.2,979,92,73955,75.46428571428571,9
0.2,980,91,74046,75.48012232415903,10
0.2,981,92,74138,75.4969450101833,9
0.2,982,91,74229,75.51271617497457,11
0.2,983,21,74250,75.45731707317073,12
0.2,984,89,74339,75.47106598984772,12
0.2,985,87,74426,75.48275862068965,19
0.2,986,94,74520,75.5015197568389,7
0.2,987,96,74616,75.52226720647774,6
0.2,988,95,74711,75.54196157735086,6
0.2,989,94,74805,75.56060606060606,8
0.2,990,92,74897,75.57719475277497,9
0.2,991,92,74989,75.59375,9
0.2,992,87,75076,75.60523665659618,14
0.2,993,90,75166,75.61971830985915,11
0.2,994,92,75258,75.63618090452262,9
0.2,995,89,75347,75.6495983935743,12
0.2,996,94,75441,75.6680040120361,7
0.2,997,94,75535,75.68637274549098,7
0.2,998,95,75630,75.70570570570571,8
0.2,999,92,75722,75.722,9
0.2,1000,96,75818,75.74225774225775,6
0.2,1001,22,75840,75.68862275449102,11
0.2,1002,96,75936,75.70887337986042,6
0.2,1003,93,76029,75.72609561752988,8
0.2,1004,94,76123,75.74427860696517,7
0.2,1005,25,76148,75.69383697813122,7
0.2,1006,94,76242,75.71201588877855,7
0.2,1007,21,76263,75.6577380952381,12
0.2,1008,94,76357,75.67591674925669,8
0.2,1009,88,76445,75.68811881188118,14
0.2,1010,92,76537,75.70425321463897,9
0.2,1011,90,76627,75.71837944664031,11
0.2,1012,88,76715,75.7305034550839,13
0.2,1013,94,76809,75.74852071005917,7
0.2,1014,93,76902,75.76551724137931,8
0.2,1015,96,76998,75.78543307086615,6
0.2,1016,86,77084,75.79547689282202,15
0.2,1017,21,77105,75.74165029469548,12
0.2,1018,88,77193,75.75368007850834,13
0.2,1019,94,77287,75.77156862745097,7
0.2,1020,95,77382,75.79040156709108,6
0.2,1021,-55,77327,75.6624266144814,19
0.2,1022,93,77420,75.6793743890518,9
0.2,1023,25,77445,75.6298828125,8
0.2,1024,93,77538,75.64682926829268,8
0.2,1025,93,77631,75.66374269005848,9
0.2,1026,93,77724,75.68062317429406,8
0.2,1027,92,77816,75.6964980544747,10
0.2,1028,21,77837,75.64334305150632,11
0.2,1029,89,77926,75.65631067961165,13
0.2,1030,87,78013,75.66731328806983,14
0.2,1031,93,78106,75.68410852713178,8
0.2,1032,93,78199,75.70087124878994,9
0.2,1033,91,78290,75.71566731141199,10
0.2,1034,90,78380,75.72946859903382,11
0.2,1035,24,78404,75.67953667953668,8
0.2,1036,23,78427,75.62873674059787,9
0.2,1037,91,78518,75.64354527938343,11
0.2,1038,93,78611,75.66025024061598,8
0.2,1039,95,78706,75.67884615384615,6
0.2,1040,92,78798,75.69452449567723,9
0.2,1041,95,78893,75.7130518234165,6
0.2,1042,94,78987,75.73058485139022,7
0.2,1043,94,79081,75.74808429118774,7
0.2,1044,15,79096,75.68995215311004,18
0.2,1045,91,79187,75.70458891013385,10
0.2,1046,96,79283,75.72397325692455,6
0.2,1047,90,79373,75.73759541984732,11
0.2,1048,84,79457,75.74547187797903,17
0.2,1049,90,79547,75.75904761904762,11
0.2,1050,93,79640,75.7754519505233,8
0.2,1051,93,79733,75.79182509505704,8
0.2,1052,95,79828,75.81006647673314,6
0.2,1053,-50,79778,75.69070208728652,13
0.2,1054,92,79870,75.70616113744076,9
0.2,1055,90,79960,75.71969696969697,11
0.2,1056,22,79982,75.66887417218543,10
0.2,1057,20,80002,75.61625708884688,13
0.2,1058,90,80092,75.62983947119925,11
0.2,1059,23,80115,75.58018867924528,9
0.2,1060,92,80207,75.5956644674835,10
0.2,1061,17,80224,75.54048964218455,16
0.2,1062,94,80318,75.55785512699906,9
0.2,1063,91,80409,75.57236842105263,11
0.2,1064,95,80504,75.5906103286385,6
0.2,1065,27,80531,75.54502814258912,6
0.2,1066,90,80621,75.55857544517339,11
0.2,1067,95,80716,75.57677902621722,6
0.2,1068,88,80804,75.58840037418148,13
0.2,1069,93,80897,75.60467289719627,8
0.2,1070,95,80992,75.62278244631186,6
0.2,1071,94,81086,75.63992537313433,7
0.2,1072,92,81178,75.65517241379311,9
0.2,1073,95,81273,75.6731843575419,7
0.2,1074,92,81365,75.68837209302326,9
0.2,1075,92,81457,75.70353159851301,10
0.2,1076,96,81553,75.72237697307335,7
0.2,1077,89,81642,75.73469387755102,13
0.2,1078,94,81736,75.7516218721038,8
0.2,1079,86,81822,75.7611111111111,15
0.2,1080,90,81912,75.77428307123034,11
0.2,1081,21,81933,75.72365988909426,11
0.2,1082,21,81954,75.67313019390582,11
0.2,1083,96,82050,75.69188191881919,6
0.2,1084,16,82066,75.636866359447,16
0.2,1085,94,82160,75.65377532228361,7
0.2,1086,94,82254,75.67065317387305,7
0.2,1087,96,82350,75.68933823529412,6
0.2,1088,90,82440,75.70247933884298,11
0.2,1089,19,82459,75.65045871559633,13
0.2,1090,90,82549,75.66361136571952,12
0.2,1091,-48,82501,75.5503663003663,11
0.2,1092,91,82592,75.56450137236962,10
0.2,1093,94,82686,75.58135283363802,7
0.2,1094,92,82778,75.59634703196348,9
0.2,1095,93,82871,75.61222627737226,9
0.2,1096,94,82965,75.62898814949864,7
0.2,1097,25,82990,75.58287795992715,8
0.2,1098,91,83081,75.59690627843494,10
0.2,1099,94,83175,75.61363636363636,7
0.2,1100,94,83269,75.63033605812898,7
0.2,1101,88,83357,75.6415607985481,13
0.2,1102,91,83448,75.65548504079783,10
0.2,1103,94,83542,75.67210144927536,9
0.2,1104,91,83633,75.68597285067874,10
0.2,1105,21,83654,75.63652802893309,11
0.2,1106,86,83740,75.64588979223126,16
0.2,1107,94,83834,75.66245487364621,7
0.2,1108,18,83852,75.61045987376015,16
0.2,1109,85,83937,75.61891891891892,17
0.2,1110,92,84029,75.63366336633663,10
0.2,1111,95,84124,75.65107913669065,6
0.2,1112,85,84209,75.65947888589398,16
0.2,1113,94,84303,75.67594254937164,7
0.2,1114,96,84399,75.69417040358745,6
0.2,1115,94,84493,75.7105734767025,7
0.2,1116,94,84587,75.72694717994628,7
0.2,1117,90,84677,75.73971377459749,11
0.2,1118,90,84767,75.75245755138516,11
0.2,1119,92,84859,75.76696428571428,10
0.2,1120,93,84952,75.78233719892953,8
0.2,1121,88,85040,75.79322638146168,14
0.2,1122,-55,84985,75.67675868210151,19
0.2,1123,94,85079,75.69306049822065,7
0.2,1124,83,85162,75.69955555555556,18
0.2,1125,90,85252,75.71225577264654,11
0.2,1126,94,85346,75.7284826974268,7
0.2,1127,93,85439,75.74379432624113,8
0.2,1128,93,85532,75.75907883082374,8
0.2,1129,93,85625,75.77433628318585,8
0.2,1130,96,85721,75.7922192749779,6
0.2,1131,95,85816,75.80918727915194,6
0.2,1132,96,85912,75.8270079435128,6
0.2,1133,93,86005,75.84215167548501,8
0.2,1134,94,86099,75.85814977973568,7
0.2,1135,94,86193,75.87411971830986,9
0.2,1136,88,86281,75.88478452066843,13
0.2,1137,92,86373,75.89894551845343,9
0.2,1138,21,86394,75.85074626865672,12
0.2,1139,94,86488,75.86666666666666,7
0.2,1140,91,86579,75.87992988606486,10
0.2,1141,90,86669,75.8922942206655,11
0.2,1142,94,86763,75.90813648293964,8
0.2,1143,93,86856,75.92307692307692,9
0.2,1144,19,86875,75.87336244541484,13
0.2,1145,88,86963,75.88394415357766,13
0.2,1146,94,87057,75.89973844812555,7
0.2,1147,94,87151,75.91550522648083,7
0.2,1148,22,87173,75.86858137510879,11
0.2,1149,92,87265,75.88260869565218,9
0.2,1150,94,87359,75.89834926151173,7
0.2,1151,89,87448,75.90972222222223,12
0.2,1152,15,87463,75.85689505637467,17
0.2,1153,92,87555,75.87088388214904,9
0.2,1154,90,87645,75.88311688311688,11
0.2,1155,24,87669,75.83823529411765,8
0.2,1156,94,87763,75.85393258426966,8
0.2,1157,92,87855,75.8678756476684,10
0.2,1158,94,87949,75.88352027610009,8
0.2,1159,94,88043,75.89913793103449,7
0.2,1160,94,88137,75.91472868217055,8
0.2,1161,95,88232,75.93115318416523,6
0.2,1162,95,88327,75.9475494411006,6
0.2,1163,92,88419,75.96134020618557,9
0.2,1164,86,88505,75.96995708154506,15
0.2,1165,96,88601,75.98713550600343,6
0.2,1166,21,88622,75.94001713796058,11
0.2,1167,23,88645,75.89469178082192,11
0.2,1168,94,88739,75.91017964071857,7
0.2,1169,92,88831,75.92393162393162,9
0.2,1170,91,88922,75.93680614859095,10
0.2,1171,95,89017,75.95307167235495,8
0.2,1172,91,89108,75.96589940323956,10
0.2,1173,94,89202,75.98126064735945,10
0.2,1174,94,89296,75.99659574468085,9
0.2,1175,94,89390,76.01190476190476,7
0.2,1176,-47,89343,75.90739167374682,11
0.2,1177,92,89435,75.92105263157895,9
0.2,1178,93,89528,75.93553859202714,8
0.2,1179,90,89618,75.94745762711864,11
0.2,1180,92,89710,75.961049957663,11
0.2,1181,90,89800,75.97292724196278,12
0.2,1182,93,89893,75.98732037193575,8
0.2,1183,93,89986,76.0016891891892,9
0.2,1184,26,90012,75.95949367088608,6
0.2,1185,96,90108,75.97639123102867,6
0.2,1186,93,90201,75.99073294018534,8
0.2,1187,96,90297,76.00757575757575,6
0.2,1188,91,90388,76.0201850294365,11
0.2,1189,95,90483,76.03613445378151,8
0.2,1190,92,90575,76.0495382031906,9
0.2,1191,94,90669,76.06459731543625,7
0.2,1192,91,90760,76.07711651299246,11
0.2,1193,21,90781,76.03098827470687,11
0.2,1194,21,90802,75.98493723849373,12
0.2,1195,24,90826,75.94147157190635,8
0.2,1196,96,90922,75.95822890559732,6
0.2,1197,94,91016,75.97328881469114,7
0.2,1198,21,91037,75.92743953294412,13
0.2,1199,-51,90986,75.82166666666667,15
0.2,1200,92,91078,75.83513738551207,10
0.2,1201,17,91095,75.78618968386023,15
0.2,1202,96,91191,75.80299251870325,6
0.2,1203,93,91284,75.8172757475083,10
0.2,1204,94,91378,75.83236514522821,7
0.2,1205,93,91471,75.84660033167496,8
0.2,1206,26,91497,75.80530240265121,6
0.2,1207,95,91592,75.82119205298014,7
0.2,1208,95,91687,75.83705541770058,6
0.2,1209,85,91772,75.84462809917355,18
0.2,1210,94,91866,75.85962014863749,7
0.2,1211,18,91884,75.81188118811882,14
0.2,1212,7,91891,75.75515251442704,25
0.2,1213,87,91978,75.76441515650741,14
0.2,1214,90,92068,75.7761316872428,11
0.2,1215,26,92094,75.73519736842105,7
0.2,1216,93,92187,75.7493837304848,8
0.2,1217,94,92281,75.76436781609195,7
0.2,1218,24,92305,75.72190319934373,8
0.2,1219,95,92400,75.73770491803279,6
0.2,1220,95,92495,75.75348075348076,6
0.2,1221,94,92589,75.7684124386252,7
0.2,1222,24,92613,75.7260834014718,9
0.2,1223,95,92708,75.74183006535948,6
0.2,1224,94,92802,75.75673469387755,10
0.2,1225,91,92893,75.76916802610114,10
0.2,1226,84,92977,75.7758761206194,17
0.2,1227,83,93060,75.78175895765472,18
0.2,1228,95,93155,75.79739625711962,6
0.2,1229,91,93246,75.80975609756098,10
0.2,1230,91,93337,75.82209585702681,11
0.2,1231,88,93425,75.83198051948052,13
0.2,1232,92,93517,75.84509326845094,9
0.2,1233,95,93612,75.86061588330632,7
0.2,1234,93,93705,75.8744939271255,8
0.2,1235,91,93796,75.88673139158576,12
0.2,1236,23,93819,75.84397736459175,9
0.2,1237,89,93908,75.8546042003231,12
0.2,1238,88,93996,75.86440677966101,14
0.2,1239,94,94090,75.87903225806451,7
0.2,1240,25,94115,75.83803384367445,7
0.2,1241,91,94206,75.85024154589372,10
0.2,1242,95,94301,75.86564762670957,6
0.2,1243,93,94394,75.87942122186494,10
0.2,1244,92,94486,75.89236947791164,11
0.2,1245,96,94582,75.90850722311396,6
0.2,1246,94,94676,75.92301523656776,8
0.2,1247,94,94770,75.9375,8
0.2,1248,95,94865,75.95276220976781,8
0.2,1249,21,94886,75.9088,11
0.2,1250,94,94980,75.92326139088729,7
0.2,1251,18,94998,75.87699680511182,14
0.2,1252,95,95093,75.89225857940941,6
0.2,1253,89,95182,75.90271132376395,12
0.2,1254,88,95270,75.91235059760956,13
0.2,1255,87,95357,75.92117834394904,14
0.2,1256,92,95449,75.93396976929196,9
0.2,1257,25,95474,75.89348171701113,7
0.2,1258,95,95569,75.90865766481335,6
0.2,1259,93,95662,75.92222222222222,9
0.2,1260,90,95752,75.93338620142744,11
0.2,1261,94,95846,75.94770206022187,7
0.2,1262,92,95938,75.96041171813144,9
0.2,1263,96,96034,75.97626582278481,6
0.2,1264,94,96128,75.9905138339921,7
0.2,1265,93,96221,76.0039494470774,8
0.2,1266,16,96237,75.95659037095501,18
0.2,1267,91,96328,75.96845425867508,10
0.2,1268,24,96352,75.92750197005516,8
0.2,1269,93,96445,75.94094488188976,8
0.2,1270,93,96538,75.9543666404406,8
0.2,1271,96,96634,75.97012578616352,7
0.2,1272,23,96657,75.92851531814611,11
0.2,1273,22,96679,75.8861852433281,10
0.2,1274,96,96775,75.90196078431373,6
0.2,1275,94,96869,75.91614420062696,7
0.2,1276,95,96964,75.93108848864526,9
0.2,1277,91,97055,75.94287949921753,11
0.2,1278,95,97150,75.95777951524629,8
0.2,1279,92,97242,75.9703125,9
0.2,1280,92,97334,75.98282591725214,9
0.2,1281,95,97429,75.99765990639625,6
0.2,1282,95,97524,76.012470771629,7
0.2,1283,94,97618,76.02647975077882,7
0.2,1284,95,97713,76.04124513618677,6
0.2,1285,94,97807,76.0552099533437,7
0.2,1286,14,97821,76.00699300699301,18
0.2,1287,93,97914,76.02018633540372,8
0.2,1288,95,98009,76.03491078355314,6
0.2,1289,12,98021,75.98527131782946,20
0.2,1290,95,98116,76.0,8
0.2,1291,-46,98070,75.90557275541795,9
0.2,1292,96,98166,75.92111368909512,6
0.2,1293,88,98254,75.93044822256569,13
0.2,1294,92,98346,75.94285714285714,11
0.2,1295,96,98442,75.95833333333333,6
0.2,1296,95,98537,75.97301464919045,6
0.2,1297,90,98627,75.98382126348228,11
0.2,1298,96,98723,75.99923017705927,6
0.2,1299,94,98817,76.01307692307692,8
0.2,1300,94,98911,76.02690238278248,7
0.2,1301,96,99007,76.04224270353302,6
0.2,1302,89,99096,76.05218726016884,13
0.2,1303,95,99191,76.06671779141104,6
0.2,1304,95,99286,76.08122605363985,6
0.2,1305,91,99377,76.0926493108729,10
0.2,1306,89,99466,76.10252486610558,12
0.2,1307,95,99561,76.11697247706422,7
0.2,1308,94,99655,76.13063407181055,7
0.2,1309,95,99750,76.14503816793894,6
0.2,1310,24,99774,76.10526315789474,8
0.2,1311,92,99866,76.1173780487805,9
0.2,1312,91,99957,76.12871287128714,10
0.2,1313,92,100049,76.14079147640791,9
0.2,1314,93,100142,76.15361216730038,9
0.2,1315,96,100238,76.16869300911854,6
0.2,1316,91,100329,76.17995444191344,10
0.2,1317,25,100354,76.14112291350531,7
0.2,1318,-48,100306,76.0470053070508,11
0.2,1319,95,100401,76.06136363636364,7
0.2,1320,24,100425,76.0219530658592,9
0.2,1321,94,100519,76.035552193646,7
0.2,1322,93,100612,76.04837490551776,8
0.2,1323,92,100704,76.06042296072508,9
0.2,1324,94,100798,76.07396226415095,7
0.2,1325,94,100892,76.08748114630468,7
0.2,1326,-51,100841,75.99171062547099,14
0.2,1327,96,100937,76.00677710843374,6
0.2,1328,21,100958,75.96538750940557,11
0.2,1329,90,101048,75.97593984962406,11
0.2,1330,93,101141,75.98873027798648,8
0.2,1331,93,101234,76.00150150150151,8
0.2,1332,94,101328,76.01500375093774,7
0.2,1333,93,101421,76.02773613193403,8
0.2,1334,93,101514,76.04044943820224,8
0.2,1335,19,101533,75.99775449101796,13
0.2,1336,25,101558,75.95961106955872,8
0.2,1337,94,101652,75.97309417040358,9
0.2,1338,91,101743,75.98431665421957,10
0.2,1339,89,101832,75.99402985074627,12
0.2,1340,96,101928,76.0089485458613,6
0.2,1341,94,102022,76.02235469448584,7
0.2,1342,95,102117,76.03648548026806,6
0.2,1343,94,102211,76.04985119047619,7
0.2,1344,21,102232,76.0089219330855,11
0.2,1345,18,102250,75.96582466567608,14
0.2,1346,96,102346,75.98069784706756,6
0.2,1347,24,102370,75.94213649851632,8
0.2,1348,89,102459,75.95181616011861,12
0.2,1349,95,102554,75.96592592592593,6
0.2,1350,96,102650,75.98075499629904,6
0.2,1351,95,102745,75.9948224852071,6
0.2,1352,93,102838,76.00739098300073,10
0.2,1353,92,102930,76.0192023633678,11
0.2,1354,96,103026,76.0339483394834,6
0.2,1355,95,103121,76.04793510324484,6
0.2,1356,96,103217,76.06263817243921,6
0.2,1357,-54,103163,75.96686303387334,18
0.2,1358,17,103180,75.92347314201619,15
0.2,1359,89,103269,75.93308823529412,12
0.2,1360,92,103361,75.94489346069066,9
0.2,1361,93,103454,75.95741556534509,9
0.2,1362,91,103545,75.96845194424064,12
0.2,1363,24,103569,75.93035190615836,8
0.2,1364,93,103662,75.94285714285714,8
0.2,1365,24,103686,75.90483162518302,8
0.2,1366,96,103782,75.91953182150695,6
0.2,1367,93,103875,75.93201754385964,8
0.2,1368,90,103965,75.94229364499635,11
0.2,1369,95,104060,75.95620437956204,7
0.2,1370,95,104155,75.97009482129832,6
0.2,1371,23,104178,75.93148688046647,9
0.2,1372,96,104274,75.94610342316096,6
0.2,1373,96,104370,75.96069868995633,6
0.2,1374,91,104461,75.97163636363636,10
0.2,1375,92,104553,75.98328488372093,11
0.2,1376,91,104644,75.99419026870007,10
0.2,1377,94,104738,76.00725689404935,8
0.2,1378,92,104830,76.0188542422045,9
0.2,1379,92,104922,76.0304347826087,11
0.2,1380,24,104946,75.99275887038378,8
0.2,1381,92,105038,76.00434153400869,11
0.2,1382,95,105133,76.0180766449747,6
0.2,1383,25,105158,75.98121387283237,8
0.2,1384,94,105252,75.9942238267148,7
0.2,1385,89,105341,76.0036075036075,13
0.2,1386,94,105435,76.01658255227109,8
0.2,1387,92,105527,76.02809798270893,9
0.2,1388,94,105621,76.04103671706264,8
0.2,1389,93,105714,76.05323741007194,8
0.2,1390,92,105806,76.0647016534867,9
0.2,1391,20,105826,76.02442528735632,13
0.2,1392,91,105917,76.03517587939699,11
0.2,1393,95,106012,76.04878048780488,6
0.2,1394,94,106106,76.06164874551972,8
0.2,1395,96,106202,76.07593123209169,6
0.2,1396,24,106226,76.0386542591267,9
0.2,1397,93,106319,76.05078683834049,8
0.2,1398,94,106413,76.06361686919227,9
0.2,1399,90,106503,76.07357142857143,11
0.2,1400,95,106598,76.0870806566738,6
0.2,1401,93,106691,76.09914407988587,8
0.2,1402,93,106784,76.11119030648611,8
0.2,1403,23,106807,76.07336182336182,9
0.2,1404,88,106895,76.08185053380782,13
0.2,1405,92,106987,76.0931721194879,9
0.2,1406,78,107065,76.09452736318408,26
0.2,1407,94,107159,76.10724431818181,7
0.2,1408,94,107253,76.11994322214336,7
0.2,1409,94,107347,76.13262411347517,7
0.2,1410,94,107441,76.14528703047485,8
0.2,1411,91,107532,76.15580736543909,13
0.2,1412,92,107624,76.16702052370842,13
0.2,1413,84,107708,76.17256011315418,17
0.2,1414,87,107795,76.18021201413427,15
0.2,1415,93,107888,76.19209039548022,8
0.2,1416,94,107982,76.20465772759351,7
0.2,1417,96,108078,76.21861777150917,6
0.2,1418,24,108102,76.18181818181819,8
0.2,1419,92,108194,76.19295774647887,9
0.2,1420,24,108218,76.15622800844476,8
0.2,1421,21,108239,76.11744022503517,11
0.2,1422,93,108332,76.1293042867182,8
0.2,1423,25,108357,76.09339887640449,7
0.2,1424,93,108450,76.10526315789474,9
0.2,1425,96,108546,76.11921458625525,6
0.2,1426,92,108638,76.13034337771549,9
0.2,1427,23,108661,76.09313725490196,9
0.2,1428,92,108753,76.10426871938418,9
0.2,1429,92,108845,76.11538461538461,11
0.2,1430,-45,108800,76.03074772886093,8
0.2,1431,87,108887,76.03840782122904,14
0.2,1432,89,108976,76.04745289602234,13
0.2,1433,90,109066,76.05718270571828,11
0.2,1434,90,109156,76.06689895470383,11
0.2,1435,23,109179,76.02994428969359,9
0.2,1436,96,109275,76.04384133611691,6
0.2,1437,87,109362,76.05146036161335,15
0.2,1438,93,109455,76.0632383599722,8
0.2,1439,93,109548,76.075,8
0.2,1440,24,109572,76.03886190145732,8
0.2,1441,93,109665,76.0506241331484,9
0.2,1442,96,109761,76.06444906444906,6
0.2,1443,92,109853,76.07548476454294,10
0.2,1444,89,109942,76.08442906574395,12
0.2,1445,92,110034,76.0954356846473,9
0.2,1446,91,110125,76.10573600552868,10
0.2,1447,89,110214,76.1146408839779,13
0.2,1448,94,110308,76.12698412698413,7
0.2,1449,96,110404,76.14068965517241,6
0.2,1450,95,110499,76.15368711233631,7
0.2,1451,89,110588,76.1625344352617,12
0.2,1452,25,110613,76.12732278045424,8
0.2,1453,96,110709,76.14099037138926,6
0.2,1454,92,110801,76.15189003436426,9
0.2,1455,93,110894,76.16346153846153,8
0.2,1456,24,110918,76.12765957446808,8
0.2,1457,96,111014,76.14128943758574,6
0.2,1458,94,111108,76.15352981494173,7
0.2,1459,89,111197,76.16232876712328,14
0.2,1460,27,111224,76.12867898699521,6
0.2,1461,94,111318,76.14090287277702,9
0.2,1462,96,111414,76.15447710184553,6
0.2,1463,93,111507,76.16598360655738,8
0.2,1464,95,111602,76.17883959044369,6
0.2,1465,96,111698,76.19236016371077,7
0.2,1466,24,111722,76.15678254942058,8
0.2,1467,89,111811,76.16553133514986,13
0.2,1468,95,111906,76.1783526208305,6
0.2,1469,93,111999,76.18979591836735,9
0.2,1470,95,112094,76.20258327668253,6
0.2,1471,94,112188,76.21467391304348,8
0.2,1472,93,112281,76.22606924643584,9
0.2,1473,91,112372,76.23609226594301,10
0.2,1474,91,112463,76.24610169491525,10
0.2,1475,91,112554,76.2560975609756,14
0.2,1476,91,112645,76.2660798916723,10
0.2,1477,96,112741,76.27943166441136,7
0.2,1478,92,112833,76.29006085192698,9
0.2,1479,82,112915,76.29391891891892,19
0.2,1480,94,113009,76.30587440918299,7
0.2,1481,89,113098,76.3144399460189,12
0.2,1482,93,113191,76.32569116655428,8
0.2,1483,19,113210,76.28706199460916,13
0.2,1484,92,113302,76.2976430976431,9
0.2,1485,91,113393,76.30753701211306,10
0.2,1486,88,113481,76.31540013449899,14
0.2,1487,94,113575,76.32728494623656,7
0.2,1488,24,113599,76.29214237743452,10
0.2,1489,94,113693,76.30402684563758,7
0.2,1490,92,113785,76.31455399061034,10
0.2,1491,-50,113735,76.2298927613941,13
0.2,1492,92,113827,76.24045545880777,9
0.2,1493,89,113916,76.24899598393574,12
0.2,1494,20,113936,76.2113712374582,14
0.2,1495,92,114028,76.22192513368984,10
0.2,1496,14,114042,76.18036072144288,18
0.2,1497,93,114135,76.19158878504673,9
0.2,1498,88,114223,76.19946631087392,14
0.2,1499,94,114317,76.21133333333333,7
0.2,1500,92,114409,76.22185209860093,9
0.2,1501,90,114499,76.23102529960053,11
0.2,1502,92,114591,76.24151696606786,9
0.2,1503,95,114686,76.25398936170212,6
0.2,1504,88,114774,76.26179401993356,14
0.2,1505,94,114868,76.27357237715803,7
0.2,1506,91,114959,76.28334439283344,10
0.2,1507,92,115051,76.29376657824933,9
0.2,1508,94,115145,76.30550033134526,9
0.2,1509,22,115167,76.26953642384106,11
0.2,1510,-46,115121,76.18861681005956,10
0.2,1511,93,115214,76.19973544973546,8
0.2,1512,26,115240,76.16655651024455,7
0.2,1513,96,115336,76.17965653896961,6
0.2,1514,91,115427,76.18943894389439,12
0.2,1515,25,115452,76.15567282321899,8
0.2,1516,82,115534,76.15952537903758,19
0.2,1517,94,115628,76.17127799736495,7
0.2,1518,93,115721,76.18235681369322,8
0.2,1519,93,115814,76.19342105263158,8
0.2,1520,94,115908,76.2051282051282,8
0.2,1521,25,115933,76.17148488830486,7
0.2,1522,92,116025,76.18187787261984,9
0.2,1523,92,116117,76.19225721784777,10
0.2,1524,16,116133,76.1527868852459,16
0.2,1525,94,116227,76.16448230668414,8
0.2,1526,91,116318,76.17419777341192,10
0.2,1527,92,116410,76.18455497382199,12
0.2,1528,24,116434,76.1504251144539,8
0.2,1529,93,116527,76.16143790849674,9
0.2,1530,89,116616,76.16982364467668,14
0.2,1531,93,116709,76.18080939947781,9
0.2,1532,90,116799,76.18982387475538,12
0.2,1533,92,116891,76.20013037809647,9
0.2,1534,19,116910,76.1628664495114,14
0.2,1535,93,117003,76.173828125,9
0.2,1536,95,117098,76.18607677293429,6
0.2,1537,20,117118,76.14954486345904,15
0.2,1538,90,117208,76.1585445094217,11
0.2,1539,-52,117156,76.07532467532468,15
0.2,1540,92,117248,76.0856586632057,10
0.2,1541,96,117344,76.09857328145266,7
0.2,1542,92,117436,76.10887880751783,9
0.2,1543,94,117530,76.12046632124353,7
0.2,1544,94,117624,76.13203883495146,7
0.2,1545,21,117645,76.09637774902976,11
0.2,1546,90,117735,76.10536522301229,11
0.2,1547,92,117827,76.1156330749354,9
0.2,1548,95,117922,76.12782440284055,8
0.2,1549,87,118009,76.13483870967742,14
0.2,1550,23,118032,76.10058027079303,9
0.2,1551,92,118124,76.11082474226804,10
0.2,1552,91,118215,76.12041210560206,10
0.2,1553,87,118302,76.12741312741312,14
0.2,1554,94,118396,76.13890675241157,7
0.2,1555,89,118485,76.14717223650386,12
0.2,1556,95,118580,76.1592806679512,6
0.2,1557,85,118665,76.16495507060334,17
0.2,1558,90,118755,76.17382937780629,12
0.2,1559,88,118843,76.18141025641026,13
0.2,1560,93,118936,76.19218449711724,9
0.2,1561,92,119028,76.202304737516,9
0.2,1562,91,119119,76.21177223288548,12
0.2,1563,94,119213,76.22314578005115,8
0.2,1564,27,119240,76.19169329073482,6
0.2,1565,89,119329,76.19987228607918,14
0.2,1566,94,119423,76.21123165283983,7
0.2,1567,90,119513,76.22002551020408,13
0.2,1568,25,119538,76.18738049713193,7
0.2,1569,24,119562,76.15414012738853,9
0.2,1570,93,119655,76.16486314449395,8
0.2,1571,96,119751,76.17748091603053,6
0.2,1572,92,119843,76.18753973299428,9
0.2,1573,96,119939,76.20012706480306,6
0.2,1574,94,120033,76.21142857142857,7
0.2,1575,90,120123,76.22017766497461,13
0.2,1576,94,120217,76.23145212428662,7
0.2,1577,92,120309,76.24144486692015,9
0.2,1578,88,120397,76.24889170360989,14
0.2,1579,94,120491,76.26012658227847,8
0.2,1580,91,120582,76.26944971537002,10
0.2,1581,91,120673,76.27876106194691,10
0.2,1582,19,120692,76.24257738471258,14
0.2,1583,-48,120644,76.16414141414141,12
0.2,1584,20,120664,76.12870662460568,12
0.2,1585,96,120760,76.14123581336696,7
0.2,1586,87,120847,76.14807813484562,14
0.2,1587,90,120937,76.15680100755668,11
0.2,1588,24,120961,76.12397734424167,9
0.2,1589,27,120988,76.09308176100629,6
0.2,1590,-54,120934,76.01131363922062,17
0.2,1591,96,121030,76.02386934673366,6
0.2,1592,16,121046,75.98618957940992,16
0.2,1593,27,121073,75.95545796737767,6
0.2,1594,94,121167,75.96677115987461,7
0.2,1595,24,121191,75.9342105263158,8
0.2,1596,93,121284,75.9448966812774,9
0.2,1597,86,121370,75.9511889862328,17
0.2,1598,88,121458,75.95872420262664,13
0.2,1599,89,121547,75.966875,13
0.2,1600,94,121641,75.97813866333541,7
0.2,1601,89,121730,75.98626716604245,12
0.2,1602,92,121822,75.99625701809109,9
0.2,1603,93,121915,76.0068578553616,9
0.2,1604,96,122011,76.01931464174454,7
0.2,1605,92,122103,76.02926525529266,10
0.2,1606,94,122197,76.04044803982576,8
0.2,1607,92,122289,76.05037313432835,9
0.2,1608,22,122311,76.01678060907396,11
0.2,1609,19,122330,75.98136645962732,14
0.2,1610,21,122351,75.94723774053384,11
0.2,1611,-52,122299,75.86786600496278,15
0.2,1612,95,122394,75.87972721636702,6
0.2,1613,93,122487,75.8903345724907,8
0.2,1614,91,122578,75.89969040247678,11
0.2,1615,93,122671,75.91027227722772,10
0.2,1616,93,122764,75.9208410636982,8
0.2,1617,93,122857,75.93139678615574,10
0.2,1618,89,122946,75.93946880790611,16
0.2,1619,92,123038,75.94938271604939,9
0.2,1620,93,123131,75.9599012954966,10
0.2,1621,93,123224,75.97040690505548,8
0.2,1622,93,123317,75.98089956869994,8
0.2,1623,95,123412,75.99261083743842,6
0.2,1624,96,123508,76.00492307692308,6
0.2,1625,16,123524,75.9680196801968,17
0.2,1626,94,123618,75.97910264290104,9
0.2,1627,94,123712,75.99017199017199,7
0.2,1628,95,123807,76.00184162062615,6
0.2,1629,95,123902,76.01349693251534,6
0.2,1630,91,123993,76.0226854690374,10
0.2,1631,20,124013,75.98835784313725,14
0.2,1632,92,124105,75.9981628903858,9
0.2,1633,96,124201,76.01040391676867,6
0.2,1634,94,124295,76.02140672782875,8
0.2,1635,94,124389,76.03239608801955,7
0.2,1636,25,124414,76.00122174709836,7
0.2,1637,94,124508,76.01221001221002,7
0.2,1638,16,124524,75.97559487492373,18
0.2,1639,90,124614,75.98414634146341,11
0.2,1640,96,124710,75.9963436928702,6
0.2,1641,90,124800,76.00487210718636,11
0.2,1642,92,124892,76.01460742544127,9
0.2,1643,91,124983,76.02372262773723,10
0.2,1644,18,125001,75.98844984802432,14
0.2,1645,92,125093,75.99817739975698,9
0.2,1646,89,125182,76.0060716454159,12
0.2,1647,92,125274,76.01577669902913,9
0.2,1648,24,125298,75.98423286840509,10
0.2,1649,91,125389,75.99333333333334,10
0.2,1650,27,125416,75.96365838885524,7
0.2,1651,24,125440,75.9322033898305,10
0.2,1652,93,125533,75.94252873563218,8
0.2,1653,95,125628,75.9540507859734,6
0.2,1654,93,125721,75.9643504531722,8
0.2,1655,94,125815,75.97524154589372,7
0.2,1656,21,125836,75.94206397103198,11
0.2,1657,91,125927,75.95114595898673,10
0.2,1658,96,126023,75.96323086196504,6
0.2,1659,95,126118,75.97469879518073,6
0.2,1660,93,126211,75.98494882600843,8
0.2,1661,96,126307,75.99699157641396,6
0.2,1662,91,126398,76.00601322910403,10
0.2,1663,94,126492,76.01682692307692,7
0.2,1664,95,126587,76.02822822822823,6
0.2,1665,19,126606,75.99399759903962,13
0.2,1666,93,126699,76.00419916016797,8
0.2,1667,23,126722,75.97242206235012,10
0.2,1668,89,126811,75.98022768124626,12
0.2,1669,91,126902,75.98922155688622,10
0.2,1670,88,126990,75.99640933572711,13
0.2,1671,26,127016,75.96650717703349,7
0.2,1672,94,127110,75.97728631201434,7
0.2,1673,96,127206,75.98924731182795,6
0.2,1674,17,127223,75.95402985074627,16
0.2,1675,92,127315,75.96360381861575,9
0.2,1676,92,127407,75.97316636851521,9
0.2,1677,25,127432,75.94278903456495,7
0.2,1678,91,127523,75.95175699821323,12
0.2,1679,95,127618,75.96309523809524,6
0.2,1680,94,127712,75.9738251041047,7
0.2,1681,96,127808,75.98573127229488,7
0.2,1682,94,127902,75.99643493761141,7
0.2,1683,96,127998,76.0083135391924,6
0.2,1684,94,128092,76.01899109792285,8
0.2,1685,20,128112,75.98576512455516,12
0.2,1686,92,128204,75.99525785417902,11
0.2,1687,93,128297,76.0053317535545,9
0.2,1688,96,128393,76.01716992303137,6
0.2,1689,94,128487,76.02781065088757,7
0.2,1690,93,128580,76.03784742755767,8
0.2,1691,92,128672,76.04728132387707,9
0.2,1692,93,128765,76.05729474305966,11
0.2,1693,89,128854,76.06493506493507,12
0.2,1694,92,128946,76.07433628318584,10
0.2,1695,94,129040,76.08490566037736,7
0.2,1696,89,129129,76.09251620506777,12
0.2,1697,93,129222,76.10247349823321,8
0.2,1698,93,129315,76.1124190700412,8
0.2,1699,93,129408,76.12235294117647,8
0.2,1700,95,129503,76.13345091122869,6
0.2,1701,96,129599,76.14512338425382,6
0.2,1702,86,129685,76.15091015854375,15
0.2,1703,91,129776,76.15962441314554,13
0.2,1704,95,129871,76.17067448680352,7
0.2,1705,25,129896,76.14067995310668,7
0.2,1706,96,129992,76.15231400117165,6
0.2,1707,21,130013,76.12002341920375,11
0.2,1708,92,130105,76.12931538911644,9
0.2,1709,94,130199,76.13976608187134,7
0.2,1710,93,130292,76.14962010520163,9
0.2,1711,20,130312,76.11682242990655,15
0.2,1712,94,130406,76.1272621132516,8
0.2,1713,96,130502,76.13885647607934,6
0.2,1714,93,130595,76.14868804664724,8
0.2,1715,92,130687,76.1579254079254,10
0.2,1716,95,130782,76.16889924286546,6
0.2,1717,92,130874,76.17811408614668,9
0.2,1718,93,130967,76.18789994182664,8
0.2,1719,93,131060,76.19767441860465,9
0.2,1720,15,131075,76.1621150493899,18
0.2,1721,89,131164,76.16957026713125,12
0.2,1722,90,131254,76.17759721416135,11
0.2,1723,94,131348,76.18793503480279,7
0.2,1724,91,131439,76.19652173913043,10
0.2,1725,94,131533,76.20683661645423,8
0.2,1726,92,131625,76.21598147075854,9
0.2,1727,87,131712,76.22222222222223,14
0.2,1728,94,131806,76.2325043377675,7
0.2,1729,88,131894,76.2393063583815,13
0.2,1730,25,131919,76.20970537261698,8
0.2,1731,96,132015,76.22113163972287,6
0.2,1732,95,132110,76.23196768609348,7
0.2,1733,96,132206,76.24336793540945,6
0.2,1734,24,132230,76.21325648414985,8
0.2,1735,93,132323,76.22292626728111,8
0.2,1736,92,132415,76.23200921128382,9
0.2,1737,-47,132368,76.16110471806674,10
0.2,1738,95,132463,76.17193789534215,6
0.2,1739,92,132555,76.18103448275862,10
0.2,1740,93,132648,76.19069500287192,10
0.2,1741,95,132743,76.20149253731343,6
0.2,1742,94,132837,76.21170395869191,8
0.2,1743,90,132927,76.21961009174312,11
0.2,1744,94,133021,76.2297994269341,9
0.2,1745,93,133114,76.23940435280642,8
0.2,1746,92,133206,76.24842587292501,10
0.2,1747,18,133224,76.21510297482837,14
0.2,1748,21,133245,76.1835334476844,11
0.2,1749,89,133334,76.19085714285714,13
0.2,1750,90,133424,76.19874357509994,11
0.2,1751,96,133520,76.21004566210046,6
0.2,1752,96,133616,76.22133485453509,6
0.2,1753,94,133710,76.2314709236032,7
0.2,1754,91,133801,76.23988603988604,10
0.2,1755,94,133895,76.25,7
0.2,1756,90,133985,76.25782583949915,11
0.2,1757,91,134076,76.26621160409556,10
0.2,1758,93,134169,76.27572484366117,8
0.2,1759,96,134265,76.28693181818181,6
0.2,1760,24,134289,76.25724020442931,9
0.2,1761,92,134381,76.26617480136208,9
0.2,1762,92,134473,76.27509926262053,9
0.2,1763,93,134566,76.28458049886622,8
0.2,1764,95,134661,76.29518413597734,6
0.2,1765,94,134755,76.30520951302378,7
0.2,1766,96,134851,76.31635540464063,6
0.2,1767,92,134943,76.3252262443439,9
0.2,1768,94,135037,76.3352176370831,9
0.2,1769,94,135131,76.345197740113,7
0.2,1770,92,135223,76.35403726708074,10
0.2,1771,91,135314,76.36230248306998,11
0.2,1772,92,135406,76.37112239142697,13
0.2,1773,96,135502,76.38218714768884,6
0.2,1774,94,135596,76.39211267605634,7
0.2,1775,94,135690,76.40202702702703,8
0.2,1776,19,135709,76.36972425436129,13
0.2,1777,94,135803,76.37964004499437,8
0.2,1778,23,135826,76.34963462619449,12
0.2,1779,91,135917,76.35786516853932,10
0.2,1780,95,136012,76.36833239752947,6
0.2,1781,92,136104,76.37710437710437,10
0.2,1782,95,136199,76.38754907459338,6
0.2,1783,82,136281,76.39069506726457,19
0.2,1784,90,136371,76.39831932773109,14
0.2,1785,94,136465,76.40817469204927,8
0.2,1786,93,136558,76.41745942921096,8
0.2,1787,92,136650,76.4261744966443,10
0.2,1788,94,136744,76.43599776411403,7
0.2,1789,94,136838,76.44581005586592,7
0.2,1790,91,136929,76.4539363484087,10
0.2,1791,94,137023,76.46372767857143,9
0.2,1792,83,137106,76.46737311767987,18
0.2,1793,92,137198,76.47603121516165,10
0.2,1794,91,137289,76.48412256267409,10
0.2,1795,91,137380,76.49220489977728,10
0.2,1796,93,137473,76.50139120756818,8
0.2,1797,92,137565,76.51001112347052,9
0.2,1798,24,137589,76.48082267926625,8
0.2,1799,92,137681,76.48944444444444,10
0.2,1800,96,137777,76.50027762354247,7
0.2,1801,95,137872,76.51054384017758,8
0.2,1802,20,137892,76.47920133111481,12
0.2,1803,89,137981,76.48614190687361,12
0.2,1804,93,138074,76.49529085872577,8
0.2,1805,27,138101,76.46788482834994,6
0.2,1806,92,138193,76.4764803541782,9
0.2,1807,91,138284,76.48451327433628,10
0.2,1808,90,138374,76.49198452183526,11
0.2,1809,95,138469,76.50220994475139,6
0.2,1810,94,138563,76.51187189398122,7
0.2,1811,95,138658,76.52207505518764,6
0.2,1812,96,138754,76.53281853281854,6
0.2,1813,95,138849,76.54299889746417,7
0.2,1814,95,138944,76.55316804407714,6
0.2,1815,91,139035,76.56112334801762,10
0.2,1816,88,139123,76.56741882223446,13
0.2,1817,93,139216,76.57645764576458,8
0.2,1818,20,139236,76.5453545904343,12
0.2,1819,94,139330,76.55494505494505,7
0.2,1820,85,139415,76.55958264689731,16
0.2,1821,93,139508,76.56860592755214,9
0.2,1822,92,139600,76.57707076247942,11
0.2,1823,90,139690,76.5844298245614,13
0.2,1824,90,139780,76.59178082191781,14
0.2,1825,94,139874,76.6013143483023,7
0.2,1826,91,139965,76.60919540229885,10
0.2,1827,92,140057,76.61761487964989,11
0.2,1828,95,140152,76.62766539092401,7
0.2,1829,91,140243,76.63551912568306,10
0.2,1830,92,140335,76.64391043145822,9
0.2,1831,87,140422,76.6495633187773,14
0.2,1832,25,140447,76.62138570649209,8
0.2,1833,93,140540,76.63031624863686,8
0.2,1834,87,140627,76.63596730245231,16
0.2,1835,23,140650,76.60675381263617,10
0.2,1836,96,140746,76.6173108328797,6
0.2,1837,25,140771,76.5892274211099,8
0.2,1838,86,140857,76.59434475258293,15
0.2,1839,95,140952,76.60434782608695,6
0.2,1840,90,141042,76.61162411732754,11
0.2,1841,25,141067,76.58360477741586,7
0.2,1842,-52,141015,76.51383613673359,16
0.2,1843,89,141104,76.52060737527115,12
0.2,1844,90,141194,76.52791327913279,12
0.2,1845,20,141214,76.49729144095342,12
0.2,1846,23,141237,76.46832701678397,9
0.2,1847,94,141331,76.47781385281385,7
0.2,1848,89,141420,76.48458626284479,13
0.2,1849,89,141509,76.49135135135135,12
0.2,1850,96,141605,76.5018908698001,6
0.2,1851,94,141699,76.51133909287257,7
0.2,1852,87,141786,76.51699946033459,14
0.2,1853,95,141881,76.5269687162891,8
0.2,1854,94,141975,76.53638814016172,7
0.2,1855,22,141997,76.50700431034483,12
0.2,1856,25,142022,76.479267635972,7
0.2,1857,95,142117,76.48923573735199,6
0.2,1858,22,142139,76.45992469069392,10
0.2,1859,89,142228,76.46666666666667,14
0.2,1860,19,142247,76.43578721117679,13
0.2,1861,94,142341,76.44522019334049,7
0.2,1862,93,142434,76.45410628019323,8
0.2,1863,93,142527,76.46298283261802,8
0.2,1864,25,142552,76.43538873994638,8
0.2,1865,94,142646,76.44480171489818,7
0.2,1866,15,142661,76.41189073379753,17
0.2,1867,20,142681,76.38169164882227,12
0.2,1868,94,142775,76.39111824505083,7
0.2,1869,94,142869,76.4005347593583,7
0.2,1870,92,142961,76.40887226082309,9
0.2,1871,23,142984,76.38034188034187,9
0.2,1872,91,143075,76.388147357181,10
0.2,1873,94,143169,76.39754535752401,7
0.2,1874,23,143192,76.36906666666667,9
0.2,1875,77,143269,76.36940298507463,24
0.2,1876,94,143363,76.37879595098562,7
0.2,1877,93,143456,76.38764643237486,11
0.2,1878,95,143551,76.39755188930282,6
0.2,1879,95,143646,76.40744680851064,6
0.2,1880,89,143735,76.41414141414141,12
0.2,1881,94,143829,76.42348565356004,7
0.2,1882,94,143923,76.43281996813596,7
0.2,1883,96,144019,76.44320594479831,9
0.2,1884,92,144111,76.45145888594165,9
0.2,1885,24,144135,76.4236479321315,8
0.2,1886,95,144230,76.43349231584526,6
0.2,1887,91,144321,76.44120762711864,10
0.2,1888,94,144415,76.45050291159343,7
0.2,1889,89,144504,76.45714285714286,12
0.2,1890,92,144596,76.46536224219989,9
0.2,1891,17,144613,76.43393234672304,15
0.2,1892,91,144704,76.44162704701532,11
0.2,1893,88,144792,76.44772967265048,13
0.2,1894,92,144884,76.45593667546174,9
0.2,1895,87,144971,76.46149789029536,16
0.2,1896,93,145064,76.47021613073274,8
0.2,1897,92,145156,76.47839831401475,9
0.2,1898,92,145248,76.4865718799368,9
0.2,1899,23,145271,76.45842105263158,11
0.2,1900,94,145365,76.46764860599684,10
0.2,1901,92,145457,76.47581493165089,10
0.2,1902,91,145548,76.4834471886495,10
0.2,1903,96,145644,76.49369747899159,6
0.2,1904,94,145738,76.50288713910761,7
0.2,1905,92,145830,76.51101783840504,10
0.2,1906,94,145924,76.52018877818563,7
0.2,1907,93,146017,76.52882599580713,8
0.2,1908,92,146109,76.53693033001572,9
0.2,1909,95,146204,76.54659685863875,6
0.2,1910,93,146297,76.55520669806384,8
0.2,1911,94,146391,76.56433054393305,8
0.2,1912,94,146485,76.57344485101935,7
0.2,1913,87,146572,76.57889237199582,14
0.2,1914,94,146666,76.58798955613577,7
0.2,1915,24,146690,76.56054279749478,8
0.2,1916,87,146777,76.565988523735,14
0.2,1917,91,146868,76.57351407716371,10
0.2,1918,93,146961,76.58207399687338,10
0.2,1919,96,147057,76.5921875,6
0.2,1920,93,147150,76.60072878709006,9
0.2,1921,27,147177,76.57492195629553,6
0.2,1922,95,147272,76.5845033801352,6
0.2,1923,93,147365,76.59303534303534,8
0.2,1924,94,147459,76.60207792207792,7
0.2,1925,93,147552,76.61059190031153,10
0.2,1926,89,147641,76.61702127659575,12
0.2,1927,93,147734,76.62551867219916,8
0.2,1928,91,147825,76.63297045101089,11
0.2,1929,90,147915,76.639896373057,11
0.2,1930,96,148011,76.64992232004143,6
0.2,1931,94,148105,76.65890269151139,8
0.2,1932,94,148199,76.66787377133988,8
0.2,1933,92,148291,76.67580144777664,9
0.2,1934,90,148381,76.6826873385013,11
0.2,1935,90,148471,76.68956611570248,11
0.2,1936,90,148561,76.69643779039752,11
0.2,1937,94,148655,76.70536635706914,7
0.2,1938,95,148750,76.71480144404332,6
0.2,1939,93,148843,76.72319587628866,8
0.2,1940,90,148933,76.7300360638846,11
0.2,1941,92,149025,76.73789907312049,9
0.2,1942,96,149121,76.74781266083376,6
0.2,1943,24,149145,76.72067901234568,8
0.2,1944,96,149241,76.73059125964011,6
0.2,1945,91,149332,76.73792394655705,10
0.2,1946,89,149421,76.7442218798151,12
0.2,1947,93,149514,76.75256673511294,8
0.2,1948,91,149605,76.75987685992817,12
0.2,1949,93,149698,76.76820512820512,8
0.2,1950,90,149788,76.77498718605842,13
0.2,1951,18,149806,76.74487704918033,14
0.2,1952,91,149897,76.75217613927292,10
0.2,1953,25,149922,76.72569089048106,7
0.2,1954,25,149947,76.6992327365729,7
0.2,1955,93,150040,76.70756646216769,8
0.2,1956,93,150133,76.71589167092489,8
0.2,1957,95,150228,76.72522982635343,6
0.2,1958,93,150321,76.73353751914242,8
0.2,1959,95,150416,76.74285714285715,6
0.2,1960,92,150508,76.75063742988272,9
0.2,1961,93,150601,76.75891946992864,9
0.2,1962,89,150690,76.7651553744269,14
0.2,1963,94,150784,76.77393075356416,7
0.2,1964,18,150802,76.7440203562341,14
0.2,1965,91,150893,76.75127161749745,10
0.2,1966,94,150987,76.7600406710727,8
0.2,1967,92,151079,76.76778455284553,9
0.2,1968,90,151169,76.77450482478416,11
0.2,1969,95,151264,76.78375634517766,7
0.2,1970,91,151355,76.79096905124302,10
0.2,1971,86,151441,76.79563894523326,16
0.2,1972,86,151527,76.80030410542321,15
0.2,1973,87,151614,76.80547112462006,14
0.2,1974,25,151639,76.77924050632912,8
0.2,1975,87,151726,76.78441295546558,14
0.2,1976,16,151742,76.75366717248356,17
0.2,1977,95,151837,76.762891809909,6
0.2,1978,81,151918,76.76503284487114,21
0.2,1979,94,152012,76.77373737373738,7
0.2,1980,93,152105,76.7819283190308,9
0.2,1981,89,152194,76.78809283551968,12
0.2,1982,92,152286,76.79576399394857,9
0.2,1983,92,152378,76.80342741935483,10
0.2,1984,92,152470,76.81108312342569,9
0.2,1985,96,152566,76.8207452165156,6
0.2,1986,92,152658,76.82838449924509,10
0.2,1987,93,152751,76.83651911468813,8
0.2,1988,95,152846,76.8456510809452,6
0.2,1989,93,152939,76.85376884422111,9
0.2,1990,27,152966,76.82872928176796,6
0.2,1991,94,153060,76.83734939759036,7
0.2,1992,94,153154,76.84596086302057,7
0.2,1993,93,153247,76.85406218655967,8
0.2,1994,94,153341,76.862656641604,7
0.2,1995,-45,153296,76.80160320641282,9
0.2,1996,95,153391,76.81071607411117,8
0.2,1997,93,153484,76.81881881881881,8
0.2,1998,-49,153435,76.75587793896949,13
0.2,1999,95,153530,76.765,8
0.2,2000,93,153623,76.77311344327836,8
0.2,2001,92,153715,76.78071928071928,10
0.2,2002,94,153809,76.78931602596106,8
0.2,2003,87,153896,76.7944111776447,14
0.2,2004,24,153920,76.76807980049875,8
0.2,2005,92,154012,76.77567298105683,9
0.2,2006,26,154038,76.75037369207773,6
0.2,2007,24,154062,76.72410358565737,8
0.2,2008,90,154152,76.7307117969139,12
0.2,2009,94,154246,76.73930348258706,7
0.2,2010,94,154340,76.74788662357037,7
0.2,2011,95,154435,76.75695825049702,8
0.2,2012,17,154452,76.72727272727273,15
0.2,2013,88,154540,76.73286991062562,15
0.2,2014,-50,154490,76.66997518610422,13
0.2,2015,93,154583,76.67807539682539,9
0.2,2016,25,154608,76.6524541398116,7
0.2,2017,94,154702,76.66105054509416,7
0.2,2018,91,154793,76.6681525507677,10
0.2,2019,25,154818,76.64257425742574,8
0.2,2020,24,154842,76.61652647204355,9
0.2,2021,96,154938,76.62611275964392,6
0.2,2022,92,155030,76.63371230845279,9
0.2,2023,91,155121,76.64081027667984,10
0.2,2024,95,155216,76.64987654320987,6
0.2,2025,91,155307,76.65695952615992,10
0.2,2026,94,155401,76.66551554020721,8
0.2,2027,17,155418,76.63609467455622,17
0.2,2028,93,155511,76.64415968457368,8
0.2,2029,86,155597,76.6487684729064,15
0.2,2030,93,155690,76.65681930083703,10
0.2,2031,91,155781,76.66387795275591,10
0.2,2032,96,155877,76.67338908017707,6
0.2,2033,22,155899,76.6465093411996,12
0.2,2034,95,155994,76.65552825552825,6
0.2,2035,94,156088,76.66404715127702,8
0.2,2036,92,156180,76.67157584683358,9
0.2,2037,92,156272,76.67909715407262,9
0.2,2038,89,156361,76.68513977439922,13
0.2,2039,25,156386,76.65980392156862,8
0.2,2040,91,156477,76.66682998530132,10
0.2,2041,20,156497,76.63907933398629,12
0.2,2042,90,156587,76.6456191874694,11
0.2,2043,25,156612,76.62035225048923,8
0.2,2044,17,156629,76.59119804400979,16
0.2,2045,88,156717,76.59677419354838,13
0.2,2046,20,156737,76.56912554958475,12
0.2,2047,94,156831,76.57763671875,7
0.2,2048,95,156926,76.58662762323084,7
0.2,2049,93,157019,76.59463414634146,10
0.2,2050,90,157109,76.60117016089713,11
0.2,2051,17,157126,76.57212475633528,15
0.2,2052,23,157149,76.54603019970774,9
0.2,2053,89,157238,76.55209347614411,12
0.2,2054,-52,157186,76.48953771289538,16
0.2,2055,90,157276,76.49610894941634,11
0.2,2056,93,157369,76.50413223140495,8
0.2,2057,91,157460,76.511175898931,10
0.2,2058,-47,157413,76.45118989800874,10
0.2,2059,92,157505,76.45873786407768,9
0.2,2060,91,157596,76.46579330422125,10
0.2,2061,96,157692,76.4752667313288,6
0.2,2062,94,157786,76.48376151236064,8
0.2,2063,96,157882,76.49321705426357,6
0.2,2064,90,157972,76.4997578692494,11
0.2,2065,95,158067,76.50871248789932,6
0.2,2066,94,158161,76.51717464925012,7
0.2,2067,93,158254,76.52514506769826,8
0.2,2068,14,158268,76.49492508458192,18
0.2,2069,27,158295,76.47101449275362,6
0.2,2070,95,158390,76.4799613713182,6
0.2,2071,24,158414,76.45463320463321,8
0.2,2072,94,158508,76.4630969609262,9
0.2,2073,92,158600,76.47058823529412,9
0.2,2074,88,158688,76.47614457831325,13
0.2,2075,96,158784,76.48554913294798,6
0.2,2076,21,158805,76.45883485796823,11
0.2,2077,96,158901,76.46823869104908,6
0.2,2078,20,158921,76.44107744107744,12
0.2,2079,94,159015,76.44951923076923,7
0.2,2080,92,159107,76.45699183085055,10
0.2,2081,92,159199,76.4644572526417,9
0.2,2082,91,159290,76.47143542966874,11
0.2,2083,93,159383,76.47936660268714,8
0.2,2084,94,159477,76.48776978417266,7
0.2,2085,94,159571,76.49616490891658,7
0.2,2086,94,159665,76.50455198850024,7
0.2,2087,93,159758,76.5124521072797,8
0.2,2088,96,159854,76.52178075634275,6
0.2,2089,96,159950,76.5311004784689,6
0.2,2090,94,160044,76.53945480631278,7
0.2,2091,94,160138,76.54780114722753,7
0.2,2092,96,160234,76.55709507883421,6
0.2,2093,91,160325,76.5639923591213,10
0.2,2094,95,160420,76.5727923627685,6
0.2,2095,96,160516,76.58206106870229,6
0.2,2096,93,160609,76.58989031950405,8
0.2,2097,95,160704,76.59866539561487,7
0.2,2098,92,160796,76.60600285850406,9
0.2,2099,94,160890,76.61428571428571,8
0.2,2100,90,160980,76.62065683008092,11
0.2,2101,24,161004,76.59562321598477,8
0.2,2102,22,161026,76.5696623870661,10
0.2,2103,93,161119,76.57747148288973,8
0.2,2104,82,161201,76.58004750593824,19
0.2,2105,93,161294,76.58784425451093,8
0.2,2106,95,161389,76.59658281917419,6
0.2,2107,95,161484,76.60531309297913,6
0.2,2108,93,161577,76.61308677098151,8
0.2,2109,93,161670,76.62085308056872,8
0.2,2110,96,161766,76.63003315963998,6
0.2,2111,25,161791,76.60558712121212,7
0.2,2112,20,161811,76.57879791765262,14
0.2,2113,26,161837,76.55487228003784,6
0.2,2114,94,161931,76.56312056737589,8
0.2,2115,20,161951,76.53638941398866,12
0.2,2116,93,162044,76.54416627302787,8
0.2,2117,91,162135,76.55099150141643,10
0.2,2118,25,162160,76.52666352052856,8
0.2,2119,25,162185,76.50235849056604,7
0.2,2120,91,162276,76.5091937765205,12
0.2,2121,94,162370,76.51743638077285,7
0.2,2122,91,162461,76.5242581252944,14
0.2,2123,88,162549,76.52966101694915,15
0.2,2124,94,162643,76.53788235294118,7
0.2,2125,94,162737,76.54609595484477,8
0.2,2126,91,162828,76.55289139633287,10
0.2,2127,93,162921,76.56062030075188,8
0.2,2128,24,162945,76.53593236261156,10
0.2,2129,80,163025,76.53755868544602,27
0.2,2130,25,163050,76.51337400281558,7
0.2,2131,21,163071,76.48733583489681,12
0.2,2132,90,163161,76.49367088607595,11
0.2,2133,90,163251,76.5,12
0.2,2134,94,163345,76.50819672131148,7
0.2,2135,90,163435,76.51451310861424,11
0.2,2136,93,163528,76.52222742161909,9
0.2,2137,96,163624,76.53133769878391,6
0.2,2138,93,163717,76.53903693314633,10
0.2,2139,89,163806,76.54485981308412,12
0.2,2140,91,163897,76.55161139654368,10
0.2,2141,90,163987,76.55788982259571,11
0.2,2142,87,164074,76.56276248250117,14
0.2,2143,94,164168,76.57089552238806,7
0.2,2144,95,164263,76.57948717948717,6
0.2,2145,95,164358,76.58807082945015,6
0.2,2146,90,164448,76.59431765253842,11
0.2,2147,24,164472,76.56983240223464,9
0.2,2148,90,164562,76.57608189855746,11
0.2,2149,90,164652,76.58232558139535,13
0.2,2150,25,164677,76.5583449558345,7
0.2,2151,88,164765,76.56366171003718,13
0.2,2152,96,164861,76.57268927078495,6
0.2,2153,93,164954,76.5803156917363,8
0.2,2154,95,165049,76.58886310904873,8
0.2,2155,95,165144,76.59740259740259,6
0.2,2156,93,165237,76.60500695410292,8
0.2,2157,95,165332,76.613531047266,7
0.2,2158,94,165426,76.62158406669755,7
0.2,2159,93,165519,76.62916666666666,8
0.2,2160,96,165615,76.63813049514114,6
0.2,2161,94,165709,76.64616096207216,7
0.2,2162,87,165796,76.65094775774388,17
0.2,2163,94,165890,76.65896487985212,8
0.2,2164,91,165981,76.66558891454966,10
0.2,2165,89,166070,76.67128347183748,14
0.2,2166,94,166164,76.67928011075219,7
0.2,2167,96,166260,76.68819188191883,6
0.2,2168,94,166354,76.69617335177502,7
0.2,2169,27,166381,76.67327188940092,6
0.2,2170,95,166476,76.68171349608475,7
0.2,2171,93,166569,76.68922651933701,8
0.2,2172,94,166663,76.69719282098481,7
0.2,2173,94,166757,76.70515179392824,7
0.2,2174,91,166848,76.71172413793103,11
0.2,2175,95,166943,76.7201286764706,6
0.2,2176,92,167035,76.72714745062012,10
0.2,2177,90,167125,76.73324150596878,11
0.2,2178,92,167217,76.74024782010096,9
0.2,2179,93,167310,76.74770642201835,8
0.2,2180,89,167399,76.75332416322787,12
0.2,2181,93,167492,76.76076993583868,8
0.2,2182,86,167578,76.76500229042603,15
0.2,2183,94,167672,76.77289377289377,7
0.2,2184,96,167768,76.7816933638444,6
0.2,2185,20,167788,76.75571820677035,14
0.2,2186,95,167883,76.76406035665295,7
0.2,2187,87,167970,76.76873857404021,15
0.2,2188,94,168064,76.77661032434902,7
0.2,2189,90,168154,76.78264840182648,11
0.2,2190,86,168240,76.78685531720676,15
0.2,2191,95,168335,76.79516423357664,6
0.2,2192,95,168430,76.80346557227543,6
0.2,2193,86,168516,76.80765724703737,15
0.2,2194,94,168610,76.81548974943053,7
0.2,2195,92,168702,76.8224043715847,10
0.2,2196,-53,168649,76.76331360946746,17
0.2,2197,94,168743,76.77115559599636,8
0.2,2198,95,168838,76.77944520236471,8
0.2,2199,94,168932,76.78727272727272,7
0.2,2200,25,168957,76.76374375283962,9
0.2,2201,-46,168911,76.7079927338783,10
0.2,2202,26,168937,76.68497503404448,6
0.2,2203,93,169030,76.6923774954628,8
0.2,2204,96,169126,76.70113378684808,6
0.2,2205,91,169217,76.707615593835,10
0.2,2206,96,169313,76.71635704576347,6
0.2,2207,94,169407,76.7241847826087,8
0.2,2208,21,169428,76.69895880488909,12
0.2,2209,91,169519,76.70542986425339,10
0.2,2210,91,169610,76.71189507010402,10
0.2,2211,96,169706,76.72061482820976,6
0.2,2212,93,169799,76.72797107998193,8
0.2,2213,92,169891,76.73486901535682,9
0.2,2214,95,169986,76.7431151241535,6
0.2,2215,95,170081,76.75135379061372,7
0.2,2216,94,170175,76.75913396481732,7
0.2,2217,93,170268,76.76645626690713,9
0.2,2218,95,170363,76.77467327625057,6
0.2,2219,93,170456,76.78198198198199,8
0.2,2220,94,170550,76.78973435389464,8
0.2,2221,94,170644,76.79747974797479,7
0.2,2222,96,170740,76.80611785874943,7
0.2,2223,95,170835,76.81429856115108,8
0.2,2224,93,170928,76.82157303370786,8
0.2,2225,90,171018,76.82749326145553,11
0.2,2226,94,171112,76.83520431073192,7
0.2,2227,21,171133,76.81014362657092,12
0.2,2228,95,171228,76.81830417227457,6
0.2,2229,92,171320,76.82511210762331,9
0.2,2230,90,171410,76.83101748095025,11
0.2,2231,94,171504,76.83870967741936,7
0.2,2232,91,171595,76.84505150022392,10
0.2,2233,93,171688,76.85228290062668,8
0.2,2234,90,171778,76.85816554809844,11
0.2,2235,22,171800,76.83363148479428,11
0.2,2236,92,171892,76.84041126508717,9
0.2,2237,94,171986,76.84807864164432,7
0.2,2238,93,172079,76.85529254131309,8
0.2,2239,93,172172,76.8625,9
0.2,2240,89,172261,76.86791610887997,12
0.2,2241,92,172353,76.87466547725245,9
0.2,2242,94,172447,76.88230049041462,7
0.2,2243,94,172541,76.88992869875223,7
0.2,2244,89,172630,76.89532293986638,12
0.2,2245,93,172723,76.90249332146037,8
0.2,2246,27,172750,76.88028482421005,6
0.2,2247,20,172770,76.8549822064057,14
0.2,2248,94,172864,76.86260560248999,8
0.2,2249,88,172952,76.86755555555555,14
0.2,2250,21,172973,76.84273656152821,14
0.2,2251,94,173067,76.85035523978685,7
0.2,2252,95,173162,76.8584110075455,7
0.2,2253,89,173251,76.86379769299025,13
0.2,2254,94,173345,76.87139689578714,7
0.2,2255,23,173368,76.84751773049645,9
0.2,2256,94,173462,76.85511741249447,7
0.2,2257,93,173555,76.86226749335695,10
0.2,2258,91,173646,76.86852589641434,10
0.2,2259,92,173738,76.87522123893805,9
0.2,2260,94,173832,76.8827952233525,7
0.2,2261,91,173923,76.88903625110521,10
0.2,2262,27,173950,76.86699072028281,6
0.2,2263,88,174038,76.87190812720848,14
0.2,2264,90,174128,76.87770419426049,11
0.2,2265,24,174152,76.85436893203884,9
0.2,2266,95,174247,76.86237318041465,7
0.2,2267,92,174339,76.86904761904762,10
0.2,2268,94,174433,76.87659762009696,8
0.2,2269,88,174521,76.88149779735683,13
0.2,2270,-134,174387,76.7886393659181,32
0.2,2271,91,174478,76.79489436619718,10
0.2,2272,18,174496,76.769027716674,15
0.2,2273,91,174587,76.77528583992964,10
0.2,2274,85,174672,76.7789010989011,16
0.2,2275,27,174699,76.75702987697716,6
0.2,2276,92,174791,76.76372419850681,10
0.2,2277,94,174885,76.77129060579456,7
0.2,2278,93,174978,76.77841158402808,8
0.2,2279,92,175070,76.78508771929825,9
0.2,2280,94,175164,76.79263480929417,7
0.2,2281,93,175257,76.79973707274321,8
0.2,2282,86,175343,76.80376697328077,15
0.2,2283,95,175438,76.81173380035027,6
0.2,2284,20,175458,76.78687089715537,12
0.2,2285,89,175547,76.79221347331584,12
0.2,2286,93,175640,76.79930039352864,8
0.2,2287,-121,175519,76.71284965034965,15
0.2,2288,95,175614,76.72083879423329,6
0.2,2289,89,175703,76.72620087336244,12
0.2,2290,96,175799,76.73461370580533,6
0.2,2291,93,175892,76.74171029668412,8
0.2,2292,91,175983,76.74792847797644,13
0.2,2293,94,176077,76.75544899738448,7
0.2,2294,90,176167,76.76122004357299,11
0.2,2295,92,176259,76.76785714285714,9
0.2,2296,94,176353,76.77535916412712,7
0.2,2297,96,176449,76.78372497824195,6
0.2,2298,89,176538,76.78903871248369,12
0.2,2299,94,176632,76.79652173913044,8
0.2,2300,93,176725,76.80356366797045,8
0.2,2301,92,176817,76.81016507384882,9
0.2,2302,15,176832,76.78332609639601,17
0.2,2303,27,176859,76.76171875,6
0.2,2304,94,176953,76.76919739696312,7
0.2,2305,92,177045,76.77580225498698,9
0.2,2306,19,177064,76.7507585609016,13
0.2,2307,24,177088,76.72790294627383,8
0.2,2308,90,177178,76.73365093113902,11
0.2,2309,95,177273,76.74155844155844,6
0.2,2310,94,177367,76.74902639549978,7
0.2,2311,16,177383,76.7227508650519,16
0.2,2312,93,177476,76.72978815391266,8
0.2,2313,95,177571,76.73768366464995,6
0.2,2314,93,177664,76.74470842332613,8
0.2,2315,94,177758,76.75215889464594,8
0.2,2316,86,177844,76.75615019421666,16
0.2,2317,89,177933,76.76143226919758,12
0.2,2318,92,178025,76.76800344976283,9
0.2,2319,-131,177894,76.67844827586207,27
0.2,2320,92,177986,76.68504954760878,9
0.2,2321,26,178012,76.66322136089578,6
0.2,2322,96,178108,76.6715454154111,6
0.2,2323,27,178135,76.65017211703959,6
0.2,2324,25,178160,76.62795698924731,7
0.2,2325,90,178250,76.63370593293207,11
0.2,2326,93,178343,76.64073914911904,8
0.2,2327,95,178438,76.64862542955326,7
0.2,2328,94,178532,76.65607556891369,8
0.2,2329,91,178623,76.66223175965665,11
0.2,2330,93,178716,76.66924066924066,9
0.2,2331,89,178805,76.6745283018868,12
0.2,2332,95,178900,76.68238319759966,6
0.2,2333,21,178921,76.65852613538989,12
0.2,2334,94,179015,76.6659528907923,8
0.2,2335,19,179034,76.64126712328768,13
0.2,2336,92,179126,76.64783910997005,9
0.2,2337,91,179217,76.65397775876818,12
0.2,2338,25,179242,76.63189397178282,8
0.2,2339,93,179335,76.63888888888889,10
0.2,2340,23,179358,76.61597607859889,9
0.2,2341,91,179449,76.62211784799317,10
0.2,2342,90,179539,76.62782757148955,11
0.2,2343,19,179558,76.6032423208191,13
0.2,2344,95,179653,76.61108742004265,6
0.2,2345,93,179746,76.61807331628303,9
0.2,2346,94,179840,76.62547933532169,7
0.2,2347,92,179932,76.63202725724021,10
0.2,2348,93,180025,76.63899531715623,8
0.2,2349,25,180050,76.61702127659575,7
0.2,2350,25,180075,76.59506592939175,8
0.2,2351,96,180171,76.60331632653062,6
0.2,2352,94,180265,76.6107097322567,7
0.2,2353,25,180290,76.58878504672897,7
0.2,2354,88,180378,76.5936305732484,18
0.2,2355,96,180474,76.6018675721562,6
0.2,2356,23,180497,76.57912600763683,9
0.2,2357,92,180589,76.58566581849024,9
0.2,2358,94,180683,76.59304790165324,7
0.2,2359,23,180706,76.57033898305085,9
0.2,2360,95,180801,76.57814485387547,6
0.2,2361,94,180895,76.58552074513125,7
0.2,2362,89,180984,76.59077443927211,12
0.2,2363,93,181077,76.59771573604061,8
0.2,2364,21,181098,76.57420718816067,13
0.2,2365,-48,181050,76.52155536770921,11
0.2,2366,92,181142,76.52809463455851,9
0.2,2367,91,181233,76.53420608108108,10
0.2,2368,24,181257,76.51203039257071,8
0.2,2369,89,181346,76.51729957805907,13
0.2,2370,93,181439,76.52425137072964,9
0.2,2371,95,181534,76.53204047217538,7
0.2,2372,92,181626,76.5385587863464,9
0.2,2373,95,181721,76.54633529907329,7
0.2,2374,96,181817,76.55452631578947,6
0.2,2375,94,181911,76.56186868686869,8
0.2,2376,92,182003,76.56836348338241,10
0.2,2377,89,182092,76.57359125315391,12
0.2,2378,92,182184,76.58007566204287,9
0.2,2379,95,182279,76.58781512605042,7
0.2,2380,92,182371,76.59428811423771,9
0.2,2381,94,182465,76.60159529806884,7
0.2,2382,92,182557,76.608057070919,12
0.2,2383,26,182583,76.5868288590604,6
0.2,2384,91,182674,76.59287211740042,10
0.2,2385,89,182763,76.59807208717518,13
0.2,2386,23,182786,76.57561793045664,9
0.2,2387,96,182882,76.58375209380235,6
0.2,2388,90,182972,76.58936793637506,11
0.2,2389,95,183067,76.59707112970712,6
0.2,2390,25,183092,76.57549142618151,8
0.2,2391,88,183180,76.58026755852843,13
0.2,2392,90,183270,76.58587547012118,11
0.2,2393,93,183363,76.59273182957394,9
0.2,2394,94,183457,76.6,7
0.2,2395,94,183551,76.60726210350585,7
0.2,2396,-51,183500,76.55402586566541,14
0.2,2397,22,183522,76.53127606338616,12
0.2,2398,96,183618,76.5393914130888,6
0.2,2399,93,183711,76.54625,10
0.2,2400,92,183803,76.55268638067471,9
0.2,2401,89,183892,76.55786844296419,16
0.2,2402,93,183985,76.56471077819393,8
0.2,2403,96,184081,76.57279534109817,6
0.2,2404,92,184173,76.57920997920998,9
0.2,2405,90,184263,76.58478802992519,11
0.2,2406,93,184356,76.59160781055256,9
0.2,2407,16,184372,76.56644518272425,16
0.2,2408,94,184466,76.57368202573682,7
0.2,2409,95,184561,76.58132780082988,6
0.2,2410,92,184653,76.58772293654086,9
0.2,2411,22,184675,76.5650912106136,10
0.2,2412,95,184770,76.57273104019892,6
0.2,2413,91,184861,76.57870753935377,10
0.2,2414,96,184957,76.58674948240166,6
0.2,2415,90,185047,76.59230132450331,11
0.2,2416,88,185135,76.59702110053786,13
0.2,2417,96,185231,76.60504549214227,6
0.2,2418,94,185325,76.61223646134766,7
0.2,2419,94,185419,76.6194214876033,8
0.2,2420,92,185511,76.62577447335812,10
0.2,2421,94,185605,76.63294797687861,8
0.2,2422,96,185701,76.64094098225341,6
0.2,2423,91,185792,76.64686468646865,10
0.2,2424,96,185888,76.65484536082474,6
0.2,2425,91,185979,76.66075845012367,11
0.2,2426,94,186073,76.6679027606098,7
0.2,2427,88,186161,76.67257001647447,13
0.2,2428,88,186249,76.67723342939482,13
0.2,2429,86,186335,76.68106995884774,16
0.2,2430,24,186359,76.6593994241053,8
0.2,2431,-48,186311,76.60814144736842,12
0.2,2432,94,186405,76.61528976572133,7
0.2,2433,89,186494,76.62037797863599,12
0.2,2434,94,186588,76.62751540041067,8
0.2,2435,92,186680,76.63382594417077,10
0.2,2436,81,186761,76.63561756257694,22
0.2,2437,17,186778,76.61115668580804,15
0.2,2438,94,186872,76.61828618286182,7
0.2,2439,94,186966,76.62540983606557,8
0.2,2440,89,187055,76.63047931175748,12
0.2,2441,94,187149,76.63759213759214,7
0.2,2442,96,187245,76.64551780597625,6
0.2,2443,91,187336,76.65139116202946,10
0.2,2444,92,187428,76.65766871165644,9
0.2,2445,26,187454,76.63695829926411,7
0.2,2446,23,187477,76.61503882304864,9
0.2,2447,95,187572,76.62254901960785,7
0.2,2448,90,187662,76.62801143323806,11
0.2,2449,22,187684,76.60571428571428,12
0.2,2450,20,187704,76.5826193390453,14
0.2,2451,90,187794,76.58809135399673,12
0.2,2452,94,187888,76.59518956379942,7
0.2,2453,93,187981,76.60187449062755,8
0.2,2454,86,188067,76.60570264765784,15
0.2,2455,92,188159,76.6119706840391,11
0.2,2456,-45,188114,76.56247456247456,10
0.2,2457,92,188206,76.56875508543531,9
0.2,2458,90,188296,76.57421716144775,12
0.2,2459,91,188387,76.580081300813,11
0.2,2460,95,188482,76.58756603006908,6
0.2,2461,91,188573,76.59341998375305,11
0.2,2462,95,188668,76.60089321965083,6
0.2,2463,95,188763,76.6083603896104,6
0.2,2464,89,188852,76.6133874239351,12
0.2,2465,95,188947,76.62084347120843,6
0.2,2466,94,189041,76.6278881232266,9
0.2,2467,91,189132,76.63371150729336,16
0.2,2468,16,189148,76.60915350344268,16
0.2,2469,96,189244,76.617004048583,6
0.2,2470,93,189337,76.62363415621206,10
0.2,2471,93,189430,76.63025889967638,11
0.2,2472,94,189524,76.63728265264861,7
0.2,2473,88,189612,76.64187550525465,14
0.2,2474,96,189708,76.64969696969698,6
0.2,2475,94,189802,76.65670436187399,8
0.2,2476,94,189896,76.66370609608397,7
0.2,2477,93,189989,76.67029862792575,9
0.2,2478,83,190072,76.67285195643404,19
0.2,2479,94,190166,76.67983870967743,7
0.2,2480,93,190259,76.68641676743249,9
0.2,2481,88,190347,76.69097502014505,13
0.2,2482,87,190434,76.69512686266613,15
0.2,2483,94,190528,76.70209339774557,8
0.2,2484,89,190617,76.70704225352112,12
0.2,2485,93,190710,76.7135961383749,8
0.2,2486,95,190805,76.72094893445919,6
0.2,2487,93,190898,76.72749196141478,10
0.2,2488,21,190919,76.70510245078344,11
0.2,2489,92,191011,76.71124497991968,10
0.2,2490,-50,190961,76.66037735849056,14
0.2,2491,83,191044,76.66292134831461,19
0.2,2492,92,191136,76.6690734055355,9
0.2,2493,94,191230,76.67602245388933,7
0.2,2494,92,191322,76.68216432865731,9
0.2,2495,26,191348,76.66185897435898,6
0.2,2496,21,191369,76.63956748097718,11
0.2,2497,25,191394,76.61889511609287,7
0.2,2498,94,191488,76.62585034013605,8
0.2,2499,90,191578,76.6312,12
0.2,2500,92,191670,76.63734506197521,9
0.2,2501,94,191764,76.64428457234213,7
0.2,2502,93,191857,76.65081901717939,9
0.2,2503,22,191879,76.62899361022365,10
0.2,2504,88,191967,76.63353293413174,13
0.2,2505,91,192058,76.6392657621708,10
0.2,2506,94,192152,76.64619066613483,8
0.2,2507,92,192244,76.65231259968103,11
0.2,2508,91,192335,76.65803108808291,10
0.2,2509,15,192350,76.63346613545816,18
0.2,2510,93,192443,76.6399840700916,8
0.2,2511,94,192537,76.6468949044586,7
0.2,2512,95,192632,76.65419816951851,6
0.2,2513,24,192656,76.63325377883851,9
0.2,2514,18,192674,76.60994035785288,15
0.2,2515,95,192769,76.61724960254372,6
0.2,2516,96,192865,76.62495033770361,6
0.2,2517,26,192891,76.60484511517078,8
0.2,2518,94,192985,76.61175069472013,8
0.2,2519,92,193077,76.61785714285715,9
0.2,2520,92,193169,76.62395874652915,10
0.2,2521,94,193263,76.63084853291039,8
0.2,2522,14,193277,76.60602457391994,18
0.2,2523,89,193366,76.61093502377179,12
0.2,2524,23,193389,76.58970297029703,10
0.2,2525,85,193474,76.59303246239114,16
0.2,2526,95,193569,76.600316580926,6
0.2,2527,21,193590,76.57832278481013,11
0.2,2528,95,193685,76.58560695927244,6
0.2,2529,95,193780,76.59288537549408,6
0.2,2530,95,193875,76.60015804030027,6
0.2,2531,27,193902,76.58056872037915,6
0.2,2532,-50,193852,76.53059613106987,13
0.2,2533,27,193879,76.51104972375691,6
0.2,2534,94,193973,76.51794871794871,7
0.2,2535,93,194066,76.52444794952682,8
0.2,2536,94,194160,76.53133622388648,8
0.2,2537,26,194186,76.51142631993696,8
0.2,2538,27,194213,76.49192595510043,6
0.2,2539,91,194304,76.4976377952756,10
0.2,2540,92,194396,76.50373868555687,9
0.2,2541,86,194482,76.507474429583,15
0.2,2542,17,194499,76.48407392843099,16
0.2,2543,89,194588,76.48899371069183,13
0.2,2544,21,194609,76.4671905697446,13
0.2,2545,96,194705,76.47486252945798,6
0.2,2546,96,194801,76.48252846486062,6
0.2,2547,90,194891,76.48783359497645,11
0.2,2548,95,194986,76.49509611612397,6
0.2,2549,90,195076,76.50039215686274,12
0.2,2550,95,195171,76.50764406115249,6
0.2,2551,94,195265,76.51449843260188,7
0.2,2552,91,195356,76.5201723462593,13
0.2,2553,94,195450,76.52701644479248,8
0.2,2554,95,195545,76.53424657534246,8
0.2,2555,88,195633,76.53873239436619,14
0.2,2556,96,195729,76.54634337113805,6
0.2,2557,15,195744,76.52228303362001,17
0.2,2558,94,195838,76.52911293474013,7
0.2,2559,89,195927,76.533984375,12
0.2,2560,14,195941,76.50956657555642,19
0.2,2561,95,196036,76.5167837626854,6
0.2,2562,88,196124,76.52126414358175,13
0.2,2563,91,196215,76.52691107644306,10
0.2,2564,22,196237,76.5056530214425,12
0.2,2565,92,196329,76.51169134840218,9
0.2,2566,94,196423,76.51850409037787,7
0.2,2567,93,196516,76.52492211838006,8
0.2,2568,90,196606,76.53016738030362,12
0.2,2569,96,196702,76.53774319066147,7
0.2,2570,89,196791,76.54259043173862,13
0.2,2571,92,196883,76.548600311042,10
0.2,2572,91,196974,76.55421686746988,11
0.2,2573,93,197067,76.56060606060606,8
0.2,2574,94,197161,76.5673786407767,8
0.2,2575,95,197256,76.57453416149069,6
0.2,2576,21,197277,76.55296856810244,11
0.2,2577,94,197371,76.55973622963538,9
0.2,2578,94,197465,76.56649864288484,7
0.2,2579,96,197561,76.57403100775194,6
0.2,2580,24,197585,76.5536613715614,9
0.2,2581,88,197673,76.5580945003873,13
0.2,2582,88,197761,76.56252419667054,13
0.2,2583,95,197856,76.56965944272446,6
0.2,2584,92,197948,76.57562862669246,9
0.2,2585,87,198035,76.57965970610982,14
0.2,2586,20,198055,76.55778894472361,12
0.2,2587,91,198146,76.56336939721793,10
0.2,2588,96,198242,76.57087678640401,6
0.2,2589,93,198335,76.57722007722008,8
0.2,2590,91,198426,76.58278656889232,11
0.2,2591,94,198520,76.5895061728395,7
0.2,2592,22,198542,76.5684535287312,11
0.2,2593,93,198635,76.57478797224364,9
0.2,2594,94,198729,76.58150289017341,8
0.2,2595,22,198751,76.56047765793528,11
0.2,2596,91,198842,76.56603773584905,10
0.2,2597,91,198933,76.5715935334873,10
0.2,2598,90,199023,76.57676029242016,11
0.2,2599,26,199049,76.55730769230769,6
0.2,2600,18,199067,76.53479430988081,16
0.2,2601,91,199158,76.54035357417371,11
0.2,2602,96,199254,76.54782942758355,6
0.2,2603,89,199343,76.5526113671275,12
0.2,2604,94,199437,76.55930902111325,8
0.2,2605,25,199462,76.53952417498081,7
0.2,2606,20,199482,76.51783659378596,12
0.2,2607,24,199506,76.49769938650307,8
0.2,2608,92,199598,76.50364124185512,10
0.2,2609,93,199691,76.50996168582375,8
0.2,2610,91,199782,76.51551129835312,10
0.2,2611,93,199875,76.5218223583461,8
0.2,2612,96,199971,76.5292766934558,6
0.2,2613,93,200064,76.53557765876052,11
0.2,2614,92,200156,76.5414913957935,10
0.2,2615,-50,200106,76.49311926605505,13
0.2,2616,94,200200,76.49980894153612,7
0.2,2617,85,200285,76.50305576776165,16
0.2,2618,92,200377,76.50897289041619,9
0.2,2619,96,200473,76.51641221374045,6
0.2,2620,25,200498,76.49675696299123,7
0.2,2621,95,200593,76.50381388253241,6
0.2,2622,96,200689,76.51124666412505,6
0.2,2623,93,200782,76.51753048780488,8
0.2,2624,96,200878,76.52495238095239,6
0.2,2625,22,200900,76.5041888804265,10
0.2,2626,25,200925,76.48458317472402,8
0.2,2627,94,201019,76.49124809741248,8
0.2,2628,90,201109,76.49638645872956,11
0.2,2629,90,201199,76.50152091254753,11
0.2,2630,17,201216,76.47890535917902,16
0.2,2631,93,201309,76.48518237082067,8
0.2,2632,90,201399,76.49031522977592,11
0.2,2633,91,201490,76.4958238420653,10
0.2,2634,85,201575,76.49905123339659,16
0.2,2635,94,201669,76.5056904400607,7
0.2,2636,93,201762,76.51194539249147,8
0.2,2637,91,201853,76.51743745261562,10
0.2,2638,88,201941,76.52178855627132,13
0.2,2639,17,201958,76.49924242424242,16
0.2,2640,92,202050,76.50511170011359,9
0.2,2641,91,202141,76.51059803179409,10
0.2,2642,94,202235,76.51721528566023,7
0.2,2643,92,202327,76.5230711043873,9
0.2,2644,25,202352,76.50359168241965,8
0.2,2645,24,202376,76.48374905517763,8
0.2,2646,26,202402,76.46467699282206,6
0.2,2647,94,202496,76.47129909365559,7
0.2,2648,91,202587,76.47678369195923,10
0.2,2649,90,202677,76.48188679245283,12
0.2,2650,92,202769,76.48774047529234,9
0.2,2651,92,202861,76.49358974358974,9
0.2,2652,91,202952,76.49905767056163,10
0.2,2653,94,203046,76.50565184626979,7
0.2,2654,93,203139,76.51186440677967,8
0.2,2655,22,203161,76.49134036144578,11
0.2,2656,88,203249,76.49567181031239,13
0.2,2657,94,203343,76.50225733634312,7
0.2,2658,93,203436,76.5084618277548,8
0.2,2659,15,203451,76.48533834586466,17
0.2,2660,89,203540,76.49004133784291,13
0.2,2661,92,203632,76.49586776859505,9
0.2,2662,90,203722,76.5009387908374,11
0.2,2663,95,203817,76.50788288288288,6
0.2,2664,96,203913,76.51519699812383,6
0.2,2665,93,204006,76.52138034508627,8
0.2,2666,93,204099,76.5275590551181,8
0.2,2667,95,204194,76.53448275862068,6
0.2,2668,93,204287,76.54065192956163,8
0.2,2669,20,204307,76.51947565543071,12
0.2,2670,94,204401,76.52602021714713,7
0.2,2671,91,204492,76.5314371257485,10
0.2,2672,92,204584,76.53722409277965,10
0.2,2673,96,204680,76.54450261780104,6
0.2,2674,91,204771,76.54990654205608,10
0.2,2675,91,204862,76.55530642750374,10
0.2,2676,24,204886,76.53567426223384,8
0.2,2677,90,204976,76.54070201643017,11
0.2,2678,23,204999,76.52071668533034,10
0.2,2679,86,205085,76.52425373134328,15
0.2,2680,92,205177,76.53002610966057,9
0.2,2681,92,205269,76.53579418344519,10
0.2,2682,89,205358,76.54043980618711,12
0.2,2683,96,205454,76.54769001490313,6
0.2,2684,95,205549,76.55456238361266,6
0.2,2685,95,205644,76.5614296351452,6
0.2,2686,93,205737,76.5675474506885,8
0.2,2687,95,205832,76.57440476190476,6
0.2,2688,25,205857,76.55522499070287,7
0.2,2689,93,205950,76.56133828996282,8
0.2,2690,94,206044,76.56781865477518,7
0.2,2691,95,206139,76.57466567607726,6
0.2,2692,92,206231,76.58039361307092,9
0.2,2693,93,206324,76.5864884929473,8
0.2,2694,22,206346,76.56623376623376,11
0.2,2695,94,206440,76.5727002967359,9
0.2,2696,24,206464,76.55320726733407,8
0.2,2697,93,206557,76.55930318754633,8
0.2,2698,16,206573,76.53686550574287,16
0.2,2699,95,206668,76.5437037037037,6
0.2,2700,92,206760,76.54942613846724,11
0.2,2701,92,206852,76.55514433752776,11
0.2,2702,94,206946,76.56159822419534,7
0.2,2703,94,207040,76.5680473372781,7
0.2,2704,22,207062,76.54787430683919,10
0.2,2705,96,207158,76.55506282335551,6
0.2,2706,94,207252,76.56150720354636,7
0.2,2707,96,207348,76.56868537666175,6
0.2,2708,84,207432,76.57142857142857,17
0.2,2709,92,207524,76.57712177121772,11
0.2,2710,95,207619,76.58391737366286,6
0.2,2711,94,207713,76.59033923303835,7
0.2,2712,93,207806,76.5963877626244,8
0.2,2713,93,207899,76.60243183492999,9
0.2,2714,-53,207846,76.55469613259669,16
0.2,2715,94,207940,76.56111929307805,8
0.2,2716,93,208033,76.56716967243283,8
0.2,2717,90,208123,76.57211184694629,11
0.2,2718,94,208217,76.57852151526296,7
0.2,2719,95,208312,76.58529411764705,6
0.2,2720,92,208404,76.5909592061742,9
0.2,2721,94,208498,76.59735488611315,8
0.2,2722,93,208591,76.60337862651487,8
0.2,2723,91,208682,76.60866372980911,10
0.2,2724,91,208773,76.61394495412844,10
0.2,2725,92,208865,76.61958914159942,10
0.2,2726,94,208959,76.62596259625963,8
0.2,2727,94,209053,76.63233137829911,7
0.2,2728,94,209147,76.63869549285452,7
0.2,2729,86,209233,76.64212454212455,15
0.2,2730,90,209323,76.6470157451483,11
0.2,2731,96,209419,76.65409956076135,6
0.2,2732,91,209510,76.6593487010611,11
0.2,2733,95,209605,76.66605705925384,6
0.2,2734,95,209700,76.672760511883,7
0.2,2735,25,209725,76.65387426900585,7
0.2,2736,94,209819,76.6602119108513,8
0.2,2737,90,209909,76.66508400292184,12
0.2,2738,13,209922,76.64184008762322,19
0.2,2739,90,210012,76.64671532846715,13
0.2,2740,96,210108,76.65377599416271,6
0.2,2741,96,210204,76.66083150984683,7
0.2,2742,92,210296,76.66642362376959,9
0.2,2743,-45,210251,76.62208454810495,10
0.2,2744,96,210347,76.62914389799636,6
0.2,2745,24,210371,76.60997815003641,10
0.2,2746,94,210465,76.61630870040044,7
0.2,2747,87,210552,76.62008733624454,14
0.2,2748,94,210646,76.62640960349218,7
0.2,2749,90,210736,76.63127272727273,12
0.2,2750,17,210753,76.60959651035986,16
0.2,2751,87,210840,76.61337209302326,14
0.2,2752,93,210933,76.61932437341082,9
0.2,2753,95,211028,76.62599854756718,6
0.2,2754,20,211048,76.60544464609801,13
0.2,2755,92,211140,76.611030478955,9
0.2,2756,94,211234,76.61733768589046,8
0.2,2757,91,211325,76.62255257432922,12
0.2,2758,93,211418,76.62848858281986,8
0.2,2759,88,211506,76.63260869565218,13
0.2,2760,89,211595,76.63708801159001,12
0.2,2761,94,211689,76.64337436640116,8
0.2,2762,20,211709,76.62287368802026,12
0.2,2763,25,211734,76.6041968162084,8
0.2,2764,88,211822,76.60831826401447,13
0.2,2765,90,211912,76.61315979754157,13
0.2,2766,22,211934,76.59342247921937,10
0.2,2767,95,212029,76.60007225433526,6
0.2,2768,93,212122,76.60599494402311,9
0.2,2769,94,212216,76.61227436823104,7
0.2,2770,95,212311,76.61891014074341,6
0.2,2771,94,212405,76.62518037518038,10
0.2,2772,95,212500,76.63180670753697,6
0.2,2773,85,212585,76.63482335976929,17
0.2,2774,26,212611,76.61657657657658,6
0.2,2775,94,212705,76.6228386167147,7
0.2,2776,92,212797,76.62837594526468,10
0.2,2777,94,212891,76.63462922966163,8
0.2,2778,93,212984,76.64051817200432,9
0.2,2779,92,213076,76.64604316546763,11
0.2,2780,90,213166,76.65084501977707,11
0.2,2781,94,213260,76.65708123652048,7
0.2,2782,-58,213202,76.6086956521739,23
0.2,2783,92,213294,76.61422413793103,9
0.2,2784,88,213382,76.61831238779175,14
0.2,2785,92,213474,76.62383345297918,9
0.2,2786,94,213568,76.63006817366343,7
0.2,2787,93,213661,76.63593974175036,8
0.2,2788,95,213756,76.64252420222302,6
0.2,2789,93,213849,76.64838709677419,8
0.2,2790,86,213935,76.65173772841275,16
0.2,2791,96,214031,76.6586676217765,6
0.2,2792,27,214058,76.64088793412101,6
0.2,2793,93,214151,76.64674302075876,8
0.2,2794,91,214242,76.65187835420393,12
0.2,2795,92,214334,76.65736766809728,9
0.2,2796,93,214427,76.66321058276725,8
0.2,2797,94,214521,76.66940671908506,7
0.2,2798,93,214614,76.67524115755627,8
0.2,2799,91,214705,76.68035714285715,10
0.2,2800,96,214801,76.68725455194573,6
0.2,2801,94,214895,76.69343326195575,7
0.2,2802,94,214989,76.699607563325,7
0.2,2803,94,215083,76.70577746077034,8
0.2,2804,94,215177,76.71194295900179,7
0.2,2805,21,215198,76.69208838203849,11
0.2,2806,22,215220,76.67260420377627,10
0.2,2807,92,215312,76.67806267806267,10
0.2,2808,91,215403,76.68316126735493,13
0.2,2809,96,215499,76.69003558718862,6
0.2,2810,94,215593,76.69619352543579,7
0.2,2811,20,215613,76.67603129445234,13
0.2,2812,93,215706,76.68183434056168,8
0.2,2813,84,215790,76.68443496801706,17
0.2,2814,94,215884,76.69058614564831,8
0.2,2815,76,215960,76.6903409090909,25
0.2,2816,94,216054,76.6964856230032,7
0.2,2817,95,216149,76.70298083747339,7
0.2,2818,95,216244,76.70947144377439,6
0.2,2819,95,216339,76.71595744680852,6
0.2,2820,94,216433,76.72208436724566,8
0.2,2821,95,216528,76.72856130403969,7
0.2,2822,96,216624,76.73538788522848,6
0.2,2823,94,216718,76.7415014164306,7
0.2,2824,88,216806,76.74548672566371,13
0.2,2825,91,216897,76.75053078556263,10
0.2,2826,94,216991,76.75663247258578,7
0.2,2827,93,217084,76.76237623762377,9
0.2,2828,94,217178,76.76846942382467,9
0.2,2829,93,217271,76.77420494699646,8
0.2,2830,94,217365,76.78028965030025,7
0.2,2831,96,217461,76.78707627118644,6
0.2,2832,83,217544,76.78926932580303,18
0.2,2833,94,217638,76.79534227240649,8
0.2,2834,91,217729,76.80035273368607,10
0.2,2835,23,217752,76.78138222849083,9
0.2,2836,87,217839,76.78498413817412,14
0.2,2837,92,217931,76.79034531360112,9
0.2,2838,92,218023,76.7957027122226,10
0.2,2839,93,218116,76.80140845070423,10
0.2,2840,17,218133,76.78035902851109,15
0.2,2841,25,218158,76.76213933849402,8
0.2,2842,93,218251,76.76785086176574,8
0.2,2843,93,218344,76.77355836849507,9
0.2,2844,22,218366,76.7543057996485,10
0.2,2845,22,218388,76.73506676036543,10
0.2,2846,25,218413,76.71689497716895,7
0.2,2847,95,218508,76.72331460674157,7
0.2,2848,25,218533,76.7051597051597,8
0.2,2849,94,218627,76.71122807017544,7
0.2,2850,-48,218579,76.66748509294985,12
0.2,2851,92,218671,76.67286115007012,9
0.2,2852,92,218763,76.6782334384858,9
0.2,2853,94,218857,76.6843027330063,7
0.2,2854,83,218940,76.68651488616463,18
0.2,2855,93,219033,76.6922268907563,8
0.2,2856,89,219122,76.69653482674134,17
0.2,2857,22,219144,76.67739678096571,12
0.2,2858,25,219169,76.65932144106331,7
0.2,2859,27,219196,76.64195804195805,6
0.2,2860,94,219290,76.64802516602586,7
0.2,2861,94,219384,76.65408805031447,8
0.2,2862,26,219410,76.63639538945162,6
0.2,2863,96,219506,76.64315642458101,6
0.2,2864,94,219600,76.64921465968587,7
0.2,2865,92,219692,76.65457083042568,9
0.2,2866,-48,219644,76.61109173351936,12
0.2,2867,94,219738,76.61715481171548,7
0.2,2868,91,219829,76.62216800278843,11
0.2,2869,90,219919,76.62682926829268,11
0.2,2870,93,220012,76.63253221873912,8
0.2,2871,94,220106,76.63857938718662,8
0.2,2872,89,220195,76.64288200487296,12
0.2,2873,89,220284,76.64718162839249,12
0.2,2874,90,220374,76.65182608695652,11
0.2,2875,94,220468,76.65785813630042,7
0.2,2876,90,220558,76.66249565519638,11
0.2,2877,92,220650,76.66782487838778,9
0.2,2878,90,220740,76.6724557137895,11
0.2,2879,92,220832,76.67777777777778,9
0.2,2880,95,220927,76.68413745227352,6
0.2,2881,26,220953,76.66655100624567,6
0.2,2882,95,221048,76.67291016302462,6
0.2,2883,92,221140,76.67822468793342,9
0.2,2884,90,221230,76.68284228769497,11
0.2,2885,94,221324,76.68884268884268,7
0.2,2886,94,221418,76.6948389331486,7
0.2,2887,94,221512,76.70083102493075,8
0.2,2888,94,221606,76.70681896850121,9
0.2,2889,92,221698,76.7121107266436,10
0.2,2890,83,221781,76.71428571428571,18
0.2,2891,94,221875,76.72026279391424,7
0.2,2892,20,221895,76.70065675769098,13
0.2,2893,90,221985,76.70525224602626,11
0.2,2894,94,222079,76.7112262521589,8
0.2,2895,96,222175,76.7178867403315,6
0.2,2896,92,222267,76.72316189161201,10
0.2,2897,94,222361,76.72912353347137,7
0.2,2898,93,222454,76.73473611590204,8
0.2,2899,92,222546,76.74,11
0.2,2900,93,222639,76.74560496380559,8
0.2,2901,89,222728,76.74982770503101,12
0.2,2902,94,222822,76.75576989321392,7
0.2,2903,19,222841,76.73588154269973,14
0.2,2904,85,222926,76.73872633390705,16
0.2,2905,92,223018,76.74397797660014,10
0.2,2906,24,223042,76.72583419332645,8
0.2,2907,94,223136,76.73177441540578,8
0.2,2908,94,223230,76.73771055345479,7
0.2,2909,-44,223186,76.69621993127147,8
0.2,2910,91,223277,76.70113363105462,10
0.2,2911,93,223370,76.70673076923077,8
0.2,2912,88,223458,76.71060762100927,13
0.2,2913,94,223552,76.71654083733699,8
0.2,2914,94,223646,76.72246998284734,7
0.2,2915,21,223667,76.70336076817559,11
0.2,2916,-46,223621,76.66129585190264,9
0.2,2917,91,223712,76.66620973269363,10
0.2,2918,96,223808,76.6728331620418,6
0.2,2919,89,223897,76.67705479452054,14
0.2,2920,96,223993,76.6836699760356,6
0.2,2921,25,224018,76.66598220396989,7
0.2,2922,90,224108,76.67054396168321,13
0.2,2923,92,224200,76.67578659370724,10
0.2,2924,26,224226,76.65846153846154,6
0.2,2925,94,224320,76.66438824333561,7
0.2,2926,14,224334,76.64297915954903,19
0.2,2927,94,224428,76.64890710382514,7
0.2,2928,92,224520,76.65414817343803,9
0.2,2929,24,224544,76.63617747440273,9
0.2,2930,95,224639,76.64244285226886,6
0.2,2931,91,224730,76.64733969986358,11
0.2,2932,95,224825,76.65359699965906,7
0.2,2933,93,224918,76.65916837082482,8
0.2,2934,90,225008,76.66371379897785,11
0.2,2935,16,225024,76.64305177111717,17
0.2,2936,90,225114,76.64759959141982,13
0.2,2937,23,225137,76.62933968686181,10
0.2,2938,94,225231,76.63525008506295,7
0.2,2939,89,225320,76.63945578231292,12
0.2,2940,96,225416,76.64603876232574,6
0.2,2941,96,225512,76.6526172671652,6
0.2,2942,94,225606,76.6585117227319,7
0.2,2943,93,225699,76.6640625,8
0.2,2944,93,225792,76.66960950764006,8
0.2,2945,92,225884,76.67481330617787,9
0.2,2946,94,225978,76.68069222938581,10
0.2,2947,94,226072,76.68656716417911,7
0.2,2948,95,226167,76.69277721261444,6
0.2,2949,92,226259,76.69796610169492,10
0.2,2950,92,226351,76.70315147407658,9
0.2,2951,93,226444,76.70867208672087,8
0.2,2952,91,226535,76.7135116830342,10
0.2,2953,91,226626,76.7183480027082,12
0.2,2954,93,226719,76.7238578680203,9
0.2,2955,86,226805,76.72699594046009,17
0.2,2956,93,226898,76.73249915454853,8
0.2,2957,94,226992,76.73833671399595,8
0.2,2958,91,227083,76.743156471781,11
0.2,2959,92,227175,76.7483108108108,9
0.2,2960,90,227265,76.75278622087133,11
0.2,2961,22,227287,76.73430114787305,10
0.2,2962,18,227305,76.71447856901788,15
0.2,2963,94,227399,76.72031039136303,7
0.2,2964,26,227425,76.70320404721754,6
0.2,2965,95,227520,76.7093728927849,7
0.2,2966,23,227543,76.6912706437479,9
0.2,2967,90,227633,76.69575471698113,11
0.2,2968,23,227656,76.67766924890536,10
0.2,2969,95,227751,76.68383838383838,6
0.2,2970,89,227840,76.68798384382363,16
0.2,2971,94,227934,76.69380888290713,7
0.2,2972,93,228027,76.69929364278507,8
0.2,2973,94,228121,76.70511096166778,7
0.2,2974,90,228211,76.70957983193277,11
0.2,2975,93,228304,76.71505376344086,9
0.2,2976,26,228330,76.69801813906618,6
0.2,2977,92,228422,76.70315648085963,9
0.2,2978,24,228446,76.68546492111447,9
0.2,2979,90,228536,76.68993288590605,12
0.2,2980,94,228630,76.69573968466958,7
0.2,2981,90,228720,76.70020120724347,11
0.2,2982,20,228740,76.68119342943345,12
0.2,2983,93,228833,76.68666219839142,8
0.2,2984,96,228929,76.69313232830821,6
0.2,2985,94,229023,76.69892833221701,7
0.2,2986,95,229118,76.70505523937061,9
0.2,2987,91,229209,76.70983935742971,10
0.2,2988,94,229303,76.71562395449983,7
0.2,2989,20,229323,76.69665551839465,12
0.2,2990,92,229415,76.70177198261452,9
0.2,2991,92,229507,76.70688502673796,9
0.2,2992,92,229599,76.71199465419312,9
0.2,2993,89,229688,76.71609886439546,12
0.2,2994,95,229783,76.72220367278798,7
0.2,2995,88,229871,76.72596795727637,17
0.2,2996,87,229958,76.72939606272939,14
0.2,2997,25,229983,76.7121414276184,7
0.2,2998,87,230070,76.71557185728577,14
0.2,2999,92,230162,76.72066666666667,9
0.2,3000,94,230256,76.72642452515828,7
0.2,3001,88,230344,76.73017988007994,13
0.2,3002,92,230436,76.73526473526474,9
0.2,3003,92,230528,76.74034620505992,10
0.2,3004,94,230622,76.74608985024959,7
0.2,3005,88,230710,76.74983366600134,13
0.2,3006,95,230805,76.75590289324909,8
0.2,3007,94,230899,76.76163563829788,7
0.2,3008,93,230992,76.76703223662346,8
0.2,3009,86,231078,76.77009966777409,17
0.2,3010,93,231171,76.77548987047493,8
0.2,3011,26,231197,76.75863213811421,7
0.2,3012,96,231293,76.76501825423166,6
0.2,3013,91,231384,76.76974120769741,10
0.2,3014,92,231476,76.77479270315091,10
0.2,3015,95,231571,76.78083554376659,6
0.2,3016,94,231665,76.78654292343387,7
0.2,3017,25,231690,76.76938369781313,7
0.2,3018,96,231786,76.77575356078171,6
0.2,3019,93,231879,76.78112582781456,8
0.2,3020,95,231974,76.78715657067197,8
0.2,3021,90,232064,76.79152878888154,11
0.2,3022,94,232158,76.79722130334105,7
0.2,3023,26,232184,76.78042328042328,6
0.2,3024,93,232277,76.78578512396695,8
0.2,3025,89,232366,76.78982154659617,12
0.2,3026,94,232460,76.795507102742,9
0.2,3027,93,232553,76.80085865257595,8
0.2,3028,27,232580,76.78441729943876,7
0.2,3029,92,232672,76.7894389438944,9
0.2,3030,91,232763,76.79412735070933,10
0.2,3031,94,232857,76.79980211081794,7
0.2,3032,92,232949,76.80481371579295,10
0.2,3033,92,233041,76.80982201713908,9
0.2,3034,91,233132,76.81449752883032,10
0.2,3035,94,233226,76.8201581027668,7
0.2,3036,84,233310,76.8225222258808,17
0.2,3037,16,233326,76.80250164581962,18
0.2,3038,87,233413,76.8058571898651,14
0.2,3039,92,233505,76.81085526315789,9
0.2,3040,94,233599,76.81650772772115,8
0.2,3041,81,233680,76.81788297172912,21
0.2,3042,90,233770,76.82221491948735,13
0.2,3043,94,233864,76.82785808147175,7
0.2,3044,88,233952,76.83152709359607,15
0.2,3045,96,234048,76.83782009192383,6
0.2,3046,93,234141,76.84312438464063,8
0.2,3047,96,234237,76.8494094488189,6
0.2,3048,93,234330,76.8547064611348,8
0.2,3049,94,234424,76.86032786885247,10
0.2,3050,91,234515,76.86496230744018,12
0.2,3051,93,234608,76.870249017038,8
0.2,3052,16,234624,76.85031116934164,16
0.2,3053,94,234718,76.85592665356909,7
0.2,3054,95,234813,76.8618657937807,6
0.2,3055,-47,234766,76.82133507853403,12
0.2,3056,25,234791,76.80438338240104,7
0.2,3057,96,234887,76.81066056245912,6
0.2,3058,92,234979,76.81562602157568,10
0.2,3059,93,235072,76.82091503267974,8
0.2,3060,95,235167,76.82685396929108,6
0.2,3061,91,235258,76.8314826910516,10
0.2,3062,88,235346,76.83512895853738,13
0.2,3063,93,235439,76.8404046997389,8
0.2,3064,22,235461,76.82251223491028,12
0.2,3065,95,235556,76.82844096542726,6
0.2,3066,96,235652,76.83469188131726,6
0.2,3067,27,235679,76.8184485006519,6
0.2,3068,93,235772,76.82372108178559,8
0.2,3069,22,235794,76.80586319218241,11
0.2,3070,93,235887,76.81113643764246,8
0.2,3071,24,235911,76.7939453125,9
0.2,3072,92,236003,76.7988935893264,9
0.2,3073,91,236094,76.8035133376708,11
0.2,3074,93,236187,76.80878048780488,9
0.2,3075,94,236281,76.81436931079324,9
0.2,3076,90,236371,76.81865453363666,12
0.2,3077,92,236463,76.82358674463937,9
0.2,3078,21,236484,76.80545631698604,12
0.2,3079,85,236569,76.80811688311688,16
0.2,3080,92,236661,76.81304771178189,9
0.2,3081,91,236752,76.81765087605451,11
0.2,3082,91,236843,76.82225105416802,10
0.2,3083,94,236937,76.82782101167315,7
0.2,3084,90,237027,76.83209076175041,11
0.2,3085,85,237112,76.8347375243033,16
0.2,3086,92,237204,76.8396501457726,12
0.2,3087,92,237296,76.84455958549223,9
0.2,3088,88,237384,76.84817092910328,17
0.2,3089,24,237408,76.83106796116505,8
0.2,3090,90,237498,76.83532837269492,12
0.2,3091,-44,237454,76.79624838292368,8
0.2,3092,92,237546,76.8011639185257,9
0.2,3093,88,237634,76.80478345184227,14
0.2,3094,23,237657,76.78739903069467,10
0.2,3095,92,237749,76.79231266149871,9
0.2,3096,96,237845,76.79851469163707,6
0.2,3097,25,237870,76.7817947062621,7
0.2,3098,95,237965,76.78767344304615,6
0.2,3099,91,238056,76.79225806451613,11
0.2,3100,86,238142,76.79522734601741,15
0.2,3101,93,238235,76.80045132172792,10
0.2,3102,93,238328,76.80567193038995,8
0.2,3103,93,238421,76.81088917525773,10
0.2,3104,92,238513,76.8157809983897,10
0.2,3105,94,238607,76.82131358660656,7
0.2,3106,94,238701,76.8268426134535,8
0.2,3107,91,238792,76.83140283140283,11
0.2,3108,23,238815,76.81408813123191,9
0.2,3109,18,238833,76.7951768488746,15
0.2,3110,96,238929,76.80135004821601,6
0.2,3111,90,239019,76.8055912596401,12
0.2,3112,94,239113,76.81111468037263,8
0.2,3113,89,239202,76.81502890173411,12
0.2,3114,95,239297,76.82086677367576,6
0.2,3115,15,239312,76.801026957638,17
0.2,3116,94,239406,76.8065447545717,7
0.2,3117,90,239496,76.81077613855035,11
0.2,3118,91,239587,76.81532542481564,10
0.2,3119,94,239681,76.82083333333334,8
0.2,3120,91,239772,76.82537648189682,12
0.2,3121,96,239868,76.83151825752722,6
0.2,3122,96,239964,76.83765609990394,6
0.2,3123,-51,239913,76.79673495518566,15
0.2,3124,81,239994,76.79808,20
0.2,3125,20,240014,76.77991042866283,12
0.2,3126,91,240105,76.78445794691397,10
0.2,3127,93,240198,76.78964194373401,9
0.2,3128,94,240292,76.79514221796101,7
0.2,3129,91,240383,76.7996805111821,10
0.2,3130,94,240477,76.80517406579368,8
0.2,3131,89,240566,76.80906768837804,14
0.2,3132,10,240576,76.78774337695499,22
0.2,3133,92,240668,76.7925973197192,9
0.2,3134,90,240758,76.79681020733652,12
0.2,3135,89,240847,76.80070153061224,12
0.2,3136,95,240942,76.80650302837105,8
0.2,3137,94,241036,76.81198215423836,8
0.2,3138,94,241130,76.81745778910481,7
0.2,3139,89,241219,76.82133757961783,14
0.2,3140,94,241313,76.82680674944285,7
0.2,3141,92,241405,76.83163590070019,9
0.2,3142,89,241494,76.83550747693286,12
0.2,3143,93,241587,76.84064885496183,8
0.2,3144,91,241678,76.84515103338633,11
0.2,3145,94,241772,76.85060394151303,7
0.2,3146,94,241866,76.85605338417541,7
0.2,3147,91,241957,76.86054637865311,10
0.2,3148,89,242046,76.86440139726898,14
0.2,3149,26,242072,76.84825396825397,8
0.2,3150,94,242166,76.85369723897176,7
0.2,3151,90,242256,76.85786802030456,11
0.2,3152,90,242346,76.86203615604187,11
0.2,3153,26,242372,76.84590995561192,6
0.2,3154,92,242464,76.85071315372424,9
0.2,3155,86,242550,76.85361216730038,15
0.2,3156,92,242642,76.85840988280013,12
0.2,3157,94,242736,76.86383787207093,10
0.2,3158,94,242830,76.86926242481798,7
0.2,3159,27,242857,76.85348101265822,6
0.2,3160,93,242950,76.85858905409681,8
0.2,3161,88,243038,76.86211258697027,15
0.2,3162,94,243132,76.86753082516599,7
0.2,3163,-199,242933,76.78034134007585,25
0.2,3164,91,243024,76.78483412322275,10
0.2,3165,96,243120,76.79090334807327,6
0.2,3166,93,243213,76.79602147142405,8
0.2,3167,20,243233,76.77809343434343,12
0.2,3168,92,243325,76.78289681287472,9
0.2,3169,18,243343,76.76435331230284,15
0.2,3170,94,243437,76.76978871018606,7
0.2,3171,26,243463,76.75378310214376,7
0.2,3172,94,243557,76.75921840529467,7
0.2,3173,95,243652,76.76496534341526,6
0.2,3174,25,243677,76.74866141732284,8
0.2,3175,92,243769,76.75346347607054,9
0.2,3176,93,243862,76.75857727415801,8
0.2,3177,94,243956,76.76400251730648,8
0.2,3178,92,244048,76.7687952186222,9
0.2,3179,93,244141,76.77389937106918,8
0.2,3180,95,244236,76.77962904746936,6
0.2,3181,94,244330,76.7850408548083,7
0.2,3182,93,244423,76.79013509267986,8
0.2,3183,95,244518,76.79585427135679,8
0.2,3184,93,244611,76.80094191522763,8
0.2,3185,92,244703,76.80571249215318,10
0.2,3186,20,244723,76.78788829620332,14
0.2,3187,82,244805,76.78952321204517,24
0.2,3188,95,244900,76.79523361555347,6
0.2,3189,23,244923,76.77836990595611,9
0.2,3190,19,244942,76.76026324036353,13
0.2,3191,25,244967,76.74404761904762,7
0.2,3192,95,245062,76.74976511118071,6
0.2,3193,-49,245013,76.71039448966813,13
0.2,3194,93,245106,76.71549295774648,8
0.2,3195,95,245201,76.7212140175219,6
0.2,3196,85,245286,76.72380356584297,16
0.2,3197,90,245376,76.72795497185741,11
0.2,3198,23,245399,76.71115973741794,10
0.2,3199,90,245489,76.7153125,12
0.2,3200,94,245583,76.72071227741331,7
0.2,3201,94,245677,76.7261086820737,8
0.2,3202,93,245770,76.73118950983454,8
0.2,3203,84,245854,76.73345817727841,18
0.2,3204,24,245878,76.7170046801872,8
0.2,3205,-56,245822,76.6756082345602,22
0.2,3206,95,245917,76.68132210788899,6
0.2,3207,87,246004,76.68453865336659,15
0.2,3208,92,246096,76.68931131193519,11
0.2,3209,27,246123,76.67383177570093,6
0.2,3210,90,246213,76.67798193709125,11
0.2,3211,91,246304,76.6824408468244,10
0.2,3212,94,246398,76.68783068783068,7
0.2,3213,94,246492,76.69321717485998,8
0.2,3214,96,246588,76.69922239502333,6
0.2,3215,20,246608,76.68159203980099,13
0.2,3216,92,246700,76.68635374572582,9
0.2,3217,93,246793,76.69142324425108,9
0.2,3218,96,246889,76.69742155949052,6
0.2,3219,22,246911,76.6804347826087,11
0.2,3220,88,246999,76.68394908413536,13
0.2,3221,90,247089,76.6880819366853,11
0.2,3222,92,247181,76.69283276450511,9
0.2,3223,25,247206,76.67679900744417,7
0.2,3224,91,247297,76.68124031007751,10
0.2,3225,95,247392,76.6869187848729,6
0.2,3226,88,247480,76.69042454291912,13
0.2,3227,92,247572,76.69516728624535,10
0.2,3228,93,247665,76.70021678538247,8
0.2,3229,86,247751,76.7030959752322,15
0.2,3230,95,247846,76.70875889817394,7
0.2,3231,90,247936,76.7128712871287,12
0.2,3232,95,248031,76.71852768326632,6
0.2,3233,95,248126,76.72418058132344,6
0.2,3234,90,248216,76.72828438948996,12
0.2,3235,89,248305,76.73207663782448,14
0.2,3236,94,248399,76.73741118319431,7
0.2,3237,93,248492,76.74243360098826,8
0.2,3238,95,248587,76.74807039209632,7
0.2,3239,96,248683,76.75401234567902,6
0.2,3240,24,248707,76.73773526689294,8
0.2,3241,91,248798,76.74213448488587,10
0.2,3242,93,248891,76.74714770274437,8
0.2,3243,91,248982,76.75154130702836,11
0.2,3244,93,249075,76.75654853620955,9
0.2,3245,95,249170,76.76216882316697,8
0.2,3246,90,249260,76.76624576532184,11
0.2,3247,88,249348,76.76970443349754,13
0.2,3248,91,249439,76.77408433364113,10
0.2,3249,95,249534,76.7796923076923,7
0.2,3250,92,249626,76.7843740387573,9
0.2,3251,94,249720,76.78966789667896,9
0.2,3252,92,249812,76.79434368275437,9
0.2,3253,20,249832,76.77688998156115,12
0.2,3254,93,249925,76.78187403993856,8
0.2,3255,25,249950,76.76597051597052,10
0.2,3256,90,250040,76.77003377341111,11
0.2,3257,95,250135,76.77562922038061,6
0.2,3258,-47,250088,76.7376495857625,10
0.2,3259,90,250178,76.74171779141105,13
0.2,3260,93,250271,76.74670346519473,8
0.2,3261,91,250362,76.7510729613734,10
0.2,3262,-46,250316,76.71345387680049,10
0.2,3263,94,250410,76.71875,7
0.2,3264,95,250505,76.72434915773354,7
0.2,3265,87,250592,76.72749540722596,15
0.2,3266,93,250685,76.73247627793083,9
0.2,3267,94,250779,76.73776009791922,7
0.2,3268,94,250873,76.74304068522484,7
0.2,3269,95,250968,76.74862385321101,6
0.2,3270,94,251062,76.75389789055335,9
0.2,3271,19,251081,76.73624694376528,14
0.2,3272,92,251173,76.74091047968224,9
0.2,3273,93,251266,76.74587660354307,8
0.2,3274,94,251360,76.75114503816793,8
0.2,3275,86,251446,76.75396825396825,16
0.2,3276,21,251467,76.73695453158376,11
0.2,3277,89,251556,76.74069554606467,12
0.2,3278,25,251581,76.72491613296737,8
0.2,3279,91,251672,76.72926829268293,10
0.2,3280,23,251695,76.71289241085034,9
0.2,3281,94,251789,76.71815965874467,7
0.2,3282,92,251881,76.7228144989339,9
0.2,3283,90,251971,76.7268574908648,11
0.2,3284,94,252065,76.73211567732116,7
0.2,3285,21,252086,76.7151552038953,11
0.2,3286,92,252178,76.71980529358078,9
0.2,3287,25,252203,76.70407542579075,7
0.2,3288,92,252295,76.70872605655214,10
0.2,3289,92,252387,76.71337386018237,9
0.2,3290,92,252479,76.71801883925859,9
0.2,3291,96,252575,76.72387606318348,6
0.2,3292,23,252598,76.70756149407835,10
0.2,3293,88,252686,76.7109896782028,14
0.2,3294,93,252779,76.71593323216996,8
0.2,3295,93,252872,76.72087378640776,8
0.2,3296,89,252961,76.72459811950257,12
0.2,3297,93,253054,76.72953305033353,8
0.2,3298,93,253147,76.73446498939073,9
0.2,3299,94,253241,76.73969696969696,10
0.2,3300,95,253336,76.74522871857013,6
0.2,3301,94,253430,76.75045427013931,7
0.2,3302,18,253448,76.73266727217681,15
0.2,3303,95,253543,76.73819612590799,8
0.2,3304,94,253637,76.74341906202723,8
0.2,3305,21,253658,76.7265577737447,12
0.2,3306,20,253678,76.70940429392198,13
0.2,3307,94,253772,76.71463119709794,8
0.2,3308,94,253866,76.71985494106981,8
0.2,3309,93,253959,76.72477341389728,8
0.2,3310,94,254053,76.72999093929326,7
0.2,3311,86,254139,76.73278985507247,16
0.2,3312,95,254234,76.7383036522789,6
0.2,3313,93,254327,76.74321062160531,9
0.2,3314,90,254417,76.747209653092,11
0.2,3315,86,254503,76.75,16
0.2,3316,94,254597,76.75520048236358,8
0.2,3317,82,254679,76.75678119349006,19
0.2,3318,89,254768,76.7604700210907,12
0.2,3319,96,254864,76.76626506024097,6
0.2,3320,94,254958,76.77145438121048,7
0.2,3321,95,255053,76.77694160144492,6
0.2,3322,93,255146,76.7818236533253,8
0.2,3323,92,255238,76.78640192539109,9
0.2,3324,89,255327,76.79007518796992,12
0.2,3325,95,255422,76.79555021046302,7
0.2,3326,90,255512,76.7995190862639,11
0.2,3327,91,255603,76.8037860576923,10
0.2,3328,96,255699,76.80955241814358,6
0.2,3329,25,255724,76.793993993994,8
0.2,3330,96,255820,76.79975983188231,6
0.2,3331,94,255914,76.80492196878751,8
0.2,3332,92,256006,76.80948094809482,9
0.2,3333,90,256096,76.81343731253749,12
0.2,3334,92,256188,76.81799100449776,10
0.2,3335,26,256214,76.80275779376498,6
0.2,3336,89,256303,76.80641294575966,12
0.2,3337,94,256397,76.81156381066506,8
0.2,3338,17,256414,76.7936507936508,17
0.2,3339,94,256508,76.79880239520958,7
0.2,3340,91,256599,76.80305297815025,10
0.2,3341,93,256692,76.80789946140035,8
0.2,3342,95,256787,76.81334131020041,7
0.2,3343,91,256878,76.81758373205741,11
0.2,3344,88,256966,76.82092675635276,14
0.2,3345,92,257058,76.82546323968919,9
0.2,3346,21,257079,76.80878398565879,12
0.2,3347,80,257159,76.80973715651135,21
0.2,3348,95,257254,76.81516870707674,7
0.2,3349,90,257344,76.81910447761194,12
0.2,3350,95,257439,76.82452999104744,7
0.2,3351,94,257533,76.8296539379475,7
0.2,3352,92,257625,76.83417834774829,9
0.2,3353,90,257715,76.8381037567084,11
0.2,3354,95,257810,76.84351713859911,6
0.2,3355,25,257835,76.82806912991657,7
0.2,3356,92,257927,76.83258862079238,10
0.2,3357,92,258019,76.8371054198928,10
0.2,3358,96,258115,76.84281036022625,6
0.2,3359,93,258208,76.84761904761905,10
0.2,3360,92,258300,76.85212734305266,9
0.2,3361,90,258390,76.85603807257584,11
0.2,3362,93,258483,76.86083853702051,8
0.2,3363,95,258578,76.86623067776456,6
0.2,3364,23,258601,76.85022288261516,12
0.2,3365,23,258624,76.83422459893048,9
0.2,3366,87,258711,76.83724383724383,15
0.2,3367,95,258806,76.84263657957244,6
0.2,3368,23,258829,76.82665479370733,9
0.2,3369,94,258923,76.83175074183977,7
0.2,3370,89,259012,76.83536042717294,13
0.2,3371,91,259103,76.83956109134046,10
0.2,3372,95,259198,76.84494515268307,6
0.2,3373,90,259288,76.84884410195613,13
0.2,3374,95,259383,76.85422222222222,7
0.2,3375,90,259473,76.85811611374407,11
0.2,3376,94,259567,76.86319218241043,8
0.2,3377,87,259654,76.86619301361752,14
0.2,3378,96,259750,76.87185557857354,6
0.2,3379,25,259775,76.85650887573965,9
0.2,3380,89,259864,76.86010056196392,13
0.2,3381,-46,259818,76.82377291543466,9
0.2,3382,94,259912,76.82885013301804,7
0.2,3383,88,260000,76.8321513002364,13
0.2,3384,89,260089,76.83574593796159,12
0.2,3385,88,260177,76.83904311872416,13
0.2,3386,85,260262,76.8414526129318,16
0.2,3387,23,260285,76.82556080283354,9
0.2,3388,91,260376,76.82974328710534,10
0.2,3389,91,260467,76.83392330383481,11
0.2,3390,26,260493,76.81893246829844,6
0.2,3391,91,260584,76.82311320754717,12
0.2,3392,23,260607,76.80725022104332,9
0.2,3393,94,260701,76.81231585150265,8
0.2,3394,92,260793,76.81678939617083,10
0.2,3395,89,260882,76.82037691401649,12
0.2,3396,90,260972,76.82425669708566,13
0.2,3397,19,260991,76.80723955267804,14
0.2,3398,93,261084,76.81200353045013,8
0.2,3399,90,261174,76.81588235294117,11
0.2,3400,94,261268,76.82093501911203,8
0.2,3401,94,261362,76.8259847148736,7
0.2,3402,22,261384,76.80987364090508,12
0.2,3403,87,261471,76.81286721504112,14
0.2,3404,94,261565,76.8179148311307,7
0.2,3405,93,261658,76.82266588373459,8
0.2,3406,91,261749,76.826827120634,10
0.2,3407,92,261841,76.83127934272301,9
0.2,3408,21,261862,76.81490173071282,12
0.2,3409,92,261954,76.81935483870967,10
0.2,3410,96,262050,76.82497801231311,6
0.2,3411,94,262144,76.83001172332942,7
0.2,3412,94,262238,76.83504248461765,8
0.2,3413,94,262332,76.84007029876977,7
0.2,3414,94,262426,76.84509516837481,7
0.2,3415,24,262450,76.82962529274005,8
0.2,3416,-57,262393,76.79045946736903,22
0.2,3417,95,262488,76.79578700994733,7
0.2,3418,93,262581,76.80052646972798,8
0.2,3419,92,262673,76.80497076023391,9
0.2,3420,93,262766,76.80970476468869,8
0.2,3421,89,262855,76.81326709526593,12
0.2,3422,93,262948,76.81799591002044,8
0.2,3423,91,263039,76.82213785046729,10
0.2,3424,26,263065,76.80729927007299,6
0.2,3425,94,263159,76.81231757151197,8
0.2,3426,92,263251,76.81674934344908,9
0.2,3427,90,263341,76.8205950991832,11
0.2,3428,91,263432,76.82473024205308,10
0.2,3429,96,263528,76.83032069970845,6
0.2,3430,94,263622,76.83532497814048,7
0.2,3431,21,263643,76.81905594405595,11
0.2,3432,94,263737,76.82406058840664,8
0.2,3433,94,263831,76.8290623179965,7
0.2,3434,94,263925,76.83406113537117,7
0.2,3435,91,264016,76.83818393480792,10
0.2,3436,86,264102,76.84084957812046,15
0.2,3437,92,264194,76.84525887143688,11
0.2,3438,92,264286,76.84966560046526,9
0.2,3439,93,264379,76.85436046511627,8
0.2,3440,91,264470,76.85847137460041,12
0.2,3441,95,264565,76.86374201045903,6
0.2,3442,93,264658,76.86842869590474,8
0.2,3443,26,264684,76.85365853658537,6
0.2,3444,96,264780,76.85921625544267,6
0.2,3445,91,264871,76.8633197910621,10
0.2,3446,92,264963,76.86771105308965,10
0.2,3447,91,265054,76.87180974477958,10
0.2,3448,93,265147,76.87648593795303,8
0.2,3449,94,265241,76.88144927536231,7
0.2,3450,92,265333,76.88583019414662,9
0.2,3451,90,265423,76.8896292004635,11
0.2,3452,93,265516,76.89429481610195,8
0.2,3453,91,265607,76.89837869137232,10
0.2,3454,89,265696,76.90188133140376,12
0.2,3455,94,265790,76.90682870370371,8
0.2,3456,87,265877,76.90974833670813,15
0.2,3457,95,265972,76.91497975708502,6
0.2,3458,93,266065,76.91962995085285,8
0.2,3459,95,266160,76.92485549132948,7
0.2,3460,92,266252,76.92921121063277,12
0.2,3461,90,266342,76.93298671288272,12
0.2,3462,88,266430,76.93618250072191,13
0.2,3463,-46,266384,76.90069284064666,10
0.2,3464,92,266476,76.90505050505051,10
0.2,3465,95,266571,76.91027120600116,6
0.2,3466,90,266661,76.91404672627633,11
0.2,3467,94,266755,76.91897347174164,7
0.2,3468,93,266848,76.92360910925339,8
0.2,3469,94,266942,76.928530259366,7
0.2,3470,90,267032,76.93229616825123,11
0.2,3471,92,267124,76.93663594470046,9
0.2,3472,86,267210,76.93924560898358,16
0.2,3473,91,267301,76.94329303396661,10
0.2,3474,-49,267252,76.90705035971223,12
0.2,3475,85,267337,76.90937859608745,16
0.2,3476,92,267429,76.9137187230371,9
0.2,3477,91,267520,76.91776883266245,11
0.2,3478,96,267616,76.92325380856568,6
0.2,3479,93,267709,76.92787356321838,8
0.2,3480,22,267731,76.91209422579719,10
0.2,3481,87,267818,76.91499138426192,14
0.2,3482,95,267913,76.92018374964111,6
0.2,3483,93,268006,76.9247990815155,8
0.2,3484,93,268099,76.92941176470588,8
0.2,3485,90,268189,76.93316121629374,11
0.2,3486,92,268281,76.93748207628335,9
0.2,3487,22,268303,76.92173165137615,11
0.2,3488,93,268396,76.92633992548008,8
0.2,3489,93,268489,76.93094555873925,8
0.2,3490,96,268585,76.93640790604411,6
0.2,3491,94,268679,76.94129438717067,7
0.2,3492,91,268770,76.94531920984826,10
0.2,3493,87,268857,76.94819690898683,14
0.2,3494,93,268950,76.95278969957081,8
0.2,3495,94,269044,76.95766590389016,7
0.2,3496,26,269070,76.94309408064055,6
0.2,3497,90,269160,76.94682675814751,11
0.2,3498,94,269254,76.9517004858531,7
0.2,3499,93,269347,76.95628571428571,10
0.2,3500,25,269372,76.94144530134247,10
0.2,3501,93,269465,76.94603083952028,8
0.2,3502,26,269491,76.93148729660291,7
0.2,3503,22,269513,76.91581050228311,10
0.2,3504,89,269602,76.91925820256776,12
0.2,3505,84,269686,76.92127780946949,17
0.2,3506,86,269772,76.92386655260907,15
0.2,3507,94,269866,76.92873432155073,7
0.2,3508,94,269960,76.93359931604445,7
0.2,3509,94,270054,76.93846153846154,8
0.2,3510,94,270148,76.94332099117061,7
0.2,3511,92,270240,76.94760820045558,9
0.2,3512,92,270332,76.95189296897239,9
0.2,3513,88,270420,76.95503699487763,15
0.2,3514,94,270514,76.95988620199147,7
0.2,3515,94,270608,76.96473265073948,8
0.2,3516,92,270700,76.96900767699744,9
0.2,3517,90,270790,76.97271176805003,11
0.2,3518,89,270879,76.97612958226769,14
0.2,3519,22,270901,76.96051136363636,10
0.2,3520,92,270993,76.96478273217836,9
0.2,3521,92,271085,76.96905167518456,9
0.2,3522,88,271173,76.97218279875106,13
0.2,3523,25,271198,76.95743473325766,7
0.2,3524,92,271290,76.96170212765958,9
0.2,3525,23,271313,76.94639818491208,9
0.2,3526,93,271406,76.9509498157074,9
0.2,3527,95,271501,76.95606575963718,7
0.2,3528,94,271595,76.96089543780107,7
0.2,3529,94,271689,76.9657223796034,7
0.2,3530,24,271713,76.95072217502124,8
0.2,3531,89,271802,76.95413363533409,13
0.2,3532,23,271825,76.93886215680725,9
0.2,3533,94,271919,76.94368986983588,8
0.2,3534,21,271940,76.92786421499292,11
0.2,3535,-44,271896,76.89366515837104,8
0.2,3536,95,271991,76.89878428046367,6
0.2,3537,21,272012,76.88298473713962,11
0.2,3538,94,272106,76.8878214184798,8
0.2,3539,92,272198,76.89209039548022,10
0.2,3540,93,272291,76.89663936741033,8
0.2,3541,94,272385,76.90146809712027,7
0.2,3542,18,272403,76.8848433530906,16
0.2,3543,25,272428,76.87020316027088,7
0.2,3544,16,272444,76.85303244005642,18
0.2,3545,91,272535,76.8570219966159,10
0.2,3546,93,272628,76.86157316041725,8
0.2,3547,86,272714,76.8641488162345,17
0.2,3548,89,272803,76.86756832910679,12
0.2,3549,90,272893,76.8712676056338,12
0.2,3550,92,272985,76.87552802027598,9
0.2,3551,92,273077,76.87978603603604,9
0.2,3552,88,273165,76.88291584576415,14
0.2,3553,22,273187,76.86747326955543,10
0.2,3554,90,273277,76.87116736990154,11
0.2,3555,90,273367,76.87485939257593,11
0.2,3556,-47,273320,76.84003373629463,10
0.2,3557,92,273412,76.84429454749859,9
0.2,3558,94,273506,76.84911491992132,7
0.2,3559,23,273529,76.83398876404495,10
0.2,3560,87,273616,76.83684358326313,14
0.2,3561,24,273640,76.82201010668165,8
0.2,3562,95,273735,76.82711198428291,6
0.2,3563,94,273829,76.83193041526376,7
0.2,3564,23,273852,76.81683029453015,9
0.2,3565,22,273874,76.80145821648907,10
0.2,3566,25,273899,76.78693580039248,7
0.2,3567,94,273993,76.7917600896861,8
0.2,3568,90,274083,76.79546091342112,11
0.2,3569,96,274179,76.80084033613446,6
0.2,3570,94,274273,76.80565667880145,9
0.2,3571,91,274364,76.80963045912654,12
0.2,3572,24,274388,76.79485026588301,8
0.2,3573,81,274469,76.79602686066032,20
0.2,3574,22,274491,76.7806993006993,11
0.2,3575,93,274584,76.78523489932886,9
0.2,3576,18,274602,76.76880067095331,14
0.2,3577,-51,274551,76.73309111235326,14
0.2,3578,83,274634,76.7348421346745,18
0.2,3579,27,274661,76.72094972067039,6
0.2,3580,91,274752,76.72493716838872,11
0.2,3581,23,274775,76.70993858179787,10
0.2,3582,92,274867,76.71420597264861,10
0.2,3583,88,274955,76.71735491071429,14
0.2,3584,93,275048,76.72189679218968,8
0.2,3585,85,275133,76.72420524261015,16
0.2,3586,96,275229,76.72957903540564,6
0.2,3587,-121,275108,76.67447045707915,15
0.2,3588,23,275131,76.65951518528838,9
0.2,3589,27,275158,76.64568245125348,6
0.2,3590,87,275245,76.64856585909217,15
0.2,3591,92,275337,76.65283964365256,10
0.2,3592,96,275433,76.65822432507653,7
0.2,3593,26,275459,76.64412910406233,8
0.2,3594,94,275553,76.6489568845619,7
0.2,3595,94,275647,76.65378197997775,7
0.2,3596,95,275742,76.65888240200167,6
0.2,3597,87,275829,76.66175653140634,14
0.2,3598,94,275923,76.66657404834676,7
0.2,3599,86,276009,76.66916666666667,15
0.2,3600,93,276102,76.67370174951402,8
0.2,3601,94,276196,76.67851193781233,7
0.2,3602,93,276289,76.68304190951984,9
0.2,3603,91,276380,76.68701442841288,10
0.2,3604,89,276469,76.69042995839112,12
0.2,3605,91,276560,76.69439822518025,12
0.2,3606,90,276650,76.69808705295259,11
0.2,3607,94,276744,76.70288248337029,7
0.2,3608,94,276838,76.70767525630369,7
0.2,3609,95,276933,76.71274238227147,7
0.2,3610,91,277024,76.71669897535308,10
0.2,3611,94,277118,76.72148394241418,7
0.2,3612,27,277145,76.70772211458622,6
0.2,3613,93,277238,76.71223021582733,9
0.2,3614,-49,277189,76.6774550484094,15
0.2,3615,16,277205,76.66067477876106,16
0.2,3616,18,277223,76.64445673209842,14
0.2,3617,89,277312,76.64787175234936,12
0.2,3618,24,277336,76.63332412268582,10
0.2,3619,94,277430,76.63812154696133,8
0.2,3620,95,277525,76.64319248826291,7
0.2,3621,87,277612,76.64605190502485,14
0.2,3622,13,277625,76.62848468120342,20
0.2,3623,91,277716,76.63245033112582,12
0.2,3624,86,277802,76.63503448275863,15
0.2,3625,95,277897,76.64009928295643,7
0.2,3626,93,277990,76.64460987041632,8
0.2,3627,91,278081,76.64856670341786,11
0.2,3628,93,278174,76.65307247175531,8
0.2,3629,95,278269,76.65812672176308,6
0.2,3630,20,278289,76.64252272101349,12
0.2,3631,92,278381,76.64675110132158,10
0.2,3632,23,278404,76.6319845857418,9
0.2,3633,26,278430,76.61805173362686,6
0.2,3634,18,278448,76.60192572214581,14
0.2,3635,94,278542,76.6067106710671,7
0.2,3636,89,278631,76.61011822930988,16
0.2,3637,26,278657,76.59620670698186,7
0.2,3638,94,278751,76.60098928276999,7
0.2,3639,25,278776,76.58681318681319,8
0.2,3640,92,278868,76.59104641581983,9
0.2,3641,88,278956,76.5941790225151,13
0.2,3642,91,279047,76.59813340653308,10
0.2,3643,-49,278998,76.56366630076839,12
0.2,3644,96,279094,76.56899862825789,6
0.2,3645,92,279186,76.57323093801426,9
0.2,3646,93,279279,76.57773512476008,8
0.2,3647,22,279301,76.56277412280701,12
0.2,3648,93,279394,76.56727870649493,11
0.2,3649,89,279483,76.57068493150685,12
0.2,3650,21,279504,76.55546425636811,11
0.2,3651,87,279591,76.55832420591457,14
0.2,3652,93,279684,76.56282507528059,8
0.2,3653,18,279702,76.54679802955665,15
0.2,3654,94,279796,76.5515731874145,8
0.2,3655,95,279891,76.55661925601751,6
0.2,3656,89,279980,76.56002187585453,12
0.2,3657,94,280074,76.56478950246036,7
0.2,3658,91,280165,76.56873462694725,11
0.2,3659,94,280259,76.57349726775956,8
0.2,3660,90,280349,76.57716470909588,12
0.2,3661,94,280443,76.58192244675041,7
0.2,3662,96,280539,76.58722358722359,8
0.2,3663,93,280632,76.59170305676857,12
0.2,3664,91,280723,76.5956343792633,10
0.2,3665,95,280818,76.60065466448445,6
0.2,3666,93,280911,76.60512680665394,8
0.2,3667,93,281004,76.60959651035986,8
0.2,3668,13,281017,76.59225947124557,19
0.2,3669,93,281110,76.59673024523161,8
0.2,3670,23,281133,76.58213020975211,12
0.2,3671,94,281227,76.58687363834423,7
0.2,3672,17,281244,76.57065069425538,16
0.2,3673,95,281339,76.57566684812194,6
0.2,3674,-45,281294,76.54258503401361,8
0.2,3675,92,281386,76.54678998911861,9
0.2,3676,92,281478,76.55099265705738,9
0.2,3677,25,281503,76.53697661772702,8
0.2,3678,94,281597,76.54172329437347,7
0.2,3679,94,281691,76.54646739130435,7
0.2,3680,87,281778,76.54930725346374,15
0.2,3681,91,281869,76.5532319391635,10
0.2,3682,84,281953,76.55525386912842,17
0.2,3683,16,281969,76.53881650380022,16
0.2,3684,94,282063,76.54355495251018,9
0.2,3685,92,282155,76.54774823657081,9
0.2,3686,22,282177,76.53295362082994,10
0.2,3687,96,282273,76.53823210412148,6
0.2,3688,26,282299,76.5245323936026,6
0.2,3689,89,282388,76.52791327913279,12
0.2,3690,90,282478,76.53156326198862,11
0.2,3691,94,282572,76.53629469122427,8
0.2,3692,-122,282450,76.48253452477661,17
0.2,3693,24,282474,76.46832701678397,8
0.2,3694,92,282566,76.47253044654938,10
0.2,3695,91,282657,76.47646103896103,12
0.2,3696,93,282750,76.48093048417635,8
0.2,3697,23,282773,76.46646836127637,9
0.2,3698,95,282868,76.47147877804812,6
0.2,3699,92,282960,76.47567567567567,11
0.2,3700,92,283052,76.47987030532289,9
0.2,3701,85,283137,76.48217179902755,16
0.2,3702,96,283233,76.48744261409668,6
0.2,3703,92,283325,76.49163066954644,9
0.2,3704,92,283417,76.49581646423752,9
0.2,3705,94,283511,76.50053966540744,7
0.2,3706,93,283604,76.50499055840302,8
0.2,3707,23,283627,76.49056094929881,9
0.2,3708,23,283650,76.47613912105689,9
0.2,3709,92,283742,76.48032345013478,9
0.2,3710,94,283836,76.48504446240905,8
0.2,3711,20,283856,76.46982758620689,14
0.2,3712,91,283947,76.47374091031512,10
0.2,3713,24,283971,76.45961227786754,8
0.2,3714,96,284067,76.46487213997308,7
0.2,3715,92,284159,76.46905274488698,9
0.2,3716,93,284252,76.47350013451708,8
0.2,3717,90,284342,76.47713824636901,12
0.2,3718,88,284430,76.48023662274805,14
0.2,3719,93,284523,76.48467741935484,8
0.2,3720,23,284546,76.47030368180597,9
0.2,3721,94,284640,76.47501343363783,7
0.2,3722,23,284663,76.46065001343003,9
0.2,3723,92,284755,76.46482277121375,9
0.2,3724,93,284848,76.46926174496645,8
0.2,3725,95,284943,76.47423510466989,7
0.2,3726,94,285037,76.47893748323048,8
0.2,3727,95,285132,76.48390557939913,6
0.2,3728,90,285222,76.4875301689461,11
0.2,3729,88,285310,76.49061662198392,13
0.2,3730,20,285330,76.47547574376843,14
0.2,3731,85,285415,76.47775991425509,16
0.2,3732,95,285510,76.48272167157782,6
0.2,3733,18,285528,76.467059453669,14
0.2,3734,94,285622,76.47175368139223,7
0.2,3735,93,285715,76.47617773019272,8
0.2,3736,94,285809,76.48086700561949,7
0.2,3737,91,285900,76.48475120385233,10
0.2,3738,94,285994,76.48943567798877,7
0.2,3739,-50,285944,76.45561497326203,13
0.2,3740,93,286037,76.46003742314889,10
0.2,3741,93,286130,76.46445750935328,8
0.2,3742,88,286218,76.46753940689287,13
0.2,3743,89,286307,76.47088675213675,13
0.2,3744,92,286399,76.47503337783712,9
0.2,3745,93,286492,76.47944474105712,8
0.2,3746,94,286586,76.48412062983721,7
0.2,3747,94,286680,76.48879402347919,7
0.2,3748,95,286775,76.49373166177648,6
0.2,3749,20,286795,76.47866666666667,13
0.2,3750,94,286889,76.4833377765929,7
0.2,3751,26,286915,76.4698827292111,6
0.2,3752,93,287008,76.47428723687716,8
0.2,3753,95,287103,76.47922216302611,6
0.2,3754,93,287196,76.48362183754993,10
0.2,3755,24,287220,76.46964856230032,8
0.2,3756,94,287314,76.47431461272292,7
0.2,3757,92,287406,76.47844598190527,10
0.2,3758,-53,287353,76.4440010641128,17
0.2,3759,21,287374,76.42925531914894,11
0.2,3760,96,287470,76.43445892049986,6
0.2,3761,26,287496,76.42105263157895,7
0.2,3762,89,287585,76.42439542917884,12
0.2,3763,94,287679,76.42906482465462,7
0.2,3764,95,287774,76.4339973439575,6
0.2,3765,22,287796,76.41954328199681,10
0.2,3766,92,287888,76.42367932041412,10
0.2,3767,23,287911,76.40950106157112,9
0.2,3768,94,288005,76.41416821438047,8
0.2,3769,-47,287958,76.3814323607427,10
0.2,3770,21,287979,76.36674622116149,11
0.2,3771,93,288072,76.3711558854719,8
0.2,3772,92,288164,76.37529817121654,9
0.2,3773,90,288254,76.37890832008479,12
0.2,3774,91,288345,76.38278145695364,10
0.2,3775,21,288366,76.36811440677967,11
0.2,3776,90,288456,76.3717235901509,11
0.2,3777,23,288479,76.357596611964,10
0.2,3778,92,288571,76.36173590897063,9
0.2,3779,92,288663,76.36587301587302,9
0.2,3780,93,288756,76.3702724147051,9
0.2,3781,90,288846,76.37387625594923,11
0.2,3782,27,288873,76.36082474226804,6
0.2,3783,94,288967,76.36548625792811,8
0.2,3784,22,288989,76.35112285336857,11
0.2,3785,90,289079,76.35472794506074,11
0.2,3786,94,289173,76.35938737787167,7
0.2,3787,94,289267,76.36404435058078,8
0.2,3788,96,289363,76.36922670889416,6
0.2,3789,90,289453,76.37282321899737,12
0.2,3790,-46,289407,76.3405433922448,9
0.2,3791,96,289503,76.34572784810126,6
0.2,3792,91,289594,76.34959135249143,10
0.2,3793,93,289687,76.3539799683711,12
0.2,3794,95,289782,76.35889328063242,6
0.2,3795,94,289876,76.36354056902002,7
0.2,3796,92,289968,76.3676586779036,10
0.2,3797,-49,289919,76.33464981569247,12
0.2,3798,94,290013,76.33929981574099,7
0.2,3799,87,290100,76.34210526315789,14
0.2,3800,91,290191,76.3459615890555,10
0.2,3801,22,290213,76.33166754339821,12
0.2,3802,25,290238,76.31816986589534,8
0.2,3803,83,290321,76.31992639327024,18
0.2,3804,92,290413,76.32404730617608,9
0.2,3805,86,290499,76.32658959537572,15
0.2,3806,94,290593,76.33123194116102,7
0.2,3807,25,290618,76.31775210084034,8
0.2,3808,96,290714,76.32291940141769,6
0.2,3809,25,290739,76.30944881889764,8
0.2,3810,-56,290683,76.27473104172134,19
0.2,3811,21,290704,76.26023084994753,11
0.2,3812,95,290799,76.26514555468135,6
0.2,3813,95,290894,76.27005768222338,7
0.2,3814,93,290987,76.27444298820446,8
0.2,3815,-44,290943,76.24292452830188,8
0.2,3816,90,291033,76.24652868745088,11
0.2,3817,92,291125,76.25065479308539,9
0.2,3818,93,291218,76.25504058654099,8
0.2,3819,94,291312,76.25968586387434,7
0.2,3820,92,291404,76.2638052865742,9
0.2,3821,94,291498,76.26844583987442,7
0.2,3822,91,291589,76.27229924143343,10
0.2,3823,89,291678,76.27562761506276,12
0.2,3824,96,291774,76.28078431372549,6
0.2,3825,95,291869,76.28567694720334,6
0.2,3826,87,291956,76.28847661353541,16
0.2,3827,89,292045,76.29179728317659,12
0.2,3828,87,292132,76.29459388874379,14
0.2,3829,96,292228,76.29973890339426,6
0.2,3830,89,292317,76.30305403288959,12
0.2,3831,96,292413,76.30819415448852,6
0.2,3832,88,292501,76.31124445603966,13
0.2,3833,90,292591,76.31481481481481,11
0.2,3834,96,292687,76.3199478487614,6
0.2,3835,91,292778,76.3237747653806,10
0.2,3836,83,292861,76.32551472504561,18
0.2,3837,92,292953,76.32959874934862,12
0.2,3838,93,293046,76.33394113050274,8
0.2,3839,96,293142,76.3390625,6
0.2,3840,25,293167,76.32569643322051,8
0.2,3841,92,293259,76.32977615825091,9
0.2,3842,23,293282,76.31589903721051,9
0.2,3843,94,293376,76.32049947970863,7
0.2,3844,93,293469,76.32483745123537,9
0.2,3845,96,293565,76.32995319812792,6
0.2,3846,94,293659,76.33454639979205,7
0.2,3847,94,293753,76.33913721413721,7
0.2,3848,88,293841,76.34216679657054,13
0.2,3849,94,293935,76.34675324675325,8
0.2,3850,94,294029,76.35133731498313,7
0.2,3851,87,294116,76.35410176531671,14
0.2,3852,92,294208,76.35816247080197,10
0.2,3853,25,294233,76.34483653347172,8
0.2,3854,27,294260,76.33203631647211,6
0.2,3855,90,294350,76.33558091286307,12
0.2,3856,94,294444,76.34016074669432,7
0.2,3857,95,294539,76.34499740798341,6
0.2,3858,95,294634,76.34983156258097,6
0.2,3859,90,294724,76.35336787564766,11
0.2,3860,91,294815,76.35716135716136,10
0.2,3861,85,294900,76.35939927498706,16
0.2,3862,92,294992,76.36344809733367,9
0.2,3863,85,295077,76.36568322981367,16
0.2,3864,92,295169,76.36972833117723,9
0.2,3865,93,295262,76.37403000517331,8
0.2,3866,92,295354,76.37807085596069,9
0.2,3867,91,295445,76.38185108583247,10
0.2,3868,91,295536,76.38562936159214,12
0.2,3869,93,295629,76.38992248062016,8
0.2,3870,95,295724,76.3947300439163,6
0.2,3871,95,295819,76.39953512396694,8
0.2,3872,95,295914,76.40433772269559,6
0.2,3873,95,296009,76.40913784202375,6
0.2,3874,95,296104,76.41393548387097,7
0.2,3875,93,296197,76.41821465428276,8
0.2,3876,90,296287,76.42171782305907,11
0.2,3877,95,296382,76.426508509541,6
0.2,3878,96,296478,76.43155452436194,6
0.2,3879,94,296572,76.43608247422681,9
0.2,3880,26,296598,76.42308683329038,7
0.2,3881,94,296692,76.42761463163318,7
0.2,3882,89,296781,76.43085243368529,12
0.2,3883,94,296875,76.43537590113286,7
0.2,3884,95,296970,76.44015444015444,7
0.2,3885,92,297062,76.44415851775605,9
0.2,3886,91,297153,76.44790326730126,10
0.2,3887,23,297176,76.43415637860082,9
0.2,3888,95,297271,76.43893031627668,8
0.2,3889,93,297364,76.44318766066839,8
0.2,3890,93,297457,76.44744281675662,8
0.2,3891,95,297552,76.45220966084275,6
0.2,3892,94,297646,76.45671718469048,7
0.2,3893,24,297670,76.4432460195172,8
0.2,3894,-46,297624,76.41181001283697,10
0.2,3895,89,297713,76.4150410677618,12
0.2,3896,96,297809,76.42006671798819,7
0.2,3897,91,297900,76.42380708055413,10
0.2,3898,86,297986,76.426263144396,15
0.2,3899,90,298076,76.4297435897436,11
0.2,3900,93,298169,76.43399128428608,8
0.2,3901,88,298257,76.43695540748334,13
0.2,3902,92,298349,76.44094286446324,9
0.2,3903,96,298445,76.44595286885246,6
0.2,3904,92,298537,76.44993597951344,10
0.2,3905,86,298623,76.45238095238095,15
0.2,3906,88,298711,76.45533657537753,13
0.2,3907,94,298805,76.45982599795292,7
0.2,3908,95,298900,76.4645689434638,8
0.2,3909,90,298990,76.46803069053709,12
0.2,3910,-58,298932,76.43364868320123,22
0.2,3911,23,298955,76.41998977505112,9
0.2,3912,-49,298906,76.3879376437516,12
0.2,3913,92,298998,76.39192641798671,9
0.2,3914,96,299094,76.39693486590038,6
0.2,3915,93,299187,76.4011746680286,8
0.2,3916,95,299282,76.40592290017871,6
0.2,3917,92,299374,76.40990301174068,10
0.2,3918,92,299466,76.41388109211533,9
0.2,3919,93,299559,76.41811224489796,8
0.2,3920,91,299650,76.421831165519,10
0.2,3921,94,299744,76.42631310555839,7
0.2,3922,95,299839,76.43104766760132,7
0.2,3923,96,299935,76.43603465851172,7
0.2,3924,93,300028,76.44025477707007,9
0.2,3925,96,300124,76.44523688232297,6
0.2,3926,23,300147,76.43162719633308,9
0.2,3927,94,300241,76.436099796334,8
0.2,3928,95,300336,76.44082463731229,7
0.2,3929,13,300349,76.42468193384224,22
0.2,3930,92,300441,76.42864411091325,9
0.2,3931,93,300534,76.43285859613428,8
0.2,3932,22,300556,76.419018560895,10
0.2,3933,96,300652,76.42399593289274,6
0.2,3934,22,300674,76.41016518424397,14
0.2,3935,95,300769,76.41488821138212,6
0.2,3936,95,300864,76.41960883921767,6
0.2,3937,93,300957,76.42381919756221,8
0.2,3938,93,301050,76.42802741812643,9
0.2,3939,94,301144,76.43248730964467,7
0.2,3940,90,301234,76.43592996701345,13
0.2,3941,89,301323,76.43911719939118,12
0.2,3942,93,301416,76.44331727111337,8
0.2,3943,90,301506,76.44675456389453,11
0.2,3944,92,301598,76.45069708491762,9
0.2,3945,96,301694,76.45565129244805,6
0.2,3946,93,301787,76.45984291867241,8
0.2,3947,25,301812,76.44680851063829,7
0.2,3948,16,301828,76.43150164598633,17
0.2,3949,93,301921,76.43569620253164,8
0.2,3950,27,301948,76.4231840040496,6
0.2,3951,95,302043,76.42788461538461,6
0.2,3952,94,302137,76.43232987604351,7
0.2,3953,95,302232,76.43702579666162,7
0.2,3954,94,302326,76.44146649810367,7
0.2,3955,94,302420,76.4459049544995,7
0.2,3956,94,302514,76.45034116755117,8
0.2,3957,94,302608,76.45477513895906,7
0.2,3958,94,302702,76.45920687042182,7
0.2,3959,94,302796,76.46363636363637,9
0.2,3960,94,302890,76.46806362029791,7
0.2,3961,91,302981,76.47173144876325,11
0.2,3962,95,303076,76.47640676255362,6
0.2,3963,89,303165,76.47956609485368,12
0.2,3964,94,303259,76.48398486759143,7
0.2,3965,95,303354,76.48865355521936,6
0.2,3966,92,303446,76.49256365011344,9
0.2,3967,90,303536,76.49596774193549,11
0.2,3968,83,303619,76.4976064499874,18
0.2,3969,86,303705,76.5,15
0.2,3970,88,303793,76.50289599597079,13
0.2,3971,95,303888,76.50755287009063,6
0.2,3972,94,303982,76.51195570098163,7
0.2,3973,92,304074,76.51585304479114,9
0.2,3974,90,304164,76.51924528301886,11
0.2,3975,94,304258,76.52364185110665,8
0.2,3976,22,304280,76.50993210963037,10
0.2,3977,92,304372,76.51382604323781,9
0.2,3978,23,304395,76.50037697914048,9
0.2,3979,91,304486,76.50402010050252,11
0.2,3980,93,304579,76.50816377794524,12
0.2,3981,92,304671,76.51205424409844,9
0.2,3982,92,304763,76.51594275671604,9
0.2,3983,13,304776,76.5,20
0.2,3984,94,304870,76.50439146800502,8
0.2,3985,95,304965,76.50903161063724,6
0.2,3986,24,304989,76.49586155003762,8
0.2,3987,93,305082,76.5,10
0.2,3988,90,305172,76.50338430684383,11
0.2,3989,92,305264,76.50726817042606,9
0.2,3990,12,305276,76.491104986219,21
0.2,3991,90,305366,76.49448897795591,11
0.2,3992,94,305460,76.49887302779865,8
0.2,3993,93,305553,76.50300450676013,8
0.2,3994,93,305646,76.50713391739674,8
0.2,3995,95,305741,76.51176176176176,8
0.2,3996,94,305835,76.51613710282712,7
0.2,3997,27,305862,76.50375187593797,6
0.2,3998,20,305882,76.4896224056014,12
0.2,3999,22,305904,76.476,10
0.2,4000,13,305917,76.46013496625844,19
0.2,4001,21,305938,76.44627686156922,14
0.2,4002,95,306033,76.4509118161379,7
0.2,4003,94,306127,76.4552947052947,8
0.2,4004,94,306221,76.45967540574283,7
0.2,4005,92,306313,76.463554667998,9
0.2,4006,94,306407,76.46793112053906,8
0.2,4007,90,306497,76.47130738522954,11
0.2,4008,19,306516,76.4569718134198,13
0.2,4009,94,306610,76.46134663341645,7
0.2,4010,25,306635,76.44851657940663,8
0.2,4011,92,306727,76.4523928215354,9
0.2,4012,91,306818,76.45601794168951,10
0.2,4013,93,306911,76.46013951170902,9
0.2,4014,93,307004,76.46425902864259,8
0.2,4015,91,307095,76.46787848605578,10
0.2,4016,90,307185,76.47124719940254,12
0.2,4017,90,307275,76.47461423593828,11
0.2,4018,94,307369,76.47897486937049,7
0.2,4019,94,307463,76.48333333333333,7
0.2,4020,92,307555,76.48719224073614,9
0.2,4021,18,307573,76.47265042267529,14
0.2,4022,91,307664,76.47626149639572,10
0.2,4023,95,307759,76.4808648111332,6
0.2,4024,95,307854,76.48546583850931,6
0.2,4025,23,307877,76.47218082463984,11
0.2,4026,95,307972,76.47678172336727,7
0.2,4027,96,308068,76.4816285998014,6
0.2,4028,91,308159,76.48523206751055,10
0.2,4029,94,308253,76.48957816377171,7
0.2,4030,94,308347,76.49392210369635,9
0.2,4031,94,308441,76.49826388888889,8
0.2,4032,94,308535,76.50260352095215,7
0.2,4033,21,308556,76.48884481903818,11
0.2,4034,91,308647,76.49244114002478,10
0.2,4035,91,308738,76.49603567889,11
0.2,4036,88,308826,76.49888531087441,14
0.2,4037,91,308917,76.50247647350173,10
0.2,4038,93,309010,76.50656102995791,8
0.2,4039,94,309104,76.51089108910891,8
0.2,4040,25,309129,76.4981440237565,8
0.2,4041,14,309143,76.48268184067294,20
0.2,4042,94,309237,76.48701459312392,7
0.2,4043,92,309329,76.4908506429278,9
0.2,4044,91,309420,76.49443757725587,11
0.2,4045,92,309512,76.49826989619378,9
0.2,4046,94,309606,76.50259451445515,7
0.2,4047,81,309687,76.50370553359684,20
0.2,4048,27,309714,76.4914793776241,6
0.2,4049,94,309808,76.4958024691358,7
0.2,4050,94,309902,76.50012342631449,7
0.2,4051,96,309998,76.50493583415597,6
0.2,4052,93,310091,76.50900567480879,8
0.2,4053,81,310172,76.51011346817958,20
0.2,4054,90,310262,76.5134401972873,14
0.2,4055,92,310354,76.51725838264299,9
0.2,4056,92,310446,76.52107468572837,9
0.2,4057,94,310540,76.52538196155741,7
0.2,4058,94,310634,76.52968711505297,7
0.2,4059,18,310652,76.51527093596059,15
0.2,4060,22,310674,76.50184683575473,10
0.2,4061,90,310764,76.50516986706056,11
0.2,4062,93,310857,76.50922963327591,9
0.2,4063,24,310881,76.4963090551181,8
0.2,4064,96,310977,76.5011070110701,6
0.2,4065,91,311068,76.50467289719626,11
0.2,4066,93,311161,76.50872879272191,10
0.2,4067,90,311251,76.51204523107178,11
0.2,4068,94,311345,76.51634308183829,7
0.2,4069,95,311440,76.52088452088452,6
0.2,4070,21,311461,76.5072463768116,11
0.2,4071,91,311552,76.51080550098231,10
0.2,4072,79,311631,76.51141664620673,22
0.2,4073,92,311723,76.51521845851742,9
0.2,4074,95,311818,76.51975460122699,6
0.2,4075,93,311911,76.52379784102061,8
0.2,4076,23,311934,76.51066961000735,9
0.2,4077,94,312028,76.51495831289849,8
0.2,4078,92,312120,76.51875459671488,9
0.2,4079,94,312214,76.52303921568627,9
0.2,4080,92,312306,76.52683165890713,9
0.2,4081,91,312397,76.53037726604606,10
0.2,4082,94,312491,76.53465589027675,7
0.2,4083,25,312516,76.52203721841332,8
0.2,4084,94,312610,76.52631578947368,8
0.2,4085,92,312702,76.53010279001468,9
0.2,4086,94,312796,76.53437729385858,7
0.2,4087,-46,312750,76.50440313111547,10
0.2,4088,94,312844,76.50868182929811,8
0.2,4089,95,312939,76.51320293398533,6
0.2,4090,95,313034,76.51772182840381,6
0.2,4091,92,313126,76.52150537634408,9
0.2,4092,95,313221,76.52602003420473,7
0.2,4093,95,313316,76.5305324865657,6
0.2,4094,94,313410,76.53479853479854,8
0.2,4095,95,313505,76.539306640625,7
0.2,4096,88,313593,76.54210397852087,13
0.2,4097,95,313688,76.54660810151293,6
0.2,4098,95,313783,76.55111002683581,6
0.2,4099,90,313873,76.55439024390243,11
0.2,4100,92,313965,76.55815654718361,9
0.2,4101,94,314059,76.56240858117991,7
0.2,4102,93,314152,76.56641481842554,8
0.2,4103,23,314175,76.55336257309942,14
0.2,4104,95,314270,76.55785627283801,7
0.2,4105,89,314359,76.56088650754992,13
0.2,4106,93,314452,76.56488921353787,8
0.2,4107,94,314546,76.56913339824732,7
0.2,4108,93,314639,76.57313214894135,8
0.2,4109,92,314731,76.57688564476885,9
0.2,4110,94,314825,76.58112381415714,7
0.2,4111,86,314911,76.58341439688716,15
0.2,4112,18,314929,76.56917092146851,14
0.2,4113,95,315024,76.5736509479825,6
0.2,4114,93,315117,76.57764277035237,8
0.2,4115,95,315212,76.5821185617104,8
0.2,4116,86,315298,76.58440612096186,15
0.2,4117,90,315388,76.58766391452161,11
0.2,4118,93,315481,76.59164845836368,8
0.2,4119,93,315574,76.59563106796116,8
0.2,4120,93,315667,76.59961174472215,8
0.2,4121,86,315753,76.6018922852984,15
0.2,4122,96,315849,76.60659713800631,6
0.2,4123,91,315940,76.61008729388942,11
0.2,4124,94,316034,76.61430303030303,8
0.2,4125,94,316128,76.61851672321862,8
0.2,4126,94,316222,76.62272837412164,7
0.2,4127,94,316316,76.62693798449612,7
0.2,4128,92,316408,76.63066117704045,9
0.2,4129,95,316503,76.63510895883778,6
0.2,4130,96,316599,76.6397966594045,6
0.2,4131,96,316695,76.6444820909971,6
0.2,4132,90,316785,76.6477135252843,11
0.2,4133,94,316879,76.65191098209966,7
0.2,4134,94,316973,76.65610640870617,7
0.2,4135,94,317067,76.6602998065764,7
0.2,4136,25,317092,76.64781242446217,10
0.2,4137,94,317186,76.65200579990334,8
0.2,4138,83,317269,76.65353950229525,18
0.2,4139,96,317365,76.65821256038647,6
0.2,4140,86,317451,76.66046848587298,15
0.2,4141,85,317536,76.6624818928054,16
0.2,4142,93,317629,76.66642529567946,8
0.2,4143,22,317651,76.65323359073359,11
0.2,4144,89,317740,76.6562123039807,12
0.2,4145,94,317834,76.66039556198746,8
0.2,4146,94,317928,76.66457680250784,7
0.2,4147,94,318022,76.66875602700097,7
0.2,4148,92,318114,76.67245119305856,9
0.2,4149,94,318208,76.67662650602409,7
0.2,4150,-47,318161,76.64683208865334,12
0.2,4151,89,318250,76.64980732177264,12
0.2,4152,91,318341,76.65326270166145,11
0.2,4153,19,318360,76.63938372652865,14
0.2,4154,89,318449,76.64235860409146,13
0.2,4155,91,318540,76.64581328200192,12
0.2,4156,92,318632,76.6495068559057,9
0.2,4157,89,318721,76.65247715247715,13
0.2,4158,93,318814,76.65640779033421,11
0.2,4159,95,318909,76.66081730769231,6
0.2,4160,90,318999,76.66402307137707,11
0.2,4161,23,319022,76.65112926477654,9
0.2,4162,89,319111,76.65409560413164,13
0.2,4163,-48,319063,76.62415946205572,11
0.2,4164,96,319159,76.62881152460984,6
0.2,4165,91,319250,76.63226116178589,10
0.2,4166,92,319342,76.63594912407008,10
0.2,4167,96,319438,76.64059500959694,6
0.2,4168,90,319528,76.64379947229551,11
0.2,4169,94,319622,76.64796163069545,7
0.2,4170,15,319637,76.6331814912491,18
0.2,4171,93,319730,76.63710450623202,8
0.2,4172,-50,319680,76.60675772825306,14
0.2,4173,92,319772,76.61044561571634,10
0.2,4174,93,319865,76.61437125748503,8
0.2,4175,94,319959,76.61853448275862,7
0.2,4176,93,320052,76.62245630835528,8
0.2,4177,94,320146,76.6266156055529,7
0.2,4178,95,320241,76.63101220387652,6
0.2,4179,94,320335,76.63516746411483,7
0.2,4180,23,320358,76.62233915331261,9
0.2,4181,93,320451,76.62625538020086,8
0.2,4182,96,320547,76.63088692326082,6
0.2,4183,94,320641,76.63503824091778,7
0.2,4184,23,320664,76.62222222222222,10
0.2,4185,88,320752,76.62494027711419,13
0.2,4186,88,320840,76.62765703367566,13
0.2,4187,-47,320793,76.59813753581662,13
0.2,4188,94,320887,76.60229171640009,7
0.2,4189,91,320978,76.60572792362768,10
0.2,4190,94,321072,76.6098783106657,7
0.2,4191,95,321167,76.61426526717557,6
0.2,4192,96,321263,76.61888862389696,6
0.2,4193,90,321353,76.62207916070577,12
0.2,4194,93,321446,76.62598331346841,8
0.2,4195,95,321541,76.63036224976167,6
0.2,4196,24,321565,76.61782225399095,8
0.2,4197,92,321657,76.62148642210576,10
0.2,4198,-48,321609,76.59180757323172,12
0.2,4199,23,321632,76.57904761904761,10
0.2,4200,92,321724,76.58271840038086,9
0.2,4201,92,321816,76.58638743455498,10
0.2,4202,91,321907,76.58981679752557,13
0.2,4203,81,321988,76.59086584205518,20
0.2,4204,84,322072,76.59262782401902,17
0.2,4205,90,322162,76.59581550166429,11
0.2,4206,-44,322118,76.56714998811505,8
0.2,4207,23,322141,76.55442015209125,10
0.2,4208,94,322235,76.55856497980518,7
0.2,4209,91,322326,76.56199524940618,11
0.2,4210,96,322422,76.56661125623367,6
0.2,4211,93,322515,76.57051282051282,8
0.2,4212,94,322609,76.57464989318775,7
0.2,4213,91,322700,76.578073089701,10
0.2,4214,96,322796,76.5826809015421,6
0.2,4215,91,322887,76.58610056925997,11
0.2,4216,96,322983,76.59070429215082,6
0.2,4217,91,323074,76.5941204362257,10
0.2,4218,93,323167,76.59800900687367,9
0.2,4219,91,323258,76.60142180094786,12
0.2,4220,27,323285,76.58967069414831,6
0.2,4221,94,323379,76.59379441023212,7
0.2,4222,93,323472,76.597679374852,8
0.2,4223,94,323566,76.60179924242425,7
0.2,4224,94,323660,76.60591715976331,7
0.2,4225,92,323752,76.60955986748698,10
0.2,4226,-119,323633,76.56328365270878,13
0.2,4227,92,323725,76.56693472090824,9
0.2,4228,94,323819,76.57105698746749,7
0.2,4229,94,323913,76.57517730496454,7
0.2,4230,96,324009,76.57976837627038,6
0.2,4231,91,324100,76.58317580340265,10
0.2,4232,92,324192,76.58681785967399,9
0.2,4233,93,324285,76.59069437883798,8
0.2,4234,93,324378,76.59456906729633,8
0.2,4235,17,324395,76.58050047214353,15
0.2,4236,93,324488,76.58437573755015,9
0.2,4237,94,324582,76.5884851344974,7
0.2,4238,93,324675,76.59235668789809,8
0.2,4239,82,324757,76.5936320754717,19
0.2,4240,92,324849,76.59726479603867,10
0.2,4241,94,324943,76.6013672795851,8
0.2,4242,95,325038,76.60570351166628,6
0.2,4243,92,325130,76.60933081998115,9
0.2,4244,92,325222,76.61295641931684,9
0.2,4245,92,325314,76.61658031088083,9
0.2,4246,91,325405,76.61996703555451,12
0.2,4247,93,325498,76.6238229755179,9
0.2,4248,96,325594,76.62838314897623,6
0.2,4249,92,325686,76.632,9
0.2,4250,91,325777,76.63537991060927,10
0.2,4251,94,325871,76.63946378174977,7
0.2,4252,94,325965,76.64354573242417,8
0.2,4253,95,326060,76.64786083685942,6
0.2,4254,95,326155,76.65217391304348,6
0.2,4255,89,326244,76.65507518796993,12
0.2,4256,94,326338,76.65914963589383,7
0.2,4257,93,326431,76.66298731798966,8
0.2,4258,94,326525,76.66705799483447,7
0.2,4259,94,326619,76.67112676056338,7
0.2,4260,92,326711,76.67472424313542,9
0.2,4261,95,326806,76.67902393242609,6
0.2,4262,92,326898,76.6826178747361,9
0.2,4263,95,326993,76.68691369606003,7
0.2,4264,92,327085,76.6905041031653,9
0.2,4265,95,327180,76.69479606188467,7
0.2,4266,94,327274,76.69885165221467,8
0.2,4267,95,327369,76.70313964386129,6
0.2,4268,94,327463,76.70719137971422,7
0.2,4269,94,327557,76.7112412177986,8
0.2,4270,92,327649,76.71482088503863,9
0.2,4271,95,327744,76.71910112359551,6
0.2,4272,88,327832,76.72174116545753,13
0.2,4273,93,327925,76.725549836219,8
0.2,4274,90,328015,76.72865497076023,11
0.2,4275,96,328111,76.73316183348925,6
0.2,4276,91,328202,76.73649754500818,10
0.2,4277,95,328297,76.74076671341749,7
0.2,4278,94,328391,76.74480018695957,7
0.2,4279,90,328481,76.74789719626168,11
0.2,4280,93,328574,76.75169352954917,8
0.2,4281,94,328668,76.75572162540868,7
0.2,4282,90,328758,76.7588139154798,11
0.2,4283,94,328852,76.76283846872082,7
0.2,4284,90,328942,76.7659276546091,11
0.2,4285,89,329031,76.76878208119459,12
0.2,4286,86,329117,76.77093538605085,15
0.2,4287,91,329208,76.77425373134328,10
0.2,4288,94,329302,76.77826999300537,8
0.2,4289,83,329385,76.77972027972028,18
0.2,4290,91,329476,76.78303425774878,10
0.2,4291,93,329569,76.78681267474371,8
0.2,4292,92,329661,76.79035639412997,9
0.2,4293,93,329754,76.79413134606428,9
0.2,4294,94,329848,76.79813736903375,7
0.2,4295,18,329866,76.78445065176909,14
0.2,4296,95,329961,76.78868978356994,7
0.2,4297,93,330054,76.79246161005119,9
0.2,4298,94,330148,76.79646429402186,7
0.2,4299,90,330238,76.79953488372092,12
0.2,4300,95,330333,76.8037665659149,6
0.2,4301,85,330418,76.80567178056718,16
0.2,4302,94,330512,76.809667673716,7
0.2,4303,23,330535,76.7971654275093,12
0.2,4304,89,330624,76.8,13
0.2,4305,90,330714,76.80306549001394,11
0.2,4306,92,330806,76.80659391687949,10
0.2,4307,92,330898,76.81012070566388,10
0.2,4308,93,330991,76.81387792991413,9
0.2,4309,94,331085,76.81786542923435,8
0.2,4310,94,331179,76.82185107863604,7
0.2,4311,96,331275,76.8262987012987,6
0.2,4312,92,331367,76.82981683283097,12
0.2,4313,87,331454,76.83217431617987,14
0.2,4314,85,331539,76.83406720741598,16
0.2,4315,94,331633,76.83804448563485,7
0.2,4316,95,331728,76.84225156358582,7
0.2,4317,92,331820,76.84576192681797,10
0.2,4318,91,331911,76.8490391294281,10
0.2,4319,96,332007,76.85347222222222,6
0.2,4320,91,332098,76.85674612358251,11
0.2,4321,26,332124,76.84497917630726,7
0.2,4322,92,332216,76.84848484848484,9
0.2,4323,91,332307,76.85175763182238,10
0.2,4324,90,332397,76.85479768786128,11
0.2,4325,93,332490,76.85852981969487,9
0.2,4326,94,332584,76.8624913334874,7
0.2,4327,-46,332538,76.83410351201479,10
0.2,4328,94,332632,76.83806883806884,7
0.2,4329,27,332659,76.82655889145497,6
0.2,4330,94,332753,76.83052412837682,7
0.2,4331,25,332778,76.81855955678671,8
0.2,4332,96,332874,76.82298638356797,6
0.2,4333,93,332967,76.82671896631288,8
0.2,4334,96,333063,76.8311418685121,6
0.2,4335,83,333146,76.83256457564576,20
0.2,4336,94,333240,76.8365229421259,8
0.2,4337,94,333334,76.840479483633,7
0.2,4338,90,333424,76.84351233002997,11
0.2,4339,22,333446,76.83087557603686,11
0.2,4340,90,333536,76.83390923750288,11
0.2,4341,96,333632,76.83832335329342,6
0.2,4342,88,333720,76.84089339166475,13
0.2,4343,94,333814,76.84484346224677,7
0.2,4344,21,333835,76.83199079401611,11
0.2,4345,94,333929,76.83594109526001,7
0.2,4346,94,334023,76.83988957902001,7
0.2,4347,95,334118,76.8440662373505,6
0.2,4348,91,334209,76.84732122326972,12
0.2,4349,93,334302,76.85103448275862,8
0.2,4350,12,334314,76.83612962537347,20
0.2,4351,92,334406,76.83961397058823,9
0.2,4352,94,334500,76.84355616815989,7
0.2,4353,86,334586,76.84565916398714,15
0.2,4354,96,334682,76.85005740528129,6
0.2,4355,27,334709,76.83861340679522,7
0.2,4356,94,334803,76.84255221482671,7
0.2,4357,92,334895,76.84603028912345,9
0.2,4358,94,334989,76.84996558843771,7
0.2,4359,93,335082,76.85366972477064,8
0.2,4360,95,335177,76.85783077275855,6
0.2,4361,89,335266,76.86061439706556,12
0.2,4362,93,335359,76.86431354572542,10
0.2,4363,94,335453,76.86824014665444,8
0.2,4364,95,335548,76.87239404352806,7
0.2,4365,92,335640,76.87585890975721,9
0.2,4366,94,335734,76.87978016945272,8
0.2,4367,95,335829,76.88392857142857,6
0.2,4368,95,335924,76.88807507438773,6
0.2,4369,96,336020,76.89244851258582,6
0.2,4370,92,336112,76.89590482727064,9
0.2,4371,93,336205,76.89958828911253,8
0.2,4372,95,336300,76.90372741824834,7
0.2,4373,92,336392,76.90717878372199,9
0.2,4374,92,336484,76.91062857142857,9
0.2,4375,92,336576,76.91407678244973,9
0.2,4376,89,336665,76.91683801690655,12
0.2,4377,91,336756,76.9200548195523,10
0.2,4378,16,336772,76.90614295501256,16
0.2,4379,95,336867,76.91027397260274,6
0.2,4380,21,336888,76.8975119835654,11
0.2,4381,93,336981,76.90118667275217,8
0.2,4382,93,337074,76.90485968514716,8
0.2,4383,94,337168,76.9087591240876,7
0.2,4384,17,337185,76.89509692132269,16
0.2,4385,94,337279,76.89899680802553,7
0.2,4386,96,337375,76.90335080920903,6
0.2,4387,19,337394,76.8901549680948,13
0.2,4388,90,337484,76.89314194577352,11
0.2,4389,96,337580,76.89749430523918,6
0.2,4390,95,337675,76.90161694374858,6
0.2,4391,93,337768,76.90528233151184,8
0.2,4392,94,337862,76.9091736854086,8
0.2,4393,92,337954,76.91260810195722,9
0.2,4394,95,338049,76.91672354948805,7
0.2,4395,94,338143,76.92060964513193,7
0.2,4396,96,338239,76.92494882874688,6
0.2,4397,94,338333,76.92883128694861,8
0.2,4398,95,338428,76.93293930438736,6
0.2,4399,25,338453,76.92113636363636,9
0.2,4400,96,338549,76.9254714837537,6
0.2,4401,92,338641,76.92889595638346,10
0.2,4402,23,338664,76.91664774017715,10
0.2,4403,95,338759,76.92075386012716,7
0.2,4404,92,338851,76.92417707150965,9
0.2,4405,94,338945,76.92805265546981,7
0.2,4406,87,339032,76.9303380984797,14
0.2,4407,93,339125,76.9339836660617,8
0.2,4408,92,339217,76.93740077114992,9
0.2,4409,94,339311,76.94126984126984,7
0.2,4410,92,339403,76.9446837451825,9
0.2,4411,23,339426,76.9324569356301,11
0.2,4412,91,339517,76.93564468615455,10
0.2,4413,96,339613,76.93996375169914,6
0.2,4414,93,339706,76.9436013590034,8
0.2,4415,15,339721,76.92957427536231,17
0.2,4416,92,339813,76.93298618972153,9
0.2,4417,92,339905,76.9363965595292,9
0.2,4418,93,339998,76.94003168137587,9
0.2,4419,18,340016,76.92669683257918,14
0.2,4420,96,340112,76.93101108346528,6
0.2,4421,90,340202,76.93396653098145,11
0.2,4422,95,340297,76.9380510965408,6
0.2,4423,94,340391,76.94190777576854,7
0.2,4424,92,340483,76.94531073446328,9
0.2,4425,94,340577,76.94916403072752,7
0.2,4426,88,340665,76.9516602665462,14
0.2,4427,-55,340610,76.92186088527552,21
0.2,4428,91,340701,76.92503951230526,10
0.2,4429,96,340797,76.9293453724605,6
0.2,4430,96,340893,76.93364928909952,6
0.2,4431,96,340989,76.93795126353791,6
0.2,4432,93,341082,76.94157455447778,10
0.2,4433,95,341177,76.94564727108705,6
0.2,4434,-48,341129,76.9174746335964,11
0.2,4435,94,341223,76.92132551848512,7
0.2,4436,93,341316,76.92494929006085,8
0.2,4437,96,341412,76.92924740874268,6
0.2,4438,94,341506,76.93309303897274,8
0.2,4439,94,341600,76.93693693693693,7
0.2,4440,90,341690,76.93987840576446,11
0.2,4441,93,341783,76.94349392165691,8
0.2,4442,92,341875,76.94688273688949,9
0.2,4443,92,341967,76.9502700270027,9
0.2,4444,92,342059,76.95365579302587,9
0.2,4445,-47,342012,76.92577597840756,10
0.2,4446,25,342037,76.91409939284911,8
0.2,4447,25,342062,76.90242805755396,8
0.2,4448,94,342156,76.90627107215104,7
0.2,4449,84,342240,76.90786516853933,17
0.2,4450,91,342331,76.91103122893732,10
0.2,4451,95,342426,76.91509433962264,6
0.2,4452,93,342519,76.91870649000674,8
0.2,4453,95,342614,76.92276605298608,6
0.2,4454,93,342707,76.92637485970819,8
0.2,4455,25,342732,76.91472172351885,8
0.2,4456,90,342822,76.91765761723133,11
0.2,4457,-45,342777,76.89030955585464,10
0.2,4458,92,342869,76.8936981385961,9
0.2,4459,89,342958,76.89641255605382,12
0.2,4460,95,343053,76.9004707464694,7
0.2,4461,93,343146,76.90407888839086,8
0.2,4462,91,343237,76.9072372843379,10
0.2,4463,95,343332,76.91129032258064,7
0.2,4464,-49,343283,76.88309070548712,12
0.2,4465,23,343306,76.87102552619794,10
0.2,4466,95,343401,76.87508394895903,6
0.2,4467,90,343491,76.87802148612354,11
0.2,4468,90,343581,76.88095770865965,11
0.2,4469,96,343677,76.88523489932886,6
0.2,4470,94,343771,76.88906284947439,7
0.2,4471,95,343866,76.89311270125224,6
0.2,4472,92,343958,76.89649005141963,9
0.2,4473,94,344052,76.90031291908807,8
0.2,4474,95,344147,76.90435754189944,6
0.2,4475,95,344242,76.90840035746201,6
0.2,4476,83,344325,76.90976100067009,22
0.2,4477,89,344414,76.91246092005359,12
0.2,4478,94,344508,76.91627595445412,7
0.2,4479,95,344603,76.9203125,6
0.2,4480,96,344699,76.92457040839098,6
0.2,4481,92,344791,76.92793395805444,9
0.2,4482,91,344882,76.9310729422262,10
0.2,4483,90,344972,76.93398751115076,11
0.2,4484,90,345062,76.93690078037905,11
0.2,4485,9,345071,76.92175657601426,23
0.2,4486,90,345161,76.92467127256519,11
0.2,4487,89,345250,76.92736185383244,12
0.2,4488,95,345345,76.93138783693473,6
0.2,4489,-49,345296,76.90334075723831,12
0.2,4490,96,345392,76.90759296370518,6
0.2,4491,93,345485,76.91117542297418,8
0.2,4492,94,345579,76.91497885599821,8
0.2,4493,92,345671,76.91833555852247,9
0.2,4494,92,345763,76.92169076751946,9
0.2,4495,96,345859,76.92593416370107,6
0.2,4496,95,345954,76.92995330220147,7
0.2,4497,94,346048,76.93374833259226,7
0.2,4498,94,346142,76.93754167592799,7
0.2,4499,93,346235,76.94111111111111,9
0.2,4500,91,346326,76.9442346145301,10
0.2,4501,96,346422,76.94846734784541,6
0.2,4502,92,346514,76.95180990450811,9
0.2,4503,92,346606,76.95515097690941,9
0.2,4504,94,346700,76.9589345172031,9
0.2,4505,94,346794,76.96271637816245,7
0.2,4506,94,346888,76.96649656090526,7
0.2,4507,92,346980,76.9698314108252,9
0.2,4508,94,347074,76.9736083388778,7
0.2,4509,92,347166,76.9769401330377,9
0.2,4510,93,347259,76.98049213034804,8
0.2,4511,21,347280,76.96808510638297,11
0.2,4512,88,347368,76.97052958120983,13
0.2,4513,95,347463,76.9745237040319,7
0.2,4514,95,347558,76.97851605758582,6
0.2,4515,94,347652,76.98228520814881,7
0.2,4516,94,347746,76.98605268983839,7
0.2,4517,93,347839,76.989597166888,8
0.2,4518,11,347850,76.97499446780262,24
0.2,4519,93,347943,76.97853982300884,8
0.2,4520,95,348038,76.98252598982526,6
0.2,4521,93,348131,76.98606811145511,8
0.2,4522,94,348225,76.98982975900951,7
0.2,4523,95,348320,76.99381078691424,6
0.2,4524,92,348412,76.9971270718232,11
0.2,4525,95,348507,77.00110472823685,6
0.2,4526,94,348601,77.00485973050586,7
0.2,4527,94,348695,77.00861307420494,7
0.2,4528,96,348791,77.01280635901965,6
0.2,4529,94,348885,77.01655629139073,11
0.2,4530,91,348976,77.01964246303244,10
0.2,4531,22,348998,77.00750220653133,10
0.2,4532,95,349093,77.01147143172292,8
0.2,4533,92,349185,77.01477723864137,9
0.2,4534,85,349270,77.01653803748621,16
0.2,4535,96,349366,77.02072310405644,6
0.2,4536,93,349459,77.02424509587833,8
0.2,4537,89,349548,77.02688408990745,12
0.2,4538,96,349644,77.03106411103768,6
0.2,4539,95,349739,77.03502202643172,8
0.2,4540,95,349834,77.03897819863467,9
0.2,4541,95,349929,77.04293262879789,7
0.2,4542,91,350020,77.046004842615,11
0.2,4543,95,350115,77.04995598591549,8
0.2,4544,92,350207,77.05324532453245,9
0.2,4545,92,350299,77.05653321601407,9
0.2,4546,93,350392,77.06003958654058,8
0.2,4547,88,350480,77.06244503078277,13
0.2,4548,94,350574,77.06616838865685,7
0.2,4549,93,350667,77.06967032967033,8
0.2,4550,91,350758,77.07273126785321,10
0.2,4551,92,350850,77.07601054481546,9
0.2,4552,92,350942,77.07928838128706,9
0.2,4553,92,351034,77.08256477821695,9
0.2,4554,94,351128,77.08627881448957,7
0.2,4555,90,351218,77.0891132572432,12
0.2,4556,92,351310,77.09238534123327,9
0.2,4557,-51,351259,77.06428258007898,14
0.2,4558,90,351349,77.0671199824523,11
0.2,4559,88,351437,77.06951754385965,13
0.2,4560,95,351532,77.0734488050866,6
0.2,4561,94,351626,77.07715914072774,7
0.2,4562,89,351715,77.07977207977208,12
0.2,4563,95,351810,77.08369851007888,6
0.2,4564,91,351901,77.08674698795181,10
0.2,4565,95,351996,77.09067017082786,7
0.2,4566,90,352086,77.09349682504927,11
0.2,4567,96,352182,77.09763572679509,6
0.2,4568,87,352269,77.09980302035456,15
0.2,4569,21,352290,77.0875273522976,11
0.2,4570,91,352381,77.0905709910304,10
0.2,4571,94,352475,77.09426946631672,7
0.2,4572,94,352569,77.0979663240761,7
0.2,4573,96,352665,77.10209881941408,6
0.2,4574,94,352759,77.10579234972677,7
0.2,4575,95,352854,77.1097027972028,6
0.2,4576,89,352943,77.1123006336028,12
0.2,4577,86,353029,77.11424202708606,15
0.2,4578,96,353125,77.11836645555798,7
0.2,4579,22,353147,77.10633187772926,10
0.2,4580,94,353241,77.11001964636542,7
0.2,4581,91,353332,77.113051069402,10
0.2,4582,94,353426,77.11673576260091,8
0.2,4583,94,353520,77.12041884816755,7
0.2,4584,94,353614,77.12410032715377,7
0.2,4585,92,353706,77.12734409071086,9
0.2,4586,94,353800,77.13102245476347,8
0.2,4587,94,353894,77.13469921534438,7
0.2,4588,91,353985,77.13772063630421,11
0.2,4589,95,354080,77.14161220043573,6
0.2,4590,94,354174,77.145284251797,7
0.2,4591,85,354259,77.14699477351917,17
0.2,4592,89,354348,77.14957544088831,12
0.2,4593,90,354438,77.15237265999129,11
0.2,4594,93,354531,77.15582154515778,8
0.2,4595,95,354626,77.15970409051349,6
0.2,4596,23,354649,77.14792255819012,10
0.2,4597,19,354668,77.13527620704654,13
0.2,4598,93,354761,77.13872580995869,8
0.2,4599,91,354852,77.14173913043479,11
0.2,4600,94,354946,77.14540317322322,7
0.2,4601,95,355041,77.14928292046936,6
0.2,4602,89,355130,77.1518574842494,13
0.2,4603,93,355223,77.15529973935708,8
0.2,4604,92,355315,77.1585233441911,9
0.2,4605,94,355409,77.16217976552323,7
0.2,4606,94,355503,77.16583459952247,7
0.2,4607,90,355593,77.16861979166667,11
0.2,4608,92,355685,77.17183770883055,10
0.2,4609,92,355777,77.17505422993493,9
0.2,4610,92,355869,77.17826935588809,9
0.2,4611,93,355962,77.18169991326972,9
0.2,4612,91,356053,77.18469542597009,10
0.2,4613,96,356149,77.18877329865626,6
0.2,4614,96,356245,77.19284940411701,6
0.2,4615,84,356329,77.19432409012131,17
0.2,4616,24,356353,77.18280268572666,10
0.2,4617,85,356438,77.18449545257687,17
0.2,4618,95,356533,77.18835245724183,7
0.2,4619,95,356628,77.1922077922078,6
0.2,4620,94,356722,77.19584505518286,8
0.2,4621,93,356815,77.19926438771095,8
0.2,4622,94,356909,77.20289855072464,7
0.2,4623,96,357005,77.20696366782006,6
0.2,4624,96,357101,77.21102702702703,6
0.2,4625,95,357196,77.21487246000865,7
0.2,4626,77,357273,77.21482602118003,24
0.2,4627,94,357367,77.21845289541919,7
0.2,4628,94,357461,77.22207820263556,7
0.2,4629,93,357554,77.22548596112311,10
0.2,4630,94,357648,77.22910818397754,7
0.2,4631,91,357739,77.23208117443869,10
0.2,4632,24,357763,77.22059140945392,8
0.2,4633,90,357853,77.22334915839447,11
0.2,4634,92,357945,77.22653721682848,9
0.2,4635,94,358039,77.23015530629853,7
0.2,4636,91,358130,77.23312486521458,10
0.2,4637,26,358156,77.22207848210435,6
0.2,4638,89,358245,77.22461737443415,13
0.2,4639,93,358338,77.2280172413793,8
0.2,4640,91,358429,77.23098470157294,10
0.2,4641,95,358524,77.23481258078415,7
0.2,4642,91,358615,77.23777729916003,10
0.2,4643,94,358709,77.24138673557279,7
0.2,4644,93,358802,77.24477933261572,8
0.2,4645,19,358821,77.23224278949634,13
0.2,4646,95,358916,77.23606627931999,7
0.2,4647,16,358932,77.22289156626506,18
0.2,4648,92,359024,77.22607012260701,11
0.2,4649,93,359117,77.2294623655914,8
0.2,4650,94,359211,77.2330681573855,8
0.2,4651,94,359305,77.23667239896818,7
0.2,4652,92,359397,77.23984526112186,9
0.2,4653,94,359491,77.24344649763644,7
0.2,4654,94,359585,77.24704618689582,7
0.2,4655,89,359674,77.24957044673539,12
0.2,4656,95,359769,77.25338200558299,6
0.2,4657,93,359862,77.25676255903821,8
0.2,4658,86,359948,77.25863919295986,15
0.2,4659,94,360042,77.26223175965666,8
0.2,4660,94,360136,77.26582278481013,7
0.2,4661,95,360231,77.26962676962677,7
0.2,4662,95,360326,77.27342912288226,6
0.2,4663,91,360417,77.27637221269296,10
0.2,4664,94,360511,77.27995712754556,8
0.2,4665,89,360600,77.28246892413202,12
0.2,4666,91,360691,77.28540818512964,10
0.2,4667,94,360785,77.28898886032562,7
0.2,4668,90,360875,77.29171128721353,11
0.2,4669,91,360966,77.29464668094218,11
0.2,4670,96,361062,77.29865125240848,6
0.2,4671,27,361089,77.2878852739726,6
0.2,4672,90,361179,77.29060560667665,11
0.2,4673,94,361273,77.29418057338468,7
0.2,4674,96,361369,77.29818181818182,6
0.2,4675,93,361462,77.30153977758768,9
0.2,4676,-51,361411,77.27410733376095,15
0.2,4677,94,361505,77.27768277041471,7
0.2,4678,95,361600,77.28147039965805,7
0.2,4679,93,361693,77.28482905982906,8
0.2,4680,85,361778,77.28647724845119,16
0.2,4681,93,361871,77.28983340452798,9
0.2,4682,96,361967,77.29382874225924,6
0.2,4683,95,362062,77.29760888129803,7
0.2,4684,94,362156,77.30117395944504,7
0.2,4685,96,362252,77.30516431924883,6
0.2,4686,96,362348,77.30915297631748,6
0.2,4687,-52,362296,77.2815699658703,16
0.2,4688,94,362390,77.2851354233312,7
0.2,4689,-47,362343,77.25863539445629,10
0.2,4690,92,362435,77.26177787252185,11
0.2,4691,88,362523,77.26406649616368,13
0.2,4692,92,362615,77.2672064777328,9
0.2,4693,94,362709,77.27077119727312,7
0.2,4694,93,362802,77.2741214057508,9
0.2,4695,25,362827,77.26298977853493,8
0.2,4696,95,362922,77.26676602086438,6
0.2,4697,93,363015,77.27011494252874,8
0.2,4698,94,363109,77.2736752500532,7
0.2,4699,94,363203,77.27723404255319,7
0.2,4700,93,363296,77.28057860029782,8
0.2,4701,90,363386,77.28328370905997,11
0.2,4702,18,363404,77.2706782904529,15
0.2,4703,91,363495,77.27359693877551,10
0.2,4704,96,363591,77.27757704569606,6
0.2,4705,91,363682,77.2804929876753,10
0.2,4706,91,363773,77.28340769067347,12
0.2,4707,86,363859,77.28525913338997,15
0.2,4708,95,363954,77.28902102357188,6
0.2,4709,95,364049,77.2927813163482,6
0.2,4710,95,364144,77.29654001273614,6
0.2,4711,96,364240,77.30050933786077,6
0.2,4712,-44,364196,77.27477190748992,8
0.2,4713,92,364288,77.27789563003819,9
0.2,4714,94,364382,77.2814422057264,7
0.2,4715,93,364475,77.28477523324851,8
0.2,4716,93,364568,77.2881068475726,8
0.2,4717,88,364656,77.29037727850785,13
0.2,4718,92,364748,77.29349438440347,10
0.2,4719,96,364844,77.29745762711865,6
0.2,4720,96,364940,77.3014191908494,6
0.2,4721,94,365034,77.30495552731894,7
0.2,4722,95,365129,77.30870209612534,6
0.2,4723,93,365222,77.31202370872143,8
0.2,4724,93,365315,77.31534391534392,8
0.2,4725,93,365408,77.31866271688531,8
0.2,4726,89,365497,77.32113391157182,13
0.2,4727,84,365581,77.32254653130288,18
0.2,4728,96,365677,77.32649608796785,6
0.2,4729,92,365769,77.32959830866808,10
0.2,4730,94,365863,77.33312196153034,7
0.2,4731,96,365959,77.33706677937447,6
0.2,4732,95,366054,77.3407986477921,6
0.2,4733,91,366145,77.34368398817068,10
0.2,4734,93,366238,77.34699049630412,8
0.2,4735,92,366330,77.35008445945945,9
0.2,4736,96,366426,77.35402153261558,6
0.2,4737,92,366518,77.35711270578302,9
0.2,4738,90,366608,77.35978054441865,11
0.2,4739,95,366703,77.36350210970464,6
0.2,4740,92,366795,77.36658932714617,9
0.2,4741,26,366821,77.35575706452974,7
0.2,4742,92,366913,77.35884461311406,10
0.2,4743,93,367006,77.36214165261383,8
0.2,4744,95,367101,77.36585879873552,6
0.2,4745,92,367193,77.36894226717236,9
0.2,4746,93,367286,77.37223509585002,8
0.2,4747,95,367381,77.37594776748105,6
0.2,4748,92,367473,77.37902716361339,9
0.2,4749,17,367490,77.36631578947369,16
0.2,4750,92,367582,77.36939591664913,9
0.2,4751,-48,367534,77.34301346801347,11
0.2,4752,27,367561,77.33242162844519,6
0.2,4753,95,367656,77.33613798906184,6
0.2,4754,96,367752,77.34006309148265,6
0.2,4755,92,367844,77.34314550042052,9
0.2,4756,23,367867,77.33172167332353,9
0.2,4757,94,367961,77.3352248844052,7
0.2,4758,96,368057,77.33914687959656,6
0.2,4759,87,368144,77.34117647058824,14
0.2,4760,93,368237,77.3444654484352,8
0.2,4761,92,368329,77.34754304913902,9
0.2,4762,-52,368277,77.32038631114844,16
0.2,4763,93,368370,77.32367758186398,8
0.2,4764,93,368463,77.32696747114376,8
0.2,4765,92,368555,77.33004616030215,9
0.2,4766,96,368651,77.33396265995385,6
0.2,4767,92,368743,77.33703859060402,9
0.2,4768,92,368835,77.34011323128539,9
0.2,4769,94,368929,77.34360587002097,8
0.2,4770,96,369025,77.34751624397401,6
0.2,4771,86,369111,77.34932942162615,16
0.2,4772,90,369201,77.3519798868636,11
0.2,4773,92,369293,77.35504817762882,9
0.2,4774,93,369386,77.35832460732985,8
0.2,4775,96,369482,77.36222780569514,6
0.2,4776,86,369568,77.36403600586142,17
0.2,4777,93,369661,77.3673084972792,8
0.2,4778,95,369756,77.37099811676083,7
0.2,4779,95,369851,77.37468619246862,6
0.2,4780,93,369944,77.3779544028446,8
0.2,4781,96,370040,77.38184859891258,6
0.2,4782,24,370064,77.37068785281204,10
0.2,4783,92,370156,77.373745819398,10
0.2,4784,20,370176,77.36175548589341,12
0.2,4785,88,370264,77.36397826995403,13
0.2,4786,21,370285,77.3522038855233,11
0.2,4787,96,370381,77.3560985797828,6
0.2,4788,92,370473,77.35915640008352,9
0.2,4789,94,370567,77.36263048016701,7
0.2,4790,93,370660,77.36589438530578,8
0.2,4791,92,370752,77.36894824707846,9
0.2,4792,96,370848,77.37283538493637,6
0.2,4793,90,370938,77.37546933667083,11
0.2,4794,84,371022,77.37685088633994,18
0.2,4795,95,371117,77.38052543786489,7
0.2,4796,92,371209,77.38357306649989,9
0.2,4797,92,371301,77.38661942476031,9
0.2,4798,-117,371184,77.34611377370285,12
0.2,4799,94,371278,77.34958333333333,9
0.2,4800,87,371365,77.35159341803791,15
0.2,4801,95,371460,77.35526863806747,6
0.2,4802,89,371549,77.35769310847387,12
0.2,4803,95,371644,77.36136552872607,6
0.2,4804,13,371657,77.34797086368366,19
0.2,4805,84,371741,77.34935497295048,17
0.2,4806,90,371831,77.3519866860828,11
0.2,4807,87,371918,77.35399334442596,15
0.2,4808,91,372009,77.35683094198379,10
0.2,4809,92,372101,77.35987525987527,9
0.2,4810,94,372195,77.36333402618997,7
0.2,4811,95,372290,77.36699916874481,6
0.2,4812,93,372383,77.37024724703927,10
0.2,4813,92,372475,77.37328624844204,10
0.2,4814,21,372496,77.36157840083074,12
0.2,4815,95,372591,77.36524086378738,7
0.2,4816,94,372685,77.36869420801328,7
0.2,4817,93,372778,77.37193856371938,8
0.2,4818,90,372868,77.37455903714464,13
0.2,4819,96,372964,77.37842323651452,6
0.2,4820,90,373054,77.38104127774321,11
0.2,4821,95,373149,77.38469514724181,7
0.2,4822,91,373240,77.38751814223512,10
0.2,4823,94,373334,77.39096185737976,7
0.2,4824,82,373416,77.39191709844559,19
0.2,4825,87,373503,77.39390799834231,14
0.2,4826,92,373595,77.39693391340377,9
0.2,4827,92,373687,77.3999585749793,9
0.2,4828,92,373779,77.40298198384758,9
0.2,4829,80,373859,77.40351966873706,21
0.2,4830,96,373955,77.40736907472574,6
0.2,4831,95,374050,77.41100993377484,6
0.2,4832,93,374143,77.41423546451479,8
0.2,4833,89,374232,77.41663218866363,13
0.2,4834,96,374328,77.42047569803516,6
0.2,4835,95,374423,77.42411083540115,6
0.2,4836,96,374519,77.42795120942733,6
0.2,4837,94,374613,77.43137660190162,7
0.2,4838,19,374632,77.41930150857615,15
0.2,4839,92,374724,77.42231404958677,12
0.2,4840,88,374812,77.42449907043999,13
0.2,4841,94,374906,77.42792234613796,7
0.2,4842,94,375000,77.43134420813546,7
0.2,4843,89,375089,77.43373245251858,12
0.2,4844,90,375179,77.43632610939113,11
0.2,4845,93,375272,77.43953776310359,8
0.2,4846,93,375365,77.44274809160305,8
0.2,4847,95,375460,77.4463696369637,6
0.2,4848,94,375554,77.44978346050732,7
0.2,4849,94,375648,77.45319587628866,7
0.2,4850,93,375741,77.45640074211502,9
0.2,4851,96,375837,77.46022258862325,6
0.2,4852,91,375928,77.46301256954462,10
0.2,4853,94,376022,77.46641944787804,8
0.2,4854,93,376115,77.46961894953657,8
0.2,4855,18,376133,77.4573723228995,16
0.2,4856,90,376223,77.45995470455013,15
0.2,4857,96,376319,77.46377109921778,6
0.2,4858,96,376415,77.46758592302943,6
0.2,4859,91,376506,77.47037037037038,11
0.2,4860,94,376600,77.47377082904752,8
0.2,4861,94,376694,77.4771698889346,7
0.2,4862,94,376788,77.4805675508945,7
0.2,4863,94,376882,77.48396381578948,7
0.2,4864,93,376975,77.48715313463515,9
0.2,4865,90,377065,77.48972461981093,11
0.2,4866,93,377158,77.49291144442161,8
0.2,4867,20,377178,77.48110106820049,15
0.2,4868,95,377273,77.48469911686178,6
0.2,4869,96,377369,77.48850102669404,6
0.2,4870,93,377462,77.49168548552659,8
0.2,4871,96,377558,77.49548440065682,6
0.2,4872,84,377642,77.49681920788015,17
0.2,4873,93,377735,77.5,9
0.2,4874,94,377829,77.50338461538462,8
0.2,4875,91,377920,77.50615258408531,10
0.2,4876,17,377937,77.49374615542341,17
0.2,4877,24,377961,77.48277982779828,9
0.2,4878,96,378057,77.48657511785201,6
0.2,4879,11,378068,77.47295081967214,22
0.2,4880,94,378162,77.47633681622618,8
0.2,4881,95,378257,77.47992625972962,6
0.2,4882,96,378353,77.48371902518943,6
0.2,4883,92,378445,77.48669123669124,12
0.2,4884,93,378538,77.48986693961105,10
0.2,4885,23,378561,77.47871469504707,9
0.2,4886,91,378652,77.48148148148148,10
0.2,4887,94,378746,77.48486088379705,7
0.2,4888,92,378838,77.4878298220495,9
0.2,4889,94,378932,77.49120654396728,7
0.2,4890,93,379025,77.49437742792885,8
0.2,4891,91,379116,77.4971381847915,10
0.2,4892,-54,379062,77.47026364193746,17
0.2,4893,88,379150,77.47241520228852,13
0.2,4894,93,379243,77.4755873340143,8
0.2,4895,95,379338,77.47916666666667,6
0.2,4896,95,379433,77.48274453747192,6
0.2,4897,95,379528,77.48632094732544,6
0.2,4898,25,379553,77.47560726678914,8
0.2,4899,92,379645,77.47857142857143,9
0.2,4900,94,379739,77.48194246072231,7
0.2,4901,87,379826,77.48388412892697,14
0.2,4902,94,379920,77.48725270242709,8
0.2,4903,94,380014,77.49061990212071,7
0.2,4904,93,380107,77.49378185524975,9
0.2,4905,93,380200,77.49694251936404,8
0.2,4906,92,380292,77.49989810474833,9
0.2,4907,95,380387,77.50346373268134,7
0.2,4908,95,380482,77.50702790792423,7
0.2,4909,93,380575,77.510183299389,8
0.2,4910,93,380668,77.51333740582366,8
0.2,4911,95,380763,77.5168973941368,6
0.2,4912,95,380858,77.52045593323835,6
0.2,4913,89,380947,77.52279202279202,12
0.2,4914,94,381041,77.52614445574771,7
0.2,4915,95,381136,77.52969894222946,6
0.2,4916,92,381228,77.5326418547895,9
0.2,4917,94,381322,77.53599023993493,7
0.2,4918,90,381412,77.53852409026224,11
0.2,4919,94,381506,77.54186991869919,7
0.2,4920,86,381592,77.54358870148344,15
0.2,4921,91,381683,77.54632263307599,10
0.2,4922,23,381706,77.53524273816778,10
0.2,4923,96,381802,77.53899268887083,6
0.2,4924,92,381894,77.54192893401016,9
0.2,4925,91,381985,77.54466098254161,10
0.2,4926,93,382078,77.54779784858941,10
0.2,4927,27,382105,77.53754058441558,6
0.2,4928,92,382197,77.54047474132685,9
0.2,4929,-48,382149,77.51501014198783,12
0.2,4930,95,382244,77.5185560738187,6
0.2,4931,96,382340,77.52230332522304,6
0.2,4932,91,382431,77.52503547536996,10
0.2,4933,90,382521,77.52756384272395,12
0.2,4934,91,382612,77.53029381965553,10
0.2,4935,89,382701,77.53261750405187,12
0.2,4936,94,382795,77.53595300789954,8
0.2,4937,95,382890,77.53948967193196,7
0.2,4938,90,382980,77.54201255314841,11
0.2,4939,92,383072,77.54493927125506,9
0.2,4940,88,383160,77.54705525197329,13
0.2,4941,92,383252,77.54997976527721,9
0.2,4942,94,383346,77.55330770786972,7
0.2,4943,92,383438,77.55622977346279,9
0.2,4944,92,383530,77.55915065722952,9
0.2,4945,93,383623,77.56227254346948,8
0.2,4946,93,383716,77.5653931675763,8
0.2,4947,89,383805,77.56770412287793,12
0.2,4948,93,383898,77.57082238836128,8
0.2,4949,96,383994,77.57454545454546,7
0.2,4950,23,384017,77.56352252070289,9
0.2,4951,95,384112,77.5670436187399,6
0.2,4952,94,384206,77.57036139713306,7
0.2,4953,95,384301,77.57387969317723,6
0.2,4954,89,384390,77.57618567103935,12
0.2,4955,86,384476,77.57788539144471,15
0.2,4956,90,384566,77.58039136574541,11
0.2,4957,91,384657,77.58309802339653,10
0.2,4958,94,384751,77.5864085501109,7
0.2,4959,93,384844,77.58951612903226,8
0.2,4960,88,384932,77.59161459383189,13
0.2,4961,-52,384880,77.56549778315195,19
0.2,4962,92,384972,77.56840620592384,10
0.2,4963,94,385066,77.57171635777598,10
0.2,4964,94,385160,77.57502517623364,7
0.2,4965,94,385254,77.5783326621023,7
0.2,4966,91,385345,77.58103482987718,10
0.2,4967,91,385436,77.58373590982286,11
0.2,4968,95,385531,77.58724089353994,7
0.2,4969,90,385621,77.5897384305835,13
0.2,4970,25,385646,77.5791591229129,8
0.2,4971,21,385667,77.56777956556718,12
0.2,4972,22,385689,77.55660567062135,10
0.2,4973,94,385783,77.55991154000804,7
0.2,4974,95,385878,77.56341708542713,6
0.2,4975,91,385969,77.56611736334405,11
0.2,4976,92,386061,77.56901748040988,9
0.2,4977,23,386084,77.55805544395339,10
0.2,4978,91,386175,77.56075517172123,10
0.2,4979,92,386267,77.56365461847389,9
0.2,4980,92,386359,77.5665529010239,9
0.2,4981,94,386453,77.569851465275,7
0.2,4982,94,386547,77.57314870559904,7
0.2,4983,90,386637,77.57564205457464,11
0.2,4984,21,386658,77.56429287863591,11
0.2,4985,95,386753,77.56778981147212,7
0.2,4986,96,386849,77.57148586324443,6
0.2,4987,92,386941,77.57437850842021,10
0.2,4988,95,387036,77.57787131689717,6
0.2,4989,92,387128,77.58076152304609,9
0.2,4990,93,387221,77.58385093167702,8
0.2,4991,95,387316,77.58733974358974,6
0.2,4992,93,387409,77.59042659723613,8
0.2,4993,96,387505,77.59411293552263,6
0.2,4994,92,387597,77.59699699699699,9
0.2,4995,91,387688,77.59967974379504,10
0.2,4996,25,387713,77.58915349209526,7
0.2,4997,95,387808,77.59263705482194,7
0.2,4998,89,387897,77.59491898379676,12
0.2,4999,93,387990,77.598,8
0.2,5000,87,388077,77.5998800239952,14
0.2,5001,94,388171,77.60315873650539,10
0.2,5002,17,388188,77.59104537277634,15
0.2,5003,27,388215,77.58093525179856,6
0.2,5004,93,388308,77.58401598401598,9
0.2,5005,94,388402,77.58729524570515,7
0.2,5006,91,388493,77.5899740363491,10
0.2,5007,21,388514,77.57867412140575,12
0.2,5008,93,388607,77.58175284487922,8
0.2,5009,95,388702,77.58522954091816,6
0.2,5010,92,388794,77.58810616643385,9
0.2,5011,94,388888,77.59138068635275,7
0.2,5012,21,388909,77.5800917614203,11
0.2,5013,92,389001,77.58296769046669,10
0.2,5014,89,389090,77.5852442671984,12
0.2,5015,95,389185,77.58871610845296,6
0.2,5016,86,389271,77.5903926649392,16
0.2,5017,95,389366,77.59386209645277,6
0.2,5018,88,389454,77.59593544530783,13
0.2,5019,94,389548,77.59920318725099,7
0.2,5020,89,389637,77.60147380999801,13
0.2,5021,94,389731,77.6047391477499,8
0.2,5022,95,389826,77.60820226956002,6
0.2,5023,-45,389781,77.58379777070064,10
0.2,5024,95,389876,77.58726368159203,6
0.2,5025,94,389970,77.59052924791087,7
0.2,5026,22,389992,77.5794708573702,10
0.2,5027,95,390087,77.58293556085918,6
0.2,5028,94,390181,77.58620003976934,8
0.2,5029,20,390201,77.57475149105368,12
0.2,5030,27,390228,77.56469886702445,6
0.2,5031,92,390320,77.56756756756756,9
0.2,5032,89,390409,77.56983906218954,12
0.2,5033,91,390500,77.5725069527215,10
0.2,5034,93,390593,77.57557100297915,8
0.2,5035,92,390685,77.5784352660842,9
0.2,5036,93,390778,77.58149692277149,8
0.2,5037,95,390873,77.58495434696309,7
0.2,5038,94,390967,77.58821194681484,7
0.2,5039,88,391055,77.59027777777777,14
0.2,5040,95,391150,77.5937314024995,6
0.2,5041,94,391244,77.59698532328441,7
0.2,5042,90,391334,77.59944477493555,11
0.2,5043,93,391427,77.60249801744646,8
0.2,5044,92,391519,77.60535183349852,9
0.2,5045,94,391613,77.6086008719778,7
0.2,5046,94,391707,77.61184862294432,8
0.2,5047,89,391796,77.61410459587955,12
0.2,5048,94,391890,77.61734997029114,7
0.2,5049,92,391982,77.62019801980198,9
0.2,5050,94,392076,77.62344090279153,7
0.2,5051,91,392167,77.62608867775138,10
0.2,5052,92,392259,77.62893330694637,9
0.2,5053,88,392347,77.63098535813218,13
0.2,5054,94,392441,77.63422354104847,7
0.2,5055,91,392532,77.6368670886076,10
0.2,5056,24,392556,77.62626062883132,10
0.2,5057,94,392650,77.62949782522736,7
0.2,5058,91,392741,77.63214073927654,11
0.2,5059,92,392833,77.63498023715415,9
0.2,5060,14,392847,77.62240663900415,18
0.2,5061,94,392941,77.62564203871987,7
0.2,5062,94,393035,77.62887616037922,8
0.2,5063,94,393129,77.63210900473933,7
0.2,5064,94,393223,77.63534057255676,7
0.2,5065,91,393314,77.63797868140544,10
0.2,5066,21,393335,77.62680086836393,11
0.2,5067,26,393361,77.6166140489345,7
0.2,5068,92,393453,77.61945156835668,9
0.2,5069,22,393475,77.60848126232742,10
0.2,5070,95,393570,77.61191086570696,6
0.2,5071,93,393663,77.61494479495268,9
0.2,5072,94,393757,77.61817465010841,7
0.2,5073,95,393852,77.62160031533307,6
0.2,5074,94,393946,77.62482758620689,7
0.2,5075,96,394042,77.62844759653271,6
0.2,5076,88,394130,77.63049044711444,14
0.2,5077,93,394223,77.63351713272942,8
0.2,5078,91,394314,77.63614884819846,10
0.2,5079,91,394405,77.63877952755905,10
0.2,5080,88,394493,77.6408187364692,13
0.2,5081,95,394588,77.64423455332546,6
0.2,5082,92,394680,77.6470588235294,9
0.2,5083,95,394775,77.65047206923683,6
0.2,5084,95,394870,77.65388397246804,8
0.2,5085,96,394966,77.65749115218246,6
0.2,5086,92,395058,77.66031059563593,9
0.2,5087,93,395151,77.66332547169812,9
0.2,5088,91,395242,77.66594615838082,10
0.2,5089,89,395331,77.66817288801572,12
0.2,5090,93,395424,77.67118444313495,11
0.2,5091,94,395518,77.67439120188531,7
0.2,5092,96,395614,77.67798939721186,6
0.2,5093,93,395707,77.68099725166863,8
0.2,5094,18,395725,77.6692836113837,15
0.2,5095,92,395817,77.67209576138147,10
0.2,5096,27,395844,77.66215420835786,6
0.2,5097,87,395931,77.66398587681444,14
0.2,5098,96,396027,77.66758187879977,6
0.2,5099,92,396119,77.67039215686275,9
0.2,5100,94,396213,77.67359341305627,7
0.2,5101,88,396301,77.67561740493925,13
0.2,5102,96,396397,77.67920830883794,6
0.2,5103,88,396485,77.68123040752351,15
0.2,5104,94,396579,77.68442703232125,7
0.2,5105,92,396671,77.68723070896984,9
0.2,5106,84,396755,77.68846681026042,17
0.2,5107,94,396849,77.69166014095536,7
0.2,5108,92,396941,77.69446075552946,9
0.2,5109,96,397037,77.69804305283758,6
0.2,5110,93,397130,77.70103697906477,9
0.2,5111,88,397218,77.7030516431925,13
0.2,5112,94,397312,77.70623899863094,7
0.2,5113,95,397407,77.70962064919829,6
0.2,5114,92,397499,77.71241446725318,12
0.2,5115,91,397590,77.71501172791243,10
0.2,5116,27,397617,77.70510064490912,6
0.2,5117,91,397708,77.70769831965612,10
0.2,5118,93,397801,77.71068568079703,8
0.2,5119,94,397895,77.7138671875,7
0.2,5120,87,397982,77.71568053114626,14
0.2,5121,92,398074,77.71846934791097,9
0.2,5122,96,398170,77.72203786843646,6
0.2,5123,92,398262,77.72482435597189,9
0.2,5124,91,398353,77.72741463414634,11
0.2,5125,87,398440,77.72922356613344,14
0.2,5126,88,398528,77.73122683830701,13
0.2,5127,92,398620,77.73400936037442,9
0.2,5128,92,398712,77.7367907974264,12
0.2,5129,94,398806,77.73996101364523,8
0.2,5130,24,398830,77.72948742935101,8
0.2,5131,88,398918,77.73148869836321,13
0.2,5132,95,399013,77.73485291252679,6
0.2,5133,92,399105,77.73763147643163,9
0.2,5134,93,399198,77.74060370009737,8
0.2,5135,93,399291,77.74357476635514,8
0.2,5136,22,399313,77.73272337940432,10
0.2,5137,92,399405,77.73550019462826,9
0.2,5138,88,399493,77.73749756762015,13
0.2,5139,-48,399445,77.71303501945525,11
0.2,5140,21,399466,77.70200350126434,11
0.2,5141,18,399484,77.69039284325166,14
0.2,5142,94,399578,77.69356406766478,7
0.2,5143,96,399674,77.69712286158631,6
0.2,5144,92,399766,77.69990281827016,9
0.2,5145,94,399860,77.70307034589973,7
0.2,5146,92,399952,77.70584806683505,9
0.2,5147,21,399973,77.69483294483294,12
0.2,5148,95,400068,77.6981938240435,7
0.2,5149,90,400158,77.70058252427185,11
0.2,5150,90,400248,77.70297029702971,11
0.2,5151,95,400343,77.70632763975155,7
0.2,5152,87,400430,77.70813118571706,17
0.2,5153,86,400516,77.70974000776096,17
0.2,5154,22,400538,77.69893307468477,10
0.2,5155,94,400632,77.70209464701318,7
0.2,5156,27,400659,77.69226294357185,6
0.2,5157,93,400752,77.69523070957736,8
0.2,5158,95,400847,77.69858499709245,6
0.2,5159,93,400940,77.7015503875969,8
0.2,5160,93,401033,77.70451462894788,8
0.2,5161,95,401128,77.70786516853933,6
0.2,5162,91,401219,77.71043966686035,10
0.2,5163,91,401310,77.71301316808676,11
0.2,5164,95,401405,77.7163601161665,7
0.2,5165,96,401501,77.71989934185056,6
0.2,5166,27,401528,77.7100832204374,6
0.2,5167,89,401617,77.71226780185758,16
0.2,5168,91,401708,77.7148384600503,10
0.2,5169,96,401804,77.7183752417795,6
0.2,5170,17,401821,77.70663314639334,15
0.2,5171,89,401910,77.70881670533643,12
0.2,5172,94,402004,77.71196597718925,7
0.2,5173,91,402095,77.71453420950908,10
0.2,5174,87,402182,77.71632850241546,14
0.2,5175,23,402205,77.7057573415765,10
0.2,5176,96,402301,77.70929109522889,6
0.2,5177,82,402383,77.71011973735033,19
0.2,5178,92,402475,77.71287893415717,9
0.2,5179,93,402568,77.71583011583012,8
0.2,5180,-53,402515,77.6906002702181,18
0.2,5181,95,402610,77.693940563489,6
0.2,5182,21,402631,77.68300212232297,11
0.2,5183,96,402727,77.68653549382717,6
0.2,5184,90,402817,77.68891031822565,11
0.2,5185,94,402911,77.69205553413035,7
0.2,5186,92,403003,77.69481395797185,10
0.2,5187,27,403030,77.68504240555127,6
0.2,5188,95,403125,77.68837926382733,8
0.2,5189,96,403221,77.69190751445086,6
0.2,5190,94,403315,77.69504912348295,8
0.2,5191,87,403402,77.69684129429892,16
0.2,5192,27,403429,77.68707875986905,6
0.2,5193,92,403521,77.68983442433577,9
0.2,5194,93,403614,77.69278152069298,8
0.2,5195,23,403637,77.68225558121632,9
0.2,5196,93,403730,77.68520300173176,8
0.2,5197,92,403822,77.6879569065025,9
0.2,5198,94,403916,77.6910944412387,8
0.2,5199,94,404010,77.69423076923077,8
0.2,5200,92,404102,77.69698134974044,9
0.2,5201,88,404190,77.69896193771626,14
0.2,5202,94,404284,77.7020949452239,7
0.2,5203,19,404303,77.69081475787856,13
0.2,5204,96,404399,77.69433237271853,6
0.2,5205,92,404491,77.6970802919708,9
0.2,5206,94,404585,77.70021125408104,8
0.2,5207,92,404677,77.70295698924731,9
0.2,5208,23,404700,77.69245536571319,9
0.2,5209,93,404793,77.69539347408829,8
0.2,5210,90,404883,77.69775474956822,15
0.2,5211,96,404979,77.7012663085188,6
0.2,5212,27,405006,77.69154037981968,6
0.2,5213,95,405101,77.69485999232835,6
0.2,5214,25,405126,77.68475551294343,8
0.2,5215,94,405220,77.68788343558282,7
0.2,5216,92,405312,77.69062679700977,9
0.2,5217,96,405408,77.69413568417018,6
0.2,5218,86,405494,77.69572715079516,15
0.2,5219,91,405585,77.69827586206897,11
0.2,5220,23,405608,77.68779927217008,12
0.2,5221,22,405630,77.67713519724244,10
0.2,5222,92,405722,77.6798774650584,9
0.2,5223,90,405812,77.6822358346095,11
0.2,5224,95,405907,77.68555023923444,6
0.2,5225,93,406000,77.6884806735553,8
0.2,5226,93,406093,77.691409986608,8
0.2,5227,90,406183,77.69376434583015,11
0.2,5228,23,406206,77.68330464716007,11
0.2,5229,93,406299,77.68623326959847,8
0.2,5230,91,406390,77.68877843624546,10
0.2,5231,91,406481,77.69132262996942,10
0.2,5232,95,406576,77.69463023122492,6
0.2,5233,89,406665,77.69679021780665,12
0.2,5234,95,406760,77.70009551098376,6
0.2,5235,93,406853,77.70301757066463,8
0.2,5236,91,406944,77.70555661638342,10
0.2,5237,94,407038,77.70866743031692,7
0.2,5238,94,407132,77.71177705669021,7
0.2,5239,94,407226,77.7148854961832,7
0.2,5240,93,407319,77.71780194619348,8
0.2,5241,24,407343,77.70755436856162,9
0.2,5242,88,407431,77.70951745184055,13
0.2,5243,-48,407383,77.68554538520213,11
0.2,5244,95,407478,77.68884652049572,6
0.2,5245,20,407498,77.67784979031643,12
0.2,5246,93,407591,77.68076996378883,8
0.2,5247,96,407687,77.6842606707317,6
0.2,5248,94,407781,77.68736902267098,7
0.2,5249,95,407876,77.69066666666667,6
0.2,5250,24,407900,77.6804418206056,9
0.2,5251,93,407993,77.68335872048743,9
0.2,5252,91,408084,77.68589377498573,10
0.2,5253,94,408178,77.68899885801294,8
0.2,5254,94,408272,77.69210275927688,7
0.2,5255,91,408363,77.69463470319634,12
0.2,5256,94,408457,77.69773635153129,7
0.2,5257,94,408551,77.70083682008368,7
0.2,5258,84,408635,77.7020346073398,17
0.2,5259,91,408726,77.70456273764259,10
0.2,5260,93,408819,77.70747006272572,8
0.2,5261,96,408915,77.71094640820981,6
0.2,5262,96,409011,77.71442143264298,6
0.2,5263,-47,408964,77.69072948328268,12
0.2,5264,21,408985,77.67996201329535,11
0.2,5265,94,409079,77.68306114698063,8
0.2,5266,19,409098,77.6719194987659,14
0.2,5267,85,409183,77.67331055429005,17
0.2,5268,94,409277,77.67640918580376,8
0.2,5269,94,409371,77.67950664136622,10
0.2,5270,90,409461,77.68184405236198,12
0.2,5271,93,409554,77.68474962063733,8
0.2,5272,93,409647,77.68765408685758,8
0.2,5273,90,409737,77.68998862343572,11
0.2,5274,89,409826,77.6921327014218,12
0.2,5275,94,409920,77.69522365428355,8
0.2,5276,92,410012,77.69793443244268,9
0.2,5277,96,410108,77.70140204622963,6
0.2,5278,92,410200,77.7041106270127,9
0.2,5279,92,410292,77.70681818181818,9
0.2,5280,95,410387,77.7100927854573,6
0.2,5281,25,410412,77.70011359333586,8
0.2,5282,94,410506,77.70319893999621,7
0.2,5283,94,410600,77.70628311884936,7
0.2,5284,90,410690,77.70860927152317,11
0.2,5285,96,410786,77.71206961785849,6
0.2,5286,93,410879,77.71496122564781,8
0.2,5287,93,410972,77.7178517397882,8
0.2,5288,93,411065,77.72074116089998,8
0.2,5289,92,411157,77.7234404536862,9
0.2,5290,95,411252,77.72670572670573,7
0.2,5291,93,411345,77.7295918367347,8
0.2,5292,94,411439,77.73266578499906,8
0.2,5293,93,411532,77.73554967888175,8
0.2,5294,16,411548,77.72389046270067,16
0.2,5295,94,411642,77.72696374622356,7
0.2,5296,26,411668,77.71719841419672,7
0.2,5297,94,411762,77.7202718006795,7
0.2,5298,93,411855,77.72315531232309,8
0.2,5299,95,411950,77.72641509433963,6
0.2,5300,92,412042,77.72910771552537,9
0.2,5301,89,412131,77.73123349679366,12
0.2,5302,92,412223,77.73392419385253,9
0.2,5303,96,412319,77.73736802413273,6
0.2,5304,94,412413,77.74043355325165,7
0.2,5305,89,412502,77.74255559743686,14
0.2,5306,95,412597,77.74580742415678,6
0.2,5307,94,412691,77.74886963074604,7
0.2,5308,94,412785,77.75193068374459,7
0.2,5309,95,412880,77.75517890772129,6
0.2,5310,93,412973,77.75804933157598,8
0.2,5311,94,413067,77.76110692771084,7
0.2,5312,20,413087,77.7502352719744,13
0.2,5313,91,413178,77.75272864132481,10
0.2,5314,92,413270,77.75540921919097,9
0.2,5315,27,413297,77.74586155003762,6
0.2,5316,95,413392,77.74910663908219,7
0.2,5317,91,413483,77.75159834524257,10
0.2,5318,91,413574,77.7540891144952,10
0.2,5319,91,413665,77.75657894736842,10
0.2,5320,91,413756,77.75906784439015,10
0.2,5321,94,413850,77.76211950394588,7
0.2,5322,92,413942,77.76479428893481,10
0.2,5323,96,414038,77.76821938392186,6
0.2,5324,95,414133,77.77145539906104,6
0.2,5325,22,414155,77.7609838527976,10
0.2,5326,94,414249,77.7640322883424,8
0.2,5327,19,414268,77.753003003003,14
0.2,5328,86,414354,77.75455057234002,17
0.2,5329,26,414380,77.74484052532833,7
0.2,5330,92,414472,77.7475145376102,9
0.2,5331,93,414565,77.75037509377344,8
0.2,5332,93,414658,77.75323457716107,8
0.2,5333,95,414753,77.75646794150731,6
0.2,5334,93,414846,77.75932521087161,8
0.2,5335,92,414938,77.7619940029985,10
0.2,5336,94,415032,77.76503653738055,7
0.2,5337,91,415123,77.76751592356688,10
0.2,5338,94,415217,77.77055628394831,7
0.2,5339,25,415242,77.76067415730337,8
0.2,5340,90,415332,77.76296573675342,12
0.2,5341,89,415421,77.76506926244852,12
0.2,5342,92,415513,77.76773348306195,9
0.2,5343,94,415607,77.77077095808383,7
0.2,5344,90,415697,77.77305893358279,12
0.2,5345,91,415788,77.77553310886644,10
0.2,5346,94,415882,77.77856742098373,7
0.2,5347,24,415906,77.76851159311892,8
0.2,5348,89,415995,77.77061132922042,12
0.2,5349,77,416072,77.77046728971963,24
0.2,5350,87,416159,77.77219211362362,14
0.2,5351,94,416253,77.77522421524664,7
0.2,5352,92,416345,77.77788156174108,10
0.2,5353,94,416439,77.78091146806126,7
0.2,5354,18,416457,77.76974789915967,14
0.2,5355,89,416546,77.77184466019418,12
0.2,5356,95,416641,77.77506066828448,6
0.2,5357,93,416734,77.7779022023143,8
0.2,5358,90,416824,77.78018286993841,11
0.2,5359,95,416919,77.78339552238806,8
0.2,5360,96,417015,77.78679350867375,6
0.2,5361,94,417109,77.78981723237598,7
0.2,5362,96,417205,77.79321275405556,6
0.2,5363,91,417296,77.79567486950037,11
0.2,5364,26,417322,77.78602050326188,6
0.2,5365,94,417416,77.78904211703318,7
0.2,5366,92,417508,77.79168995714552,9
0.2,5367,91,417599,77.79415052160954,10
0.2,5368,94,417693,77.79716893276215,7
0.2,5369,92,417785,77.7998137802607,9
0.2,5370,23,417808,77.78961087320796,9
0.2,5371,95,417903,77.79281459419211,6
0.2,5372,24,417927,77.78280290340592,10
0.2,5373,94,418021,77.78582061778935,9
0.2,5374,94,418115,77.78883720930233,7
0.2,5375,88,418203,77.79073660714286,13
0.2,5376,96,418299,77.79412311697973,6
0.2,5377,92,418391,77.79676459650427,9
0.2,5378,90,418481,77.79903327756088,11
0.2,5379,90,418571,77.80130111524164,11
0.2,5380,92,418663,77.80393978814347,11
0.2,5381,91,418754,77.80639167595689,10
0.2,5382,94,418848,77.809399962846,7
0.2,5383,95,418943,77.81259286775631,6
0.2,5384,91,419034,77.8150417827298,10
0.2,5385,96,419130,77.81841812105459,6
0.2,5386,96,419226,77.82179320586597,6
0.2,5387,92,419318,77.82442464736451,10
0.2,5388,87,419405,77.82612729634441,14
0.2,5389,90,419495,77.82838589981448,11
0.2,5390,95,419590,77.83157113708032,7
0.2,5391,94,419684,77.83456973293768,7
0.2,5392,86,419770,77.83608381234934,15
0.2,5393,84,419854,77.83722654801632,19
0.2,5394,22,419876,77.82687673772011,10
0.2,5395,92,419968,77.8295033358043,9
0.2,5396,91,420059,77.8319436724106,10
0.2,5397,94,420153,77.83493886624676,7
0.2,5398,22,420175,77.82459714761993,10
0.2,5399,-51,420124,77.80074074074074,14
0.2,5400,94,420218,77.80374004813923,7
0.2,5401,93,420311,77.80655312847094,8
0.2,5402,93,420404,77.80936516749954,9
0.2,5403,92,420496,77.8119911176906,10
0.2,5404,93,420589,77.81480111008325,8
0.2,5405,23,420612,77.8046614872364,10
0.2,5406,90,420702,77.80691695949695,11
0.2,5407,92,420794,77.80954142011835,9
0.2,5408,94,420888,77.81253466444814,8
0.2,5409,90,420978,77.81478743068392,11
0.2,5410,90,421068,77.817039364258,11
0.2,5411,21,421089,77.80654101995566,13
0.2,5412,94,421183,77.8095326066876,8
0.2,5413,93,421276,77.81233838197267,9
0.2,5414,94,421370,77.81532779316713,7
0.2,5415,90,421460,77.81757754800591,11
0.2,5416,92,421552,77.82019568026583,9
0.2,5417,96,421648,77.8235511258767,6
0.2,5418,88,421736,77.82542904594943,13
0.2,5419,91,421827,77.82785977859778,11
0.2,5420,92,421919,77.83047408227264,9
0.2,5421,94,422013,77.83345628919218,7
0.2,5422,94,422107,77.83643739627513,8
0.2,5423,96,422203,77.83978613569322,6
0.2,5424,87,422290,77.84147465437788,14
0.2,5425,94,422384,77.84445263545891,7
0.2,5426,95,422479,77.84761378293716,7
0.2,5427,90,422569,77.84985261606485,11
0.2,5428,21,422590,77.83938110149198,11
0.2,5429,87,422677,77.84106813996317,14
0.2,5430,96,422773,77.84441171055055,6
0.2,5431,92,422865,77.8470176730486,9
0.2,5432,93,422958,77.84980673660961,8
0.2,5433,85,423043,77.85112256164888,16
0.2,5434,91,423134,77.85354185832567,10
0.2,5435,96,423230,77.8568800588668,6
0.2,5436,93,423323,77.85966525657531,8
0.2,5437,95,423418,77.86281721221037,6
0.2,5438,95,423513,77.86596800882515,6
0.2,5439,22,423535,77.85569852941177,12
0.2,5440,91,423626,77.8581143172211,11
0.2,5441,90,423716,77.8603454612275,11
0.2,5442,94,423810,77.86331067426052,7
0.2,5443,92,423902,77.86590742101396,10
0.2,5444,25,423927,77.85619834710744,8
0.2,5445,95,424022,77.85934630921777,7
0.2,5446,95,424117,77.86249311547641,6
0.2,5447,93,424210,77.86527165932452,8
0.2,5448,92,424302,77.86786566342448,9
0.2,5449,90,424392,77.87009174311926,11
0.2,5450,93,424485,77.87286736378645,8
0.2,5451,92,424577,77.87545854732208,9
0.2,5452,93,424670,77.8782321657803,8
0.2,5453,92,424762,77.88082141547488,9
0.2,5454,92,424854,77.88340971585701,13
0.2,5455,96,424950,77.8867302052786,6
0.2,5456,94,425044,77.88968297599413,7
0.2,5457,93,425137,77.89245144741663,9
0.2,5458,94,425231,77.89540208829456,7
0.2,5459,95,425326,77.8985347985348,7
0.2,5460,89,425415,77.90056766160043,13
0.2,5461,88,425503,77.90241669718051,13
0.2,5462,87,425590,77.90408200622369,14
0.2,5463,24,425614,77.89421669106882,8
0.2,5464,94,425708,77.8971637694419,7
0.2,5465,90,425798,77.89937797292353,11
0.2,5466,94,425892,77.90232302908359,7
0.2,5467,93,425985,77.90508412582297,8
0.2,5468,90,426075,77.90729566648382,11
0.2,5469,88,426163,77.9091407678245,14
0.2,5470,-48,426115,77.88612685066715,12
0.2,5471,26,426141,77.87664473684211,8
0.2,5472,95,426236,77.87977343321761,6
0.2,5473,94,426330,77.8827183047132,7
0.2,5474,90,426420,77.88493150684931,11
0.2,5475,95,426515,77.88805697589481,8
0.2,5476,92,426607,77.89063355851744,9
0.2,5477,96,426703,77.89393939393939,6
0.2,5478,82,426785,77.89468881182698,19
0.2,5479,93,426878,77.89744525547445,8
0.2,5480,93,426971,77.90020069330414,8
0.2,5481,94,427065,77.90313754104342,7
0.2,5482,23,427088,77.89312420207915,9
0.2,5483,94,427182,77.89606126914661,7
0.2,5484,91,427273,77.89845031905196,11
0.2,5485,91,427364,77.9008384979949,10
0.2,5486,83,427447,77.90176781483507,18
0.2,5487,94,427541,77.90470116618076,7
0.2,5488,96,427637,77.90799781380943,6
0.2,5489,89,427726,77.91001821493624,12
0.2,5490,89,427815,77.91203788016755,14
0.2,5491,27,427842,77.90276766205389,6
0.2,5492,91,427933,77.9051520116512,10
0.2,5493,27,427960,77.89588642155078,6
0.2,5494,95,428055,77.89899909008189,6
0.2,5495,19,428074,77.88828238719069,13
0.2,5496,92,428166,77.89084955430235,10
0.2,5497,93,428259,77.89359767188068,8
0.2,5498,94,428353,77.89652664120749,7
0.2,5499,91,428444,77.89890909090909,10
0.2,5500,19,428463,77.88820214506454,13
0.2,5501,94,428557,77.89113049800072,7
0.2,5502,16,428573,77.8798836998001,16
0.2,5503,91,428664,77.88226744186046,10
0.2,5504,94,428758,77.88519527702088,8
0.2,5505,77,428835,77.88503450780966,24
0.2,5506,94,428929,77.88796077719266,7
0.2,5507,87,429016,77.88961510530137,14
0.2,5508,21,429037,77.87928843710293,11
0.2,5509,94,429131,77.88221415607985,8
0.2,5510,90,429221,77.88441299219743,11
0.2,5511,90,429311,77.88661103047896,11
0.2,5512,92,429403,77.88917105024487,9
0.2,5513,93,429496,77.89191149800507,8
0.2,5514,19,429515,77.88123300090662,13
0.2,5515,19,429534,77.87055837563452,15
0.2,5516,96,429630,77.87384448069604,6
0.2,5517,92,429722,77.87640449438203,9
0.2,5518,90,429812,77.87860119586881,15
0.2,5519,96,429908,77.88188405797102,6
0.2,5520,96,430004,77.88516573084586,6
0.2,5521,21,430025,77.87486417964506,11
0.2,5522,21,430046,77.86456635886293,11
0.2,5523,91,430137,77.86694424330196,10
0.2,5524,18,430155,77.85610859728507,14
0.2,5525,90,430245,77.85830618892508,11
0.2,5526,92,430337,77.86086484530486,10
0.2,5527,93,430430,77.8636034732272,10
0.2,5528,92,430522,77.86616024597576,9
0.2,5529,91,430613,77.86853526220615,10
0.2,5530,92,430705,77.87109021876695,9
0.2,5531,92,430797,77.8736442516269,9
0.2,5532,86,430883,77.87511295861196,16
0.2,5533,91,430974,77.87748464040477,10
0.2,5534,94,431068,77.88039747064137,7
0.2,5535,91,431159,77.88276734104046,12
0.2,5536,94,431253,77.88567816507134,7
0.2,5537,95,431348,77.88876850848682,6
0.2,5538,22,431370,77.87867846181621,13
0.2,5539,94,431464,77.88158844765343,8
0.2,5540,89,431553,77.88359501894965,14
0.2,5541,89,431642,77.88560086611332,13
0.2,5542,90,431732,77.8877863972578,11
0.2,5543,93,431825,77.89051226551227,8
0.2,5544,89,431914,77.89251577998196,12
0.2,5545,94,432008,77.89542012261089,7
0.2,5546,94,432102,77.89832341806382,7
0.2,5547,-49,432053,77.87545061283345,12
0.2,5548,90,432143,77.87763561001982,11
0.2,5549,90,432233,77.87981981981982,11
0.2,5550,94,432327,77.88272383354351,7
0.2,5551,19,432346,77.8721181556196,15
0.2,5552,90,432436,77.87430217900234,11
0.2,5553,91,432527,77.87666546633058,10
0.2,5554,91,432618,77.87902790279028,10
0.2,5555,95,432713,77.8821094312455,9
0.2,5556,94,432807,77.88500989742667,7
0.2,5557,94,432901,77.88790931989925,8
0.2,5558,96,432997,77.89116747616478,6
0.2,5559,94,433091,77.89406474820144,7
0.2,5560,90,433181,77.8962416831505,14
0.2,5561,94,433275,77.89913700107874,7
0.2,5562,94,433369,77.90203127808736,8
0.2,5563,84,433453,77.90312724658519,17
0.2,5564,92,433545,77.90566037735849,9
0.2,5565,90,433635,77.90783327344592,11
0.2,5566,93,433728,77.91054427878571,8
0.2,5567,89,433817,77.91253591954023,12
0.2,5568,94,433911,77.91542467229306,7
0.2,5569,89,434000,77.91741472172352,12
0.2,5570,92,434092,77.91994255968407,11
0.2,5571,94,434186,77.92282842785356,8
0.2,5572,92,434278,77.92535438722412,10
0.2,5573,85,434363,77.92662360961607,17
0.2,5574,24,434387,77.91695067264574,8
0.2,5575,25,434412,77.90746054519369,9
0.2,5576,91,434503,77.90980814057737,11
0.2,5577,94,434597,77.91269272140552,7
0.2,5578,94,434691,77.91557626814841,7
0.2,5579,94,434785,77.918458781362,7
0.2,5580,27,434812,77.90933524457982,6
0.2,5581,96,434908,77.91257613758509,6
0.2,5582,88,434996,77.91438294823571,13
0.2,5583,21,435017,77.90419054441261,12
0.2,5584,95,435112,77.9072515666965,6
0.2,5585,93,435205,77.90995345506624,8
0.2,5586,94,435299,77.9128333631645,7
0.2,5587,20,435319,77.90246957766642,13
0.2,5588,95,435414,77.90552871712292,7
0.2,5589,96,435510,77.9087656529517,6
0.2,5590,96,435606,77.91200143087104,6
0.2,5591,94,435700,77.91487839771102,7
0.2,5592,95,435795,77.91793313069908,7
0.2,5593,94,435889,77.92080800858062,7
0.2,5594,87,435976,77.92243074173369,14
0.2,5595,94,436070,77.9253037884203,8
0.2,5596,95,436165,77.92835447561194,6
0.2,5597,94,436259,77.93122543765631,7
0.2,5598,94,436353,77.93409537417396,7
0.2,5599,24,436377,77.92446428571428,8
0.2,5600,92,436469,77.9269773254776,9
0.2,5601,89,436558,77.92895394501964,14
0.2,5602,89,436647,77.93092985900411,12
0.2,5603,91,436738,77.93326195574589,10
0.2,5604,93,436831,77.93595004460303,8
0.2,5605,95,436926,77.93899393506956,7
0.2,5606,94,437020,77.94185839129659,7
0.2,5607,82,437102,77.94258202567761,19
0.2,5608,92,437194,77.94508825102514,9
0.2,5609,91,437285,77.94741532976828,11
0.2,5610,87,437372,77.9490286936375,14
0.2,5611,79,437451,77.9492159657876,22
0.2,5612,92,437543,77.95171922323178,10
0.2,5613,94,437637,77.9545778411115,8
0.2,5614,19,437656,77.94407836153161,15
0.2,5615,-50,437606,77.92129629629629,14
0.2,5616,94,437700,77.92415880363183,8
0.2,5617,80,437780,77.9245283018868,22
0.2,5618,92,437872,77.92703327994305,9
0.2,5619,93,437965,77.9297153024911,8
0.2,5620,91,438056,77.93204056217755,10
0.2,5621,92,438148,77.934542867307,9
0.2,5622,94,438242,77.9373999644318,7
0.2,5623,-115,438127,77.90309388335704,10
0.2,5624,88,438215,77.90488888888889,13
0.2,5625,27,438242,77.8958407394241,6
0.2,5626,92,438334,77.89834725430958,9
0.2,5627,92,438426,77.90085287846482,9
0.2,5628,91,438517,77.90317996091669,10
0.2,5629,20,438537,77.89289520426287,12
0.2,5630,92,438629,77.89540046172971,9
0.2,5631,87,438716,77.89701704545455,16
0.2,5632,84,438800,77.8981004793183,17
0.2,5633,89,438889,77.90007099751509,13
0.2,5634,-53,438836,77.87684117125112,16
0.2,5635,91,438927,77.8791696238467,10
0.2,5636,93,439020,77.88185204896222,8
0.2,5637,93,439113,77.88453352252571,8
0.2,5638,92,439205,77.88703670863629,9
0.2,5639,94,439299,77.88989361702127,7
0.2,5640,90,439389,77.89204041836554,11
0.2,5641,96,439485,77.89524991137894,6
0.2,5642,92,439577,77.89774942406521,9
0.2,5643,92,439669,77.90024805102765,9
0.2,5644,25,439694,77.89087688219664,8
0.2,5645,87,439781,77.89249025859016,15
0.2,5646,92,439873,77.89498848946343,9
0.2,5647,88,439961,77.8967776203966,13
0.2,5648,84,440045,77.89785802796955,20
0.2,5649,93,440138,77.90053097345132,8
0.2,5650,94,440232,77.90337993275527,7
0.2,5651,93,440325,77.90605095541402,8
0.2,5652,93,440418,77.90872103307979,8
0.2,5653,93,440511,77.91139016625398,8
0.2,5654,23,440534,77.90167992926614,10
0.2,5655,93,440627,77.90434936350778,8
0.2,5656,94,440721,77.90719462612692,8
0.2,5657,94,440815,77.91003888299753,8
0.2,5658,89,440904,77.91199858632267,12
0.2,5659,24,440928,77.90247349823322,9
0.2,5660,95,441023,77.90549372902314,6
0.2,5661,94,441117,77.90833627693395,7
0.2,5662,11,441128,77.89652127847431,23
0.2,5663,95,441223,77.89954096045197,6
0.2,5664,23,441246,77.88984995586938,10
0.2,5665,92,441338,77.8923402753265,9
0.2,5666,95,441433,77.89535909652373,8
0.2,5667,88,441521,77.89714184897672,16
0.2,5668,93,441614,77.89980596225084,9
0.2,5669,94,441708,77.9026455026455,7
0.2,5670,91,441799,77.90495503438547,10
0.2,5671,93,441892,77.90761636107193,8
0.2,5672,91,441983,77.90992420236206,10
0.2,5673,88,442071,77.91170250264364,14
0.2,5674,94,442165,77.91453744493393,8
0.2,5675,93,442258,77.91719520789289,10
0.2,5676,86,442344,77.9186189889026,15
0.2,5677,93,442437,77.92127509686509,8
0.2,5678,94,442531,77.92410635675294,8
0.2,5679,92,442623,77.92658450704225,9
0.2,5680,90,442713,77.92870973420173,11
0.2,5681,93,442806,77.93136219640971,8
0.2,5682,92,442898,77.93383776174555,10
0.2,5683,91,442989,77.93613652357494,12
0.2,5684,93,443082,77.93878627968338,8
0.2,5685,96,443178,77.94196271544143,6
0.2,5686,94,443272,77.94478635484438,7
0.2,5687,95,443367,77.94778481012658,6
0.2,5688,91,443458,77.95007910001758,10
0.2,5689,82,443540,77.95079086115993,19
0.2,5690,94,443634,77.95361096468108,7
0.2,5691,91,443725,77.95590302178496,10
0.2,5692,93,443818,77.95854558229405,8
0.2,5693,90,443908,77.96066034422199,11
0.2,5694,96,444004,77.9638279192274,6
0.2,5695,93,444097,77.96646769662921,8
0.2,5696,90,444187,77.96857995436194,11
0.2,5697,-50,444137,77.94612144612145,13
0.2,5698,94,444231,77.94893841024741,7
0.2,5699,90,444321,77.95105263157895,11
0.2,5700,93,444414,77.95369233467812,8
0.2,5701,20,444434,77.94352858646089,12
0.2,5702,93,444527,77.94616868314922,8
0.2,5703,95,444622,77.94915848527349,8
0.2,5704,90,444712,77.9512708150745,11
0.2,5705,91,444803,77.95355765860498,11
0.2,5706,90,444893,77.95566847730856,11
0.2,5707,90,444983,77.95777855641205,11
0.2,5708,88,445071,77.95953757225433,14
0.2,5709,94,445165,77.96234676007005,7
0.2,5710,92,445257,77.96480476273858,9
0.2,5711,95,445352,77.96778711484593,6
0.2,5712,89,445441,77.96971818659199,12
0.2,5713,88,445529,77.97147357367868,14
0.2,5714,96,445625,77.97462817147857,6
0.2,5715,92,445717,77.97708187543736,10
0.2,5716,93,445810,77.97970963792199,8
0.2,5717,92,445902,77.98216159496327,9
0.2,5718,94,445996,77.98496240601504,7
0.2,5719,92,446088,77.98741258741259,9
0.2,5720,90,446178,77.98951232302045,11
0.2,5721,26,446204,77.98042642432716,7
0.2,5722,89,446293,77.98235191333217,16
0.2,5723,90,446383,77.98445143256464,12
0.2,5724,95,446478,77.98742358078603,6
0.2,5725,92,446570,77.9898707649319,9
0.2,5726,90,446660,77.99196787148594,11
0.2,5727,93,446753,77.99458798882682,8
0.2,5728,94,446847,77.99738174201431,8
0.2,5729,94,446941,78.0001745200698,7
0.2,5730,91,447032,78.00244285465016,10
0.2,5731,94,447126,78.00523377529657,7
0.2,5732,96,447222,78.00837257980115,6
0.2,5733,93,447315,78.0109870945239,8
0.2,5734,94,447409,78.01377506538797,9
0.2,5735,93,447502,78.01638772663877,8
0.2,5736,94,447596,78.01917378420778,7
0.2,5737,26,447622,78.01010805158592,6
0.2,5738,93,447715,78.01271998606029,9
0.2,5739,92,447807,78.01515679442508,10
0.2,5740,94,447901,78.0179411252395,7
0.2,5741,93,447994,78.02055033089516,8
0.2,5742,94,448088,78.02333275291659,8
0.2,5743,95,448183,78.02628830083566,6
0.2,5744,16,448199,78.01549173194081,16
0.2,5745,91,448290,78.01775147928994,10
0.2,5746,92,448382,78.02018444405778,10
0.2,5747,94,448476,78.02296450939457,8
0.2,5748,94,448570,78.02574360758393,7
0.2,5749,93,448663,78.02834782608696,8
0.2,5750,94,448757,78.03112502173535,8
0.2,5751,18,448775,78.02068845618915,16
0.2,5752,95,448870,78.02363984008343,7
0.2,5753,19,448889,78.01338199513383,13
0.2,5754,21,448910,78.00347523892268,11
0.2,5755,91,449001,78.00573314801946,12
0.2,5756,92,449093,78.00816397429216,10
0.2,5757,90,449183,78.01024661340743,12
0.2,5758,93,449276,78.01284945303004,9
0.2,5759,23,449299,78.0032986111111,9
0.2,5760,92,449391,78.00572817219233,9
0.2,5761,89,449480,78.00763623741756,12
0.2,5762,86,449566,78.00902307825785,15
0.2,5763,93,449659,78.01162387231089,8
0.2,5764,89,449748,78.01352992194276,12
0.2,5765,22,449770,78.00381546999652,11
0.2,5766,93,449863,78.00641581411479,8
0.2,5767,25,449888,77.99722607489598,9
0.2,5768,95,449983,78.00017334026694,6
0.2,5769,94,450077,78.00294627383016,7
0.2,5770,94,450171,78.00571824640444,7
0.2,5771,95,450266,78.00866250866251,6
0.2,5772,95,450361,78.01160575090941,6
0.2,5773,85,450446,78.0128160720471,16
0.2,5774,94,450540,78.01558441558441,8
0.2,5775,94,450634,78.01835180055402,7
0.2,5776,92,450726,78.02077202700363,9
0.2,5777,21,450747,78.01090342679127,12
0.2,5778,81,450828,78.01142066101401,20
0.2,5779,93,450921,78.01401384083044,8
0.2,5780,96,451017,78.01712506486767,6
0.2,5781,89,451106,78.01902455897613,14
0.2,5782,96,451202,78.02213384056718,6
0.2,5783,-48,451154,78.00034578146611,13
0.2,5784,94,451248,78.00311149524633,7
0.2,5785,91,451339,78.00535776011061,10
0.2,5786,94,451433,78.00812165197857,7
0.2,5787,27,451460,77.99930891499655,6
0.2,5788,24,451484,77.98998099844533,8
0.2,5789,96,451580,77.99309153713298,6
0.2,5790,13,451593,77.98186841650838,19
0.2,5791,94,451687,77.98463397790056,7
0.2,5792,89,451776,77.98653547384775,12
0.2,5793,95,451871,77.98947186744908,9
0.2,5794,90,451961,77.99154443485763,11
0.2,5795,93,452054,77.99413388543823,8
0.2,5796,96,452150,77.99723995169916,6
0.2,5797,-45,452105,77.97602621593653,9
0.2,5798,22,452127,77.9663735126746,10
0.2,5799,95,452222,77.96931034482759,6
0.2,5800,25,452247,77.96017927943458,8
0.2,5801,92,452339,77.96259910375733,11
0.2,5802,94,452433,77.96536274340858,7
0.2,5803,22,452455,77.95572019297036,11
0.2,5804,94,452549,77.95848406546081,7
0.2,5805,95,452644,77.961419221495,6
0.2,5806,18,452662,77.95109350783537,14
0.2,5807,92,452754,77.95351239669421,9
0.2,5808,94,452848,77.95627474608366,7
0.2,5809,94,452942,77.95903614457832,7
0.2,5810,95,453037,77.96196868008948,7
0.2,5811,95,453132,77.96490020646938,7
0.2,5812,15,453147,77.95406846722862,18
0.2,5813,23,453170,77.94461644306845,9
0.2,5814,94,453264,77.94737747205502,8
0.2,5815,89,453353,77.94927785419533,12
0.2,5816,93,453446,77.95186522262334,8
0.2,5817,94,453540,77.95462358198694,7
0.2,5818,94,453634,77.95738099329782,7
0.2,5819,94,453728,77.96013745704467,7
0.2,5820,89,453817,77.96203401477409,12
0.2,5821,87,453904,77.96358639642735,15
0.2,5822,94,453998,77.96634037437747,7
0.2,5823,85,454083,77.96754807692308,16
0.2,5824,93,454176,77.97012875536481,8
0.2,5825,-55,454121,77.94730518365945,18
0.2,5826,95,454216,77.95023168010984,7
0.2,5827,93,454309,77.95281400137269,8
0.2,5828,94,454403,77.95556699262309,7
0.2,5829,24,454427,77.94631217838764,10
0.2,5830,94,454521,77.94906534042188,8
0.2,5831,95,454616,77.9519890260631,6
0.2,5832,94,454710,77.95474027087262,7
0.2,5833,94,454804,77.957490572506,7
0.2,5834,89,454893,77.95938303341903,12
0.2,5835,93,454986,77.96196024674434,8
0.2,5836,90,455076,77.9640226143567,12
0.2,5837,90,455166,77.9660842754368,11
0.2,5838,27,455193,77.95735571159445,6
0.2,5839,93,455286,77.95993150684932,8
0.2,5840,95,455381,77.96284882725561,6
0.2,5841,17,455398,77.95241355700102,15
0.2,5842,90,455488,77.95447544069827,11
0.2,5843,91,455579,77.95670773442848,10
0.2,5844,94,455673,77.95945252352438,7
0.2,5845,96,455769,77.96253848785494,6
0.2,5846,89,455858,77.96442620147084,13
0.2,5847,95,455953,77.96733926128591,6
0.2,5848,93,456046,77.96990938621987,8
0.2,5849,86,456132,77.97128205128205,17
0.2,5850,91,456223,77.9735088019142,10
0.2,5851,94,456317,77.97624743677375,7
0.2,5852,95,456412,77.97915598838203,6
0.2,5853,96,456508,77.98223436966177,6
0.2,5854,94,456602,77.98497011101622,8
0.2,5855,95,456697,77.98787568306011,7
0.2,5856,92,456789,77.99026805531842,9
0.2,5857,93,456882,77.9928303175145,8
0.2,5858,96,456978,77.99590373783923,6
0.2,5859,86,457064,77.99726962457338,18
0.2,5860,96,457160,78.00034123869646,8
0.2,5861,24,457184,77.99112930740361,8
0.2,5862,93,457277,77.99368923759168,8
0.2,5863,88,457365,77.99539563437926,14
0.2,5864,90,457455,77.99744245524296,11
0.2,5865,91,457546,77.99965905216501,10
0.2,5866,93,457639,78.00221578319413,8
0.2,5867,93,457732,78.00477164280845,8
0.2,5868,91,457823,78.00698585789743,10
0.2,5869,91,457914,78.00919931856899,10
0.2,5870,94,458008,78.01192301141202,8
0.2,5871,94,458102,78.01464577656675,7
0.2,5872,93,458195,78.0171973437766,8
0.2,5873,94,458289,78.01991828396322,8
0.2,5874,96,458385,78.02297872340425,6
0.2,5875,17,458402,78.01259360108918,15
0.2,5876,96,458498,78.01565424536328,6
0.2,5877,87,458585,78.01718271520926,14
0.2,5878,95,458680,78.02007144072121,6
0.2,5879,89,458769,78.02193877551021,13
0.2,5880,93,458862,78.02448563169528,8
0.2,5881,93,458955,78.02703162189731,8
0.2,5882,87,459042,78.02855685874553,14
0.2,5883,94,459136,78.03127124405167,7
0.2,5884,87,459223,78.03279524214103,14
0.2,5885,93,459316,78.03533809038396,8
0.2,5886,94,459410,78.03804994054697,7
0.2,5887,90,459500,78.04008152173913,11
0.2,5888,92,459592,78.042452029207,9
0.2,5889,91,459683,78.0446519524618,10
0.2,5890,93,459776,78.04719062977424,8
0.2,5891,94,459870,78.0498981670061,8
0.2,5892,91,459961,78.05209570677074,10
0.2,5893,91,460052,78.05429250084832,10
0.2,5894,93,460145,78.0568278201866,8
0.2,5895,91,460236,78.05902306648575,11
0.2,5896,92,460328,78.06138714600644,10
0.2,5897,94,460422,78.06408952187182,7
0.2,5898,95,460517,78.06696050177996,7
0.2,5899,94,460611,78.06966101694915,8
0.2,5900,94,460705,78.0723606168446,7
0.2,5901,94,460799,78.07505930193155,7
0.2,5902,95,460894,78.077926478062,6
0.2,5903,-122,460772,78.0440379403794,18
0.2,5904,-46,460726,78.02303132938188,10
0.2,5905,95,460821,78.02590585844904,6
0.2,5906,96,460917,78.02894870492636,6
0.2,5907,92,461009,78.0313134732566,10
0.2,5908,95,461104,78.03418514130986,6
0.2,5909,94,461198,78.03688663282571,7
0.2,5910,23,461221,78.02757570631027,9
0.2,5911,93,461314,78.03010825439783,8
0.2,5912,92,461406,78.03247082699137,9
0.2,5913,17,461423,78.02215082854244,15
0.2,5914,90,461513,78.02417582417583,11
0.2,5915,96,461609,78.02721433400947,6
0.2,5916,94,461703,78.02991380767281,7
0.2,5917,20,461723,78.02010814464346,12
0.2,5918,24,461747,78.01098158472715,9
0.2,5919,86,461833,78.01233108108109,15
0.2,5920,87,461920,78.01384901199121,14
0.2,5921,94,462014,78.01654846335697,7
0.2,5922,24,462038,78.00742866790478,8
0.2,5923,89,462127,78.0092842673869,12
0.2,5924,93,462220,78.01181434599157,8
0.2,5925,93,462313,78.01434357070536,8
0.2,5926,92,462405,78.01670322254091,10
0.2,5927,88,462493,78.01838731443995,13
0.2,5928,94,462587,78.0210828132906,10
0.2,5929,92,462679,78.02344013490725,9
0.2,5930,25,462704,78.01450008430281,8
0.2,5931,92,462796,78.01685772083614,9
0.2,5932,93,462889,78.01938311141075,8
0.2,5933,93,462982,78.02190765082575,8
0.2,5934,96,463078,78.02493681550126,6
0.2,5935,94,463172,78.027628032345,7
0.2,5936,92,463264,78.02998147212396,12
0.2,5937,95,463359,78.03283933984507,6
0.2,5938,24,463383,78.02374137060112,8
0.2,5939,25,463408,78.01481481481481,7
0.2,5940,92,463500,78.01716882679683,9
0.2,5941,26,463526,78.00841467519354,7
0.2,5942,95,463621,78.01127376745751,7
0.2,5943,94,463715,78.01396366083445,7
0.2,5944,91,463806,78.0161480235492,10
0.2,5945,92,463898,78.01849983181971,10
0.2,5946,23,463921,78.0092483605179,9
0.2,5947,92,464013,78.01160053799596,9
0.2,5948,93,464106,78.01412002017146,8
0.2,5949,93,464199,78.01663865546219,8
0.2,5950,94,464293,78.01932448328012,7
0.2,5951,90,464383,78.02133736559139,12
0.2,5952,94,464477,78.02402150176381,8
0.2,5953,96,464573,78.02704064494458,6
0.2,5954,21,464594,78.01746431570109,11
0.2,5955,95,464689,78.02031564808597,6
0.2,5956,92,464781,78.02266241396676,10
0.2,5957,92,464873,78.02500839207788,9
0.2,5958,93,464966,78.02752139620742,8
0.2,5959,94,465060,78.03020134228188,7
0.2,5960,93,465153,78.03271263210871,8
0.2,5961,94,465247,78.03539080845354,7
0.2,5962,92,465339,78.03773268489016,9
0.2,5963,93,465432,78.04024144869216,8
0.2,5964,92,465524,78.04258172673931,10
0.2,5965,89,465613,78.04441837076769,12
0.2,5966,93,465706,78.0469247528071,8
0.2,5967,91,465797,78.04909517426273,10
0.2,5968,93,465890,78.0515999329871,8
0.2,5969,92,465982,78.05393634840871,9
0.2,5970,25,466007,78.04505108022107,8
0.2,5971,94,466101,78.04772270596115,7
0.2,5972,91,466192,78.049891176963,10
0.2,5973,90,466282,78.05189152996317,11
0.2,5974,93,466375,78.05439330543933,8
0.2,5975,90,466465,78.05639223560911,12
0.2,5976,85,466550,78.05755395683454,16
0.2,5977,-50,466500,78.0361324857812,13
0.2,5978,83,466583,78.0369627027931,18
0.2,5979,93,466676,78.03946488294315,8
0.2,5980,95,466771,78.04230061862565,6
0.2,5981,93,466864,78.0448010698763,8
0.2,5982,93,466957,78.04730068527495,8
0.2,5983,94,467051,78.0499665775401,7
0.2,5984,-52,466999,78.02823725981621,15
0.2,5985,95,467094,78.03107250250585,8
0.2,5986,89,467183,78.03290462669116,13
0.2,5987,91,467274,78.03507014028057,10
0.2,5988,94,467368,78.0377358490566,8
0.2,5989,88,467456,78.03939899833055,13
0.2,5990,92,467548,78.0417292605575,10
0.2,5991,92,467640,78.04405874499332,9
0.2,5992,22,467662,78.03470715835141,11
0.2,5993,90,467752,78.0367033700367,12
0.2,5994,91,467843,78.03886572143453,10
0.2,5995,93,467936,78.04136090727151,9
0.2,5996,95,468031,78.0441887610472,7
0.2,5997,91,468122,78.04634878292764,12
0.2,5998,92,468214,78.04867477912985,9
0.2,5999,86,468300,78.05,15
0.2,6000,94,468394,78.05265789035161,7
0.2,6001,93,468487,78.05514828390537,10
0.2,6002,19,468506,78.04531067799434,14
0.2,6003,92,468598,78.04763491005995,9
0.2,6004,95,468693,78.05045795170692,6
0.2,6005,91,468784,78.05261405261405,10
0.2,6006,96,468880,78.05560179790244,6
0.2,6007,90,468970,78.05758988015978,11
0.2,6008,96,469066,78.06057580296222,6
0.2,6009,87,469153,78.06206322795342,14
0.2,6010,94,469247,78.06471468973548,8
0.2,6011,93,469340,78.06719893546241,8
0.2,6012,95,469435,78.07001496757026,6
0.2,6013,91,469526,78.0721649484536,10
0.2,6014,89,469615,78.0739817123857,12
0.2,6015,22,469637,78.06466090425532,10
0.2,6016,86,469723,78.06597972411501,16
0.2,6017,90,469813,78.06796277833168,11
0.2,6018,92,469905,78.07027745472669,9
0.2,6019,96,470001,78.0732558139535,6
0.2,6020,91,470092,78.0754027570171,12
0.2,6021,96,470188,78.07837927598804,7
0.2,6022,91,470279,78.0805246554873,10
0.2,6023,96,470375,78.08349933598937,6
0.2,6024,88,470463,78.08514522821577,13
0.2,6025,95,470558,78.08795220710256,6
0.2,6026,96,470654,78.09092417454787,6
0.2,6027,94,470748,78.09356337093563,7
0.2,6028,94,470842,78.09620169182286,7
0.2,6029,91,470933,78.0983416252073,10
0.2,6030,90,471023,78.10031503896535,11
0.2,6031,94,471117,78.10295092838196,7
0.2,6032,94,471211,78.1055859439748,7
0.2,6033,95,471306,78.10838581372224,6
0.2,6034,95,471401,78.11118475559238,6
0.2,6035,94,471495,78.1138170974155,7
0.2,6036,96,471591,78.11677985754514,6
0.2,6037,22,471613,78.1074859224909,10
0.2,6038,93,471706,78.10995197880443,8
0.2,6039,96,471802,78.11291390728476,6
0.2,6040,90,471892,78.11488164211224,12
0.2,6041,95,471987,78.11767626613704,8
0.2,6042,93,472080,78.12013900380606,8
0.2,6043,96,472176,78.12309728656518,6
0.2,6044,94,472270,78.12572373862696,8
0.2,6045,94,472364,78.1283493218657,7
0.2,6046,91,472455,78.13047792293699,12
0.2,6047,93,472548,78.1329365079365,10
0.2,6048,85,472633,78.13407174739626,16
0.2,6049,92,472725,78.13636363636364,9
0.2,6050,92,472817,78.13865476780697,9
0.2,6051,96,472913,78.1416060806345,6
0.2,6052,90,473003,78.14356517429374,11
0.2,6053,96,473099,78.14651470102412,6
0.2,6054,94,473193,78.14913294797688,9
0.2,6055,93,473286,78.15158520475562,8
0.2,6056,93,473379,78.15403665180783,8
0.2,6057,93,473472,78.1564872895345,8
0.2,6058,90,473562,78.1584419871266,11
0.2,6059,89,473651,78.16023102310231,12
0.2,6060,22,473673,78.15096518726283,10
0.2,6061,95,473768,78.15374463873309,7
0.2,6062,93,473861,78.15619330364505,8
0.2,6063,95,473956,78.1589709762533,8
0.2,6064,93,474049,78.16141797197032,9
0.2,6065,94,474143,78.16402901417739,8
0.2,6066,92,474235,78.16630954343168,9
0.2,6067,95,474330,78.16908371786421,6
0.2,6068,94,474424,78.17169220629428,7
0.2,6069,94,474518,78.17429983525535,7
0.2,6070,89,474607,78.17608301762478,12
0.2,6071,93,474700,78.17852437417655,8
0.2,6072,94,474794,78.18112958998847,8
0.2,6073,24,474818,78.17220941718801,8
0.2,6074,96,474914,78.1751440329218,6
0.2,6075,92,475006,78.1774193548387,9
0.2,6076,96,475102,78.18035214744117,7
0.2,6077,19,475121,78.17061533399145,13
0.2,6078,93,475214,78.1730547787465,8
0.2,6079,94,475308,78.17565789473684,7
0.2,6080,92,475400,78.1779312613057,10
0.2,6081,93,475493,78.18036829990135,8
0.2,6082,94,475587,78.18296892980437,7
0.2,6083,11,475598,78.17192636423405,22
0.2,6084,22,475620,78.16269515201314,10
0.2,6085,14,475634,78.15215248110417,18
0.2,6086,93,475727,78.15459175291605,9
0.2,6087,21,475748,78.14520367936925,11
0.2,6088,94,475842,78.14780752176056,7
0.2,6089,94,475936,78.1504105090312,7
0.2,6090,93,476029,78.15284846494828,8
0.2,6091,93,476122,78.15528562048588,8
0.2,6092,93,476215,78.15772197603808,8
0.2,6093,90,476305,78.15966524450279,13
0.2,6094,90,476395,78.16160787530762,12
0.2,6095,93,476488,78.16404199475066,12
0.2,6096,19,476507,78.15433819911432,13
0.2,6097,94,476601,78.15693670055757,7
0.2,6098,94,476695,78.15953434989342,7
0.2,6099,90,476785,78.16147540983607,11
0.2,6100,94,476879,78.16407146369447,7
0.2,6101,92,476971,78.16633890527696,9
0.2,6102,95,477066,78.16909716532852,6
0.2,6103,91,477157,78.1711992136304,10
0.2,6104,94,477251,78.17379197379198,7
0.2,6105,18,477269,78.16393711103832,19
0.2,6106,92,477361,78.16620271819224,9
0.2,6107,23,477384,78.15717092337917,9
0.2,6108,92,477476,78.15943689638239,9
0.2,6109,95,477571,78.16219312602291,6
0.2,6110,92,477663,78.16445753559155,9
0.2,6111,96,477759,78.16737565445027,7
0.2,6112,95,477854,78.1701292327826,9
0.2,6113,80,477934,78.17042852469741,22
0.2,6114,95,478029,78.17318070318888,6
0.2,6115,25,478054,78.16448659254415,8
0.2,6116,95,478149,78.16723884256989,7
0.2,6117,94,478243,78.16982674076496,7
0.2,6118,92,478335,78.17208694231084,9
0.2,6119,94,478429,78.17467320261439,8
0.2,6120,20,478449,78.16516909001797,14
0.2,6121,94,478543,78.16775563541326,8
0.2,6122,21,478564,78.15841907561652,11
0.2,6123,95,478659,78.16116917047681,6
0.2,6124,94,478753,78.16375510204081,7
0.2,6125,94,478847,78.16634018935684,8
0.2,6126,24,478871,78.15749959196997,10
0.2,6127,21,478892,78.1481723237598,11
0.2,6128,27,478919,78.13982705172133,6
0.2,6129,91,479010,78.14192495921696,10
0.2,6130,90,479100,78.14385907682271,11
0.2,6131,-49,479051,78.12312459230267,13
0.2,6132,95,479146,78.12587640632643,8
0.2,6133,25,479171,78.11721552005217,9
0.2,6134,91,479262,78.11931540342299,11
0.2,6135,94,479356,78.1219035202086,8
0.2,6136,95,479451,78.12465373961219,6
0.2,6137,94,479545,78.12724014336918,8
0.2,6138,94,479639,78.12982570451213,7
0.2,6139,93,479732,78.13224755700325,8
0.2,6140,92,479824,78.13450578081746,9
0.2,6141,23,479847,78.12552914360143,10
0.2,6142,94,479941,78.12811329969071,9
0.2,6143,94,480035,78.13069661458333,7
0.2,6144,92,480127,78.13295362082994,9
0.2,6145,93,480220,78.13537260006508,9
0.2,6146,82,480302,78.13600130144786,19
0.2,6147,92,480394,78.13825634352635,9
0.2,6148,82,480476,78.13888437144251,19
0.2,6149,94,480570,78.14146341463415,7
0.2,6150,93,480663,78.14387904405788,8
0.2,6151,24,480687,78.13507802340702,8
0.2,6152,93,480780,78.137493905412,8
0.2,6153,91,480871,78.13958401039974,10
0.2,6154,88,480959,78.14118602761982,13
0.2,6155,92,481051,78.14343729694608,9
0.2,6156,93,481144,78.14585025174598,8
0.2,6157,96,481240,78.14874959402404,7
0.2,6158,92,481332,78.15099853872381,9
0.2,6159,26,481358,78.14253246753246,9
0.2,6160,92,481450,78.14478169128388,10
0.2,6161,94,481544,78.14735475494969,7
0.2,6162,90,481634,78.14927794905078,15
0.2,6163,92,481726,78.15152498377677,9
0.2,6164,92,481818,78.15377128953772,9
0.2,6165,91,481909,78.1558546869932,10
0.2,6166,93,482002,78.15826171558294,8
0.2,6167,92,482094,78.16050583657588,9
0.2,6168,96,482190,78.16339763332793,6
0.2,6169,94,482284,78.16596434359805,7
0.2,6170,93,482377,78.16836817371576,8
0.2,6171,90,482467,78.1702851587816,11
0.2,6172,92,482559,78.17252551433663,9
0.2,6173,93,482652,78.17492711370262,8
0.2,6174,96,482748,78.17781376518218,6
0.2,6175,18,482766,78.16806994818653,14
0.2,6176,93,482859,78.17047110247692,9
0.2,6177,92,482951,78.17270961476206,10
0.2,6178,94,483045,78.17527107946269,7
0.2,6179,93,483138,78.17766990291263,8
0.2,6180,93,483231,78.18006795016987,9
0.2,6181,93,483324,78.18246522161112,8
0.2,6182,94,483418,78.18502345139899,7
0.2,6183,94,483512,78.1875808538163,8
0.2,6184,95,483607,78.19029911075182,8
0.2,6185,92,483699,78.1925315227934,9
0.2,6186,92,483791,78.19476321318895,9
0.2,6187,95,483886,78.19747899159664,6
0.2,6188,93,483979,78.19987073840684,8
0.2,6189,91,484070,78.20193861066235,10
0.2,6190,94,484164,78.20449038927475,7
0.2,6191,15,484179,78.19428294573643,17
0.2,6192,10,484189,78.18327143549169,25
0.2,6193,94,484283,78.18582499192767,7
0.2,6194,91,484374,78.18789346246973,10
0.2,6195,92,484466,78.1901226597805,9
0.2,6196,95,484561,78.19283524285945,6
0.2,6197,94,484655,78.19538560826074,7
0.2,6198,93,484748,78.19777383448944,10
0.2,6199,91,484839,78.19983870967742,10
0.2,6200,91,484930,78.20190291888404,10
0.2,6201,94,485024,78.20445017736215,7
0.2,6202,95,485119,78.20715782685797,7
0.2,6203,93,485212,78.20954223081883,8
0.2,6204,94,485306,78.21208702659146,7
0.2,6205,94,485400,78.21463100225589,8
0.2,6206,82,485482,78.21524085709683,19
0.2,6207,95,485577,78.21794458762886,6
0.2,6208,96,485673,78.22080850378482,6
0.2,6209,91,485764,78.22286634460548,10
0.2,6210,90,485854,78.22476251811302,11
0.2,6211,94,485948,78.2273019961365,8
0.2,6212,87,486035,78.22871398680186,14
0.2,6213,84,486119,78.22964274219504,17
0.2,6214,92,486211,78.23185840707964,9
0.2,6215,24,486235,78.22313384813384,8
0.2,6216,93,486328,78.2255106964774,8
0.2,6217,95,486423,78.228208427147,6
0.2,6218,92,486515,78.23042289757196,9
0.2,6219,93,486608,78.23279742765273,8
0.2,6220,92,486700,78.23501044848095,9
0.2,6221,91,486791,78.23706203792993,10
0.2,6222,90,486881,78.23895227382292,11
0.2,6223,88,486969,78.2405205655527,14
0.2,6224,94,487063,78.24305220883534,7
0.2,6225,91,487154,78.24510118856409,10
0.2,6226,96,487250,78.24795246507146,6
0.2,6227,95,487345,78.25064226075787,6
0.2,6228,88,487433,78.25220741692085,13
0.2,6229,96,487529,78.25505617977528,6
0.2,6230,83,487612,78.25581768576473,18
0.2,6231,96,487708,78.2586649550706,6
0.2,6232,93,487801,78.26103000160437,8
0.2,6233,93,487894,78.26339428938081,8
0.2,6234,89,487983,78.26511627906977,12
0.2,6235,94,488077,78.26763951250801,7
0.2,6236,95,488172,78.27032227032227,8
0.2,6237,96,488268,78.27316447579352,6
0.2,6238,23,488291,78.26430517711172,10
0.2,6239,96,488387,78.26714743589744,6
0.2,6240,-58,488329,78.24531325108155,23
0.2,6241,94,488423,78.24783723165652,7
0.2,6242,95,488518,78.25052058305302,6
0.2,6243,90,488608,78.25240230621397,12
0.2,6244,94,488702,78.25492393915133,10
0.2,6245,94,488796,78.25744476464938,8
0.2,6246,93,488889,78.259804706259,8
0.2,6247,-47,488842,78.23975672215109,10
0.2,6248,90,488932,78.24163866218595,13
0.2,6249,90,489022,78.24352,12
0.2,6250,93,489115,78.24588065909454,8
0.2,6251,93,489208,78.24824056301983,8
0.2,6252,90,489298,78.25011994242763,11
0.2,6253,91,489389,78.25215861848417,10
0.2,6254,96,489485,78.25499600319745,6
0.2,6255,89,489574,78.25671355498721,12
0.2,6256,94,489668,78.25922966277768,8
0.2,6257,95,489763,78.26190476190476,7
0.2,6258,90,489853,78.26378015657453,11
0.2,6259,91,489944,78.26581469648562,10
0.2,6260,93,490037,78.26816802427727,8
0.2,6261,93,490130,78.27052060044714,8
0.2,6262,94,490224,78.27303209324604,7
0.2,6263,93,490317,78.27538314176245,8
0.2,6264,94,490411,78.27789305666401,7
0.2,6265,95,490506,78.28056176188956,6
0.2,6266,92,490598,78.28275091750439,9
0.2,6267,88,490686,78.28430121250798,13
0.2,6268,94,490780,78.28680810336577,7
0.2,6269,94,490874,78.28931419457736,7
0.2,6270,86,490960,78.29054377292297,16
0.2,6271,94,491054,78.29304846938776,7
0.2,6272,85,491139,78.29411764705883,16
0.2,6273,91,491230,78.29614281160345,10
0.2,6274,94,491324,78.2986454183267,7
0.2,6275,92,491416,78.30082855321861,9
0.2,6276,94,491510,78.30332961605863,7
0.2,6277,85,491595,78.3043963045556,16
0.2,6278,94,491689,78.30689600254817,8
0.2,6279,89,491778,78.30859872611465,12
0.2,6280,93,491871,78.31093774876612,8
0.2,6281,23,491894,78.30213307863738,9
0.2,6282,94,491988,78.30463154544007,7
0.2,6283,24,492012,78.2959898154042,9
0.2,6284,93,492105,78.29832935560859,8
0.2,6285,87,492192,78.29971364937957,14
0.2,6286,92,492284,78.30189279465564,10
0.2,6287,89,492373,78.3035941475827,13
0.2,6288,93,492466,78.30593099061853,8
0.2,6289,90,492556,78.30779014308426,11
0.2,6290,92,492648,78.3099666189795,9
0.2,6291,89,492737,78.31166560712015,12
0.2,6292,-46,492691,78.2919116478627,11
0.2,6293,91,492782,78.29393072767715,10
0.2,6294,94,492876,78.29642573471008,7
0.2,6295,95,492971,78.2990787801779,7
0.2,6296,91,493062,78.30109575988565,10
0.2,6297,6,493068,78.28961575103207,26
0.2,6298,96,493164,78.29242736942372,6
0.2,6299,95,493259,78.29507936507936,6
0.2,6300,90,493349,78.29693699412792,12
0.2,6301,95,493444,78.2995874325611,7
0.2,6302,96,493540,78.30239568459464,6
0.2,6303,93,493633,78.3047271573604,8
0.2,6304,90,493723,78.3065820777161,13
0.2,6305,93,493816,78.30891214716144,8
0.2,6306,23,493839,78.30014269858887,9
0.2,6307,94,493933,78.30263157894737,7
0.2,6308,-118,493815,78.2715168806467,12
0.2,6309,88,493903,78.27305863708399,13
0.2,6310,96,493999,78.2758675328791,6
0.2,6311,90,494089,78.27772496831432,12
0.2,6312,95,494184,78.2803738317757,6
0.2,6313,94,494278,78.28286347798543,7
0.2,6314,94,494372,78.28535233570862,7
0.2,6315,96,494468,78.28815706143129,6
0.2,6316,90,494558,78.29001108120943,11
0.2,6317,95,494653,78.29265590376701,6
0.2,6318,12,494665,78.28216489950941,20
0.2,6319,87,494752,78.28354430379747,14
0.2,6320,94,494846,78.28603069134631,8
0.2,6321,24,494870,78.2774438468839,9
0.2,6322,94,494964,78.27993041277874,7
0.2,6323,95,495059,78.2825743200506,6
0.2,6324,94,495153,78.28505928853755,7
0.2,6325,90,495243,78.28691116029086,11
0.2,6326,95,495338,78.28955271060535,7
0.2,6327,85,495423,78.29061314791403,16
0.2,6328,88,495511,78.29214725865066,13
0.2,6329,22,495533,78.28325434439178,12
0.2,6330,92,495625,78.28542094455852,9
0.2,6331,94,495719,78.28790271636134,8
0.2,6332,84,495803,78.2888046739302,17
0.2,6333,94,495897,78.29128512788128,7
0.2,6334,94,495991,78.29376479873717,7
0.2,6335,91,496082,78.29577020202021,11
0.2,6336,90,496172,78.29761716900742,11
0.2,6337,-49,496123,78.2775323445882,12
0.2,6338,23,496146,78.26881211547563,9
0.2,6339,13,496159,78.25851735015773,20
0.2,6340,96,496255,78.26131524996057,6
0.2,6341,94,496349,78.26379690949227,7
0.2,6342,92,496441,78.26596247832256,9
0.2,6343,94,496535,78.26844262295081,10
0.2,6344,96,496631,78.27123719464144,6
0.2,6345,20,496651,78.26205483769303,12
0.2,6346,91,496742,78.2640617614621,10
0.2,6347,93,496835,78.26638311279143,8
0.2,6348,92,496927,78.2685462277524,9
0.2,6349,93,497020,78.27086614173228,8
0.2,6350,21,497041,78.2618485277909,11
0.2,6351,94,497135,78.26432619647355,7
0.2,6352,95,497230,78.26696049110656,6
0.2,6353,94,497324,78.26943657538558,7
0.2,6354,94,497418,78.27191188040912,7
0.2,6355,95,497513,78.27454373820012,6
0.2,6356,23,497536,78.26584867075664,11
0.2,6357,93,497629,78.2681660899654,8
0.2,6358,91,497720,78.27016826545054,10
0.2,6359,92,497812,78.27232704402516,9
0.2,6360,94,497906,78.27479955981764,7
0.2,6361,94,498000,78.27727129833386,7
0.2,6362,94,498094,78.27974225994028,7
0.2,6363,92,498186,78.28189817724702,9
0.2,6364,94,498280,78.28436763550668,7
0.2,6365,93,498373,78.28667923342758,8
0.2,6366,89,498462,78.2883618658709,13
0.2,6367,93,498555,78.29067211055276,8
0.2,6368,93,498648,78.2929816297692,9
0.2,6369,91,498739,78.29497645211931,10
0.2,6370,92,498831,78.29712760948046,9
0.2,6371,94,498925,78.2995919648462,7
0.2,6372,94,499019,78.30205554683822,7
0.2,6373,92,499111,78.30420458111077,10
0.2,6374,91,499202,78.30619607843137,10
0.2,6375,95,499297,78.30881430363864,6
0.2,6376,94,499391,78.31127489415086,9
0.2,6377,93,499484,78.31357792411414,8
0.2,6378,92,499576,78.31572346762816,9
0.2,6379,91,499667,78.31771159874609,10
0.2,6380,96,499763,78.32048268296505,6
0.2,6381,95,499858,78.32309620808525,6
0.2,6382,96,499954,78.32586558044807,6
0.2,6383,12,499966,78.31547619047619,20
0.2,6384,20,499986,78.30634299138606,13
0.2,6385,21,500007,78.29736924522393,12
0.2,6386,95,500102,78.29998434319712,8
0.2,6387,92,500194,78.30212899185973,9
0.2,6388,90,500284,78.30395993113163,11
0.2,6389,91,500375,78.30594679186228,10
0.2,6390,94,500469,78.30840244093257,8
0.2,6391,93,500562,78.31070087609513,8
0.2,6392,93,500655,78.31299859221023,8
0.2,6393,92,500747,78.31513919299343,9
0.2,6394,95,500842,78.31774824081313,8
0.2,6395,13,500855,78.30753595997498,21
0.2,6396,92,500947,78.30967641081757,9
0.2,6397,95,501042,78.31228508909034,6
0.2,6398,95,501137,78.31489295202375,6
0.2,6399,92,501229,78.31703125,9
0.2,6400,96,501325,78.31979378222152,7
0.2,6401,87,501412,78.32114964073727,14
0.2,6402,96,501508,78.32391066687491,6
0.2,6403,87,501595,78.32526545908807,15
0.2,6404,91,501686,78.3272443403591,12
0.2,6405,27,501713,78.3192319700281,6
0.2,6406,25,501738,78.31090994225066,8
0.2,6407,93,501831,78.31320224719101,8
0.2,6408,93,501924,78.31549383679202,10
0.2,6409,93,502017,78.31778471138846,9
0.2,6410,91,502108,78.31976290750274,10
0.2,6411,94,502202,78.32220835932627,7
0.2,6412,93,502295,78.32449711523468,8
0.2,6413,94,502389,78.3269410664172,7
0.2,6414,91,502480,78.32891660171474,10
0.2,6415,88,502568,78.33042394014963,13
0.2,6416,26,502594,78.32226897304037,6
0.2,6417,96,502690,78.3250233717669,6
0.2,6418,95,502785,78.3276211247858,7
0.2,6419,95,502880,78.33021806853583,6
0.2,6420,93,502973,78.33250272543218,8
0.2,6421,83,503056,78.33322952351293,18
0.2,6422,92,503148,78.33535730966838,9
0.2,6423,94,503242,78.33779576587796,7
0.2,6424,27,503269,78.32980544747082,6
0.2,6425,92,503361,78.33193277310924,9
0.2,6426,93,503454,78.33421503034074,8
0.2,6427,90,503544,78.33602986932172,11
0.2,6428,93,503637,78.33831077928139,8
0.2,6429,92,503729,78.34043545878694,10
0.2,6430,90,503819,78.34224848390608,11
0.2,6431,88,503907,78.34375,14
0.2,6432,91,503998,78.34571739468366,10
0.2,6433,93,504091,78.34799502642213,9
0.2,6434,94,504185,78.35042735042735,8
0.2,6435,92,504277,78.35254816656308,9
0.2,6436,95,504372,78.35513437936928,6
0.2,6437,95,504467,78.35771978875427,6
0.2,6438,88,504555,78.35921726976238,13
0.2,6439,93,504648,78.36149068322982,8
0.2,6440,96,504744,78.3642291569632,6
0.2,6441,94,504838,78.3666563179137,8
0.2,6442,96,504934,78.36939313984169,6
0.2,6443,90,505024,78.37119801365611,14
0.2,6444,93,505117,78.37346780449961,9
0.2,6445,94,505211,78.37589202606267,8
0.2,6446,94,505305,78.37831549557934,7
0.2,6447,93,505398,78.38058312655087,8
0.2,6448,93,505491,78.38285005427198,8
0.2,6449,25,505516,78.37457364341086,7
0.2,6450,87,505603,78.37591071151759,14
0.2,6451,93,505696,78.37817730936143,8
0.2,6452,92,505788,78.38028823802883,10
0.2,6453,95,505883,78.38286334056399,7
0.2,6454,95,505978,78.38543764523625,6
0.2,6455,94,506072,78.38785625774473,7
0.2,6456,26,506098,78.37974291466625,7
0.2,6457,94,506192,78.38216165995664,8
0.2,6458,95,506287,78.38473447902152,6
0.2,6459,95,506382,78.38730650154798,6
0.2,6460,96,506478,78.39003250270856,6
0.2,6461,82,506560,78.39059114825132,20
0.2,6462,92,506652,78.39269688998917,9
0.2,6463,96,506748,78.39542079207921,6
0.2,6464,17,506765,78.38592420726991,17
0.2,6465,91,506856,78.38787503866378,10
0.2,6466,96,506952,78.39059842276171,6
0.2,6467,91,507043,78.39254792826222,10
0.2,6468,93,507136,78.39480599783583,8
0.2,6469,95,507231,78.39737248840804,8
0.2,6470,88,507319,78.3988564364086,13
0.2,6471,24,507343,78.39045117428924,8
0.2,6472,95,507438,78.39301714815387,6
0.2,6473,95,507533,78.39558232931726,7
0.2,6474,91,507624,78.39752895752896,10
0.2,6475,93,507717,78.3997838171711,8
0.2,6476,95,507812,78.40234676547784,6
0.2,6477,91,507903,78.40429144797777,12
0.2,6478,89,507992,78.40592684056182,12
0.2,6479,93,508085,78.40817901234568,9
0.2,6480,93,508178,78.41043048912205,8
0.2,6481,91,508269,78.41237272446776,10
0.2,6482,95,508364,78.41493135893876,7
0.2,6483,89,508453,78.41656384947564,12
0.2,6484,90,508543,78.4183500385505,12
0.2,6485,91,508634,78.42028985507247,10
0.2,6486,90,508724,78.4220749190689,12
0.2,6487,93,508817,78.42432182490752,10
0.2,6488,94,508911,78.42672214516875,8
0.2,6489,94,509005,78.42912172573189,7
0.2,6490,23,509028,78.42058234478509,11
0.2,6491,96,509124,78.42329020332717,6
0.2,6492,93,509217,78.42553519174496,9
0.2,6493,26,509243,78.41746227286727,8
0.2,6494,94,509337,78.41986143187067,7
0.2,6495,23,509360,78.41133004926108,11
0.2,6496,94,509454,78.4137294135755,7
0.2,6497,85,509539,78.4147429978455,16
0.2,6498,91,509630,78.41667948915217,10
0.2,6499,26,509656,78.40861538461539,8
0.2,6500,96,509752,78.41132133517921,6
0.2,6501,96,509848,78.41402645339896,6
0.2,6502,96,509944,78.41673073965862,6
0.2,6503,90,510034,78.41851168511685,11
0.2,6504,92,510126,78.42059953881629,9
0.2,6505,23,510149,78.41208115585613,9
0.2,6506,90,510239,78.41386199477486,11
0.2,6507,94,510333,78.41625691456669,8
0.2,6508,20,510353,78.40728222461208,12
0.2,6509,83,510436,78.40798771121352,20
0.2,6510,88,510524,78.40946091230225,14
0.2,6511,92,510616,78.41154791154791,9
0.2,6512,95,510711,78.41409488714878,6
0.2,6513,94,510805,78.41648756524408,7
0.2,6514,90,510895,78.4182655410591,11
0.2,6515,91,510986,78.42019643953346,10
0.2,6516,23,511009,78.41169249654749,10
0.2,6517,94,511103,78.41408407486959,7
0.2,6518,25,511128,78.40589047399908,8
0.2,6519,95,511223,78.40843558282208,8
0.2,6520,92,511315,78.41051985891734,9
0.2,6521,92,511407,78.41260349586017,9
0.2,6522,93,511500,78.41483979763912,8
0.2,6523,95,511595,78.41738197424893,6
0.2,6524,92,511687,78.41946360153257,9
0.2,6525,92,511779,78.4215445908673,9
0.2,6526,94,511873,78.42393136203462,7
0.2,6527,27,511900,78.41605392156863,6
0.2,6528,93,511993,78.41828763976106,8
0.2,6529,91,512084,78.42021439509953,10
0.2,6530,92,512176,78.42229367631298,9
0.2,6531,89,512265,78.42391304347827,12
0.2,6532,88,512353,78.42537884585948,13
0.2,6533,15,512368,78.41567187021732,19
0.2,6534,95,512463,78.41820964039786,6
0.2,6535,94,512557,78.42059363525092,7
0.2,6536,96,512653,78.42328285146091,6
0.2,6537,93,512746,78.42551238910983,10
0.2,6538,95,512841,78.42804710200336,6
0.2,6539,95,512936,78.43058103975535,6
0.2,6540,90,513026,78.43234979360955,11
0.2,6541,26,513052,78.42433506572914,7
0.2,6542,90,513142,78.42610423353202,13
0.2,6543,93,513235,78.42833129584352,8
0.2,6544,92,513327,78.43040488922841,9
0.2,6545,88,513415,78.43186678887871,13
0.2,6546,93,513508,78.43409195051169,10
0.2,6547,26,513534,78.42608430054979,6
0.2,6548,95,513629,78.4286150557337,6
0.2,6549,91,513720,78.43053435114504,10
0.2,6550,94,513814,78.43291100595329,7
0.2,6551,91,513905,78.43482905982906,12
0.2,6552,91,513996,78.43674652830765,10
0.2,6553,18,514014,78.42752517546536,14
0.2,6554,91,514105,78.42944317315026,10
0.2,6555,86,514191,78.43059792556437,15
0.2,6556,94,514285,78.43297239591277,7
0.2,6557,20,514305,78.42406221408966,12
0.2,6558,95,514400,78.42658941911877,8
0.2,6559,92,514492,78.42865853658536,11
0.2,6560,87,514579,78.42996494436824,14
0.2,6561,91,514670,78.43188052423042,10
0.2,6562,95,514765,78.43440499771447,7
0.2,6563,26,514791,78.4264168190128,8
0.2,6564,94,514885,78.42878903274944,8
0.2,6565,93,514978,78.43100822418519,8
0.2,6566,93,515071,78.4332267397594,8
0.2,6567,94,515165,78.43559683313033,7
0.2,6568,93,515258,78.43781397472979,8
0.2,6569,89,515347,78.43942161339422,14
0.2,6570,94,515441,78.44178968193577,8
0.2,6571,90,515531,78.44354838709677,11
0.2,6572,91,515622,78.44545869465998,10
0.2,6573,94,515716,78.4478247642227,7
0.2,6574,24,515740,78.43954372623574,8
0.2,6575,18,515758,78.43035279805353,15
0.2,6576,91,515849,78.43226395012924,10
0.2,6577,18,515867,78.42307692307692,15
0.2,6578,24,515891,78.41480468156254,9
0.2,6579,94,515985,78.41717325227964,7
0.2,6580,93,516078,78.41938915058502,8
0.2,6581,92,516170,78.42145244606503,9
0.2,6582,23,516193,78.41303357132007,9
0.2,6583,96,516289,78.41570473876064,6
0.2,6584,91,516380,78.41761579347,10
0.2,6585,94,516474,78.41998177953234,7
0.2,6586,93,516567,78.42219523303477,8
0.2,6587,93,516660,78.42440801457195,8
0.2,6588,94,516754,78.42677189254819,7
0.2,6589,89,516843,78.42837632776934,13
0.2,6590,95,516938,78.4308906084054,6
0.2,6591,92,517030,78.43294902912622,9
0.2,6592,24,517054,78.42469285605945,8
0.2,6593,94,517148,78.42705489839248,7
0.2,6594,95,517243,78.42956785443518,6
0.2,6595,95,517338,78.43208004851425,8
0.2,6596,94,517432,78.43443989692284,8
0.2,6597,92,517524,78.43649590785087,9
0.2,6598,92,517616,78.43855129565085,9
0.2,6599,93,517709,78.44075757575757,8
0.2,6600,95,517804,78.44326617179215,6
0.2,6601,94,517898,78.44562253862466,7
0.2,6602,92,517990,78.44767529910646,10
0.2,6603,96,518086,78.4503331314355,6
0.2,6604,96,518182,78.45299015897048,6
0.2,6605,91,518273,78.45488949439903,10
0.2,6606,93,518366,78.45709096412895,8
0.2,6607,94,518460,78.45944309927361,8
0.2,6608,94,518554,78.46179452262066,7
0.2,6609,94,518648,78.46414523449319,7
0.2,6610,94,518742,78.46649523521404,7
0.2,6611,94,518836,78.46884452510587,7
0.2,6612,93,518929,78.4710418871919,8
0.2,6613,91,519020,78.472936195948,10
0.2,6614,93,519113,78.47513227513228,8
0.2,6615,23,519136,78.46674727932286,9
0.2,6616,84,519220,78.46758349705304,17
0.2,6617,92,519312,78.46962828649139,9
0.2,6618,94,519406,78.47197461852244,10
0.2,6619,94,519500,78.47432024169184,7
0.2,6620,92,519592,78.47636308714695,9
0.2,6621,95,519687,78.47885835095137,6
0.2,6622,93,519780,78.48105088328552,8
0.2,6623,92,519872,78.48309178743962,10
0.2,6624,94,519966,78.48543396226415,7
0.2,6625,91,520057,78.48732266827649,10
0.2,6626,93,520150,78.48951259996981,9
0.2,6627,95,520245,78.49200362100181,7
0.2,6628,92,520337,78.49404133353447,10
0.2,6629,94,520431,78.49638009049774,7
0.2,6630,95,520526,78.49886894887649,6
0.2,6631,90,520616,78.50060313630881,11
0.2,6632,94,520710,78.50293984622343,7
0.2,6633,93,520803,78.50512511305396,8
0.2,6634,92,520895,78.50715900527506,9
0.2,6635,94,520989,78.50949367088607,7
0.2,6636,95,521084,78.51197830345035,7
0.2,6637,94,521178,78.51431153962037,8
0.2,6638,91,521269,78.51619219762013,10
0.2,6639,91,521360,78.51807228915662,10
0.2,6640,95,521455,78.52055413341364,6
0.2,6641,96,521551,78.52318578741342,6
0.2,6642,91,521642,78.52506397711878,13
0.2,6643,94,521736,78.52739313666466,8
0.2,6644,94,521830,78.52972159518436,7
0.2,6645,95,521925,78.53219981944027,7
0.2,6646,93,522018,78.53437641041072,8
0.2,6647,93,522111,78.5365523465704,9
0.2,6648,94,522205,78.53887802677094,9
0.2,6649,92,522297,78.5409022556391,9
0.2,6650,93,522390,78.54307622913848,9
0.2,6651,94,522484,78.54539987973541,7
0.2,6652,93,522577,78.54757252367354,8
0.2,6653,90,522667,78.5492936579501,13
0.2,6654,90,522757,78.55101427498121,11
0.2,6655,93,522850,78.55318509615384,8
0.2,6656,92,522942,78.55520504731861,9
0.2,6657,96,523038,78.55782517272455,6
0.2,6658,15,523053,78.54828052260099,17
0.2,6659,95,523148,78.55075075075075,6
0.2,6660,95,523243,78.55322023720161,6
0.2,6661,93,523336,78.5553887721405,8
0.2,6662,23,523359,78.5470508779829,9
0.2,6663,92,523451,78.54906962785114,9
0.2,6664,27,523478,78.54133533383346,7
0.2,6665,87,523565,78.54260426042605,14
0.2,6666,93,523658,78.54477276136193,9
0.2,6667,91,523749,78.54664067186563,11
0.2,6668,89,523838,78.54820812715549,14
0.2,6669,92,523930,78.55022488755623,9
0.2,6670,95,524025,78.55269075101184,6
0.2,6671,92,524117,78.55470623501199,9
0.2,6672,93,524210,78.55687097257605,8
0.2,6673,96,524306,78.55948456697632,7
0.2,6674,91,524397,78.56134831460675,10
0.2,6675,94,524491,78.56366087477531,7
0.2,6676,90,524581,78.56537367081025,11
0.2,6677,96,524677,78.567984426475,6
0.2,6678,93,524770,78.57014523132206,9
0.2,6679,94,524864,78.57245508982037,7
0.2,6680,93,524957,78.5746145786559,8
0.2,6681,96,525053,78.57722238850644,6
0.2,6682,94,525147,78.57953015112973,7
0.2,6683,91,525238,78.58138839018552,10
0.2,6684,85,525323,78.58234854151084,16
0.2,6685,23,525346,78.57403529763685,9
0.2,6686,96,525442,78.57664124420518,6
0.2,6687,93,525535,78.57879784688996,8
0.2,6688,87,525622,78.58005680968755,14
0.2,6689,94,525716,78.58236173393124,8
0.2,6690,95,525811,78.58481542370349,8
0.2,6691,93,525904,78.58696951583981,8
0.2,6692,94,525998,78.58927237412222,7
0.2,6693,94,526092,78.59157454436809,8
0.2,6694,93,526185,78.59372666168782,8
0.2,6695,82,526267,78.59423536439665,19
0.2,6696,95,526362,78.59668508287292,6
0.2,6697,94,526456,78.5989847715736,8
0.2,6698,89,526545,78.60053739364085,14
0.2,6699,91,526636,78.6023880597015,10
0.2,6700,92,526728,78.60438740486495,9
0.2,6701,93,526821,78.60653536257834,9
0.2,6702,21,526842,78.5979412203491,12
0.2,6703,91,526933,78.59979116945108,10
0.2,6704,91,527024,78.60164056674124,10
0.2,6705,96,527120,78.60423501342082,6
0.2,6706,92,527212,78.60623229461757,9
0.2,6707,95,527307,78.60867620751341,10
0.2,6708,88,527395,78.61007601729021,13
0.2,6709,94,527489,78.6123695976155,7
0.2,6710,82,527571,78.6128743853375,19
0.2,6711,92,527663,78.61486889153754,11
0.2,6712,90,527753,78.61656487412483,11
0.2,6713,22,527775,78.60813226094727,10
0.2,6714,93,527868,78.6102755026061,9
0.2,6715,94,527962,78.61256700416915,8
0.2,6716,93,528055,78.61470894744677,9
0.2,6717,95,528150,78.6171479607026,7
0.2,6718,91,528241,78.61899092126805,11
0.2,6719,96,528337,78.62157738095237,6
0.2,6720,91,528428,78.62341913405743,11
0.2,6721,94,528522,78.62570663493008,8
0.2,6722,95,528617,78.62814219842332,6
0.2,6723,24,528641,78.62001784651993,8
0.2,6724,12,528653,78.61011152416357,22
0.2,6725,94,528747,78.61239964317573,7
0.2,6726,94,528841,78.61468708190873,10
0.2,6727,92,528933,78.61667657550535,9
0.2,6728,23,528956,78.60841135384157,10
0.2,6729,94,529050,78.61069836552748,8
0.2,6730,94,529144,78.61298469766751,7
0.2,6731,25,529169,78.60502079619727,9
0.2,6732,89,529258,78.60656468141987,13
0.2,6733,91,529349,78.60840510840511,10
0.2,6734,94,529443,78.61069042316258,8
0.2,6735,91,529534,78.6125296912114,10
0.2,6736,23,529557,78.60427489980704,10
0.2,6737,94,529651,78.60655981003265,8
0.2,6738,93,529744,78.6086956521739,8
0.2,6739,95,529839,78.61112759643918,8
0.2,6740,89,529928,78.61266874350987,12
0.2,6741,95,530023,78.61509937703946,6
0.2,6742,90,530113,78.61678777991992,11
0.2,6743,19,530132,78.6079478054567,13
0.2,6744,89,530221,78.60948851000741,12
0.2,6745,96,530317,78.61206640972428,6
0.2,6746,88,530405,78.61345783311101,13
0.2,6747,-44,530361,78.5952874925904,8
0.2,6748,23,530384,78.58704993332346,9
0.2,6749,91,530475,78.58888888888889,10
0.2,6750,95,530570,78.59131980447341,6
0.2,6751,94,530664,78.5936018957346,7
0.2,6752,92,530756,78.59558714645343,10
0.2,6753,88,530844,78.59697956766361,13
0.2,6754,96,530940,78.59955588452998,6
0.2,6755,91,531031,78.60139135583185,10
0.2,6756,92,531123,78.60337427852598,9
0.2,6757,94,531217,78.60565255992897,8
0.2,6758,92,531309,78.60763426542388,9
0.2,6759,93,531402,78.60976331360946,9
0.2,6760,94,531496,78.61203963910664,7
0.2,6761,89,531585,78.61357586512867,12
0.2,6762,93,531678,78.61570309034452,10
0.2,6763,94,531772,78.61797752808988,7
0.2,6764,90,531862,78.61966001478197,11
0.2,6765,95,531957,78.6220809932013,6
0.2,6766,93,532050,78.6242057041525,8
0.2,6767,92,532142,78.62618203309692,9
0.2,6768,20,532162,78.61752105185404,12
0.2,6769,86,532248,78.61861152141802,16
0.2,6770,94,532342,78.62088317826023,7
0.2,6771,94,532436,78.62315416420556,8
0.2,6772,92,532528,78.62512918942862,13
0.2,6773,94,532622,78.62739887806319,7
0.2,6774,92,532714,78.62937269372694,9
0.2,6775,95,532809,78.63178866587957,6
0.2,6776,96,532905,78.63435148295706,6
0.2,6777,21,532926,78.62584833284154,11
0.2,6778,93,533019,78.62796872695088,8
0.2,6779,95,533114,78.63038348082596,6
0.2,6780,95,533209,78.63279752248931,6
0.2,6781,94,533303,78.63506340312593,7
0.2,6782,91,533394,78.63688633348076,10
0.2,6783,19,533413,78.62809551886792,15
0.2,6784,88,533501,78.62947678703021,13
0.2,6785,91,533592,78.63129973474801,10
0.2,6786,90,533682,78.63297480477384,11
0.2,6787,94,533776,78.63523865645256,7
0.2,6788,84,533860,78.63602887023126,17
0.2,6789,93,533953,78.6381443298969,8
0.2,6790,95,534048,78.64055367398026,7
0.2,6791,94,534142,78.64281507656067,8
0.2,6792,93,534235,78.64492860297365,8
0.2,6793,96,534331,78.64748307329997,6
0.2,6794,94,534425,78.64974245768948,7
0.2,6795,27,534452,78.64214243672748,6
0.2,6796,91,534543,78.64396057084008,10
0.2,6797,85,534628,78.64489555751692,16
0.2,6798,90,534718,78.64656567142227,11
0.2,6799,93,534811,78.64867647058824,11
0.2,6800,89,534900,78.65019850022055,14
0.2,6801,15,534915,78.64084092913849,17
0.2,6802,88,535003,78.64221666911656,13
0.2,6803,88,535091,78.64359200470311,14
0.2,6804,94,535185,78.64584864070537,8
0.2,6805,94,535279,78.64810461357625,7
0.2,6806,91,535370,78.64991920082268,11
0.2,6807,95,535465,78.65232079905994,6
0.2,6808,93,535558,78.65442796299016,8
0.2,6809,-48,535510,78.63582966226139,12
0.2,6810,93,535603,78.63793862868889,8
0.2,6811,89,535692,78.63945977686436,12
0.2,6812,87,535779,78.64068692206077,14
0.2,6813,91,535870,78.6425007337834,10
0.2,6814,22,535892,78.63418928833455,10
0.2,6815,94,535986,78.63644366197182,7
0.2,6816,93,536079,78.63855068211824,8
0.2,6817,95,536174,78.64095042534467,7
0.2,6818,94,536268,78.64320281566212,8
0.2,6819,92,536360,78.64516129032258,10
0.2,6820,24,536384,78.63714997800909,9
0.2,6821,88,536472,78.63852242744063,13
0.2,6822,93,536565,78.64062729004837,8
0.2,6823,92,536657,78.64258499413833,9
0.2,6824,26,536683,78.6348717948718,7
0.2,6825,96,536779,78.63741576325813,6
0.2,6826,93,536872,78.63951955470924,8
0.2,6827,93,536965,78.64162272993556,8
0.2,6828,92,537057,78.64357885488359,9
0.2,6829,96,537153,78.64612005856516,6
0.2,6830,89,537242,78.64763577807057,13
0.2,6831,92,537334,78.64959016393442,9
0.2,6832,25,537359,78.64173862139617,7
0.2,6833,92,537451,78.64369329821481,9
0.2,6834,24,537475,78.6356986100951,9
0.2,6835,96,537571,78.63823873610298,6
0.2,6836,95,537666,78.64063185607722,7
0.2,6837,90,537756,78.64229306814858,11
0.2,6838,92,537848,78.64424623482965,9
0.2,6839,96,537944,78.64678362573099,6
0.2,6840,94,538038,78.64902791989475,8
0.2,6841,95,538133,78.65141771411868,7
0.2,6842,91,538224,78.6532222709338,10
0.2,6843,93,538317,78.65531852717709,8
0.2,6844,86,538403,78.65639152666179,15
0.2,6845,96,538499,78.65892491966112,6
0.2,6846,93,538592,78.66101942456551,8
0.2,6847,93,538685,78.66311331775701,8
0.2,6848,93,538778,78.66520659950358,8
0.2,6849,93,538871,78.66729927007299,8
0.2,6850,93,538964,78.66939132973289,8
0.2,6851,90,539054,78.67104495037945,11
0.2,6852,91,539145,78.67284400992266,10
0.2,6853,90,539235,78.6744966442953,11
0.2,6854,93,539328,78.6765864332604,8
0.2,6855,23,539351,78.66846557759627,10
0.2,6856,95,539446,78.67084730931894,7
0.2,6857,95,539541,78.6732283464567,6
0.2,6858,95,539636,78.67560868931331,6
0.2,6859,96,539732,78.67813411078717,7
0.2,6860,95,539827,78.68051304474567,6
0.2,6861,91,539918,78.6823083649082,10
0.2,6862,90,540008,78.68395745300889,11
0.2,6863,94,540102,78.68618881118881,7
0.2,6864,83,540185,78.68681718863802,18
0.2,6865,94,540279,78.68904748033789,7
0.2,6866,91,540370,78.69084025047327,10
0.2,6867,13,540383,78.68127548048922,19
0.2,6868,96,540479,78.68379676808851,6
0.2,6869,93,540572,78.6858806404658,8
0.2,6870,23,540595,78.67777616067531,10
0.2,6871,95,540690,78.68015133876601,8
0.2,6872,26,540716,78.67248654153936,8
0.2,6873,91,540807,78.6742798952575,10
0.2,6874,94,540901,78.6765090909091,7
0.2,6875,90,540991,78.6781559045957,14
0.2,6876,94,541085,78.68038388832339,7
0.2,6877,91,541176,78.68217505088688,10
0.2,6878,17,541193,78.67320831516209,17
0.2,6879,21,541214,78.66482558139535,12
0.2,6880,92,541306,78.66676355180932,10
0.2,6881,85,541391,78.6676838128451,16
0.2,6882,90,541481,78.66933023390963,11
0.2,6883,95,541576,78.67170249854736,6
0.2,6884,92,541668,78.67363834422657,9
0.2,6885,96,541764,78.67615451641011,6
0.2,6886,96,541860,78.67866995789169,6
0.2,6887,95,541955,78.68103948896632,8
0.2,6888,19,541974,78.67237625199594,14
0.2,6889,93,542067,78.6744557329463,9
0.2,6890,94,542161,78.67667972718039,7
0.2,6891,94,542255,78.67890307603018,7
0.2,6892,96,542351,78.68141592920354,6
0.2,6893,95,542446,78.68378299970989,7
0.2,6894,91,542537,78.68556925308194,11
0.2,6895,94,542631,78.68779002320186,7
0.2,6896,93,542724,78.68986515876468,8
0.2,6897,86,542810,78.69092490576979,15
0.2,6898,96,542906,78.69343383099,6
0.2,6899,24,542930,78.68550724637682,8
0.2,6900,91,543021,78.68729169685552,10
0.2,6901,92,543113,78.68922051579253,12
0.2,6902,90,543203,78.69085904679125,11
0.2,6903,91,543294,78.69264194669756,10
0.2,6904,93,543387,78.69471397538015,8
0.2,6905,93,543480,78.69678540399653,9
0.2,6906,92,543572,78.69871145215,9
0.2,6907,89,543661,78.70020266357847,12
0.2,6908,95,543756,78.70256187581415,6
0.2,6909,95,543851,78.70492040520985,6
0.2,6910,94,543945,78.70713355520185,7
0.2,6911,93,544038,78.70920138888889,8
0.2,6912,90,544128,78.71083465933748,11
0.2,6913,23,544151,78.70277697425513,10
0.2,6914,94,544245,78.70498915401302,7
0.2,6915,22,544267,78.69679005205322,10
0.2,6916,92,544359,78.69871331502097,9
0.2,6917,94,544453,78.70092512286789,7
0.2,6918,91,544544,78.70270270270271,11
0.2,6919,90,544634,78.70433526011561,12
0.2,6920,90,544724,78.70596734575928,13
0.2,6921,85,544809,78.70687662525282,16
0.2,6922,96,544905,78.70937454860609,8
0.2,6923,93,544998,78.71143847487002,8
0.2,6924,92,545090,78.71335740072202,9
0.2,6925,89,545179,78.71484262200404,12
0.2,6926,93,545272,78.71690486502094,8
0.2,6927,94,545366,78.71911085450347,8
0.2,6928,95,545461,78.72146052821475,6
0.2,6929,94,545555,78.72366522366522,7
0.2,6930,95,545650,78.72601356225653,6
0.2,6931,93,545743,78.72807270628967,9
0.2,6932,94,545837,78.73027549401414,8
0.2,6933,95,545932,78.73262186328238,6
0.2,6934,91,546023,78.73439077144917,10
0.2,6935,95,546118,78.73673587081892,8
0.2,6936,87,546205,78.73792705780596,14
0.2,6937,94,546299,78.74012683770539,7
0.2,6938,96,546395,78.74261420954028,6
0.2,6939,94,546489,78.74481268011527,7
0.2,6940,94,546583,78.74701051721654,10
0.2,6941,93,546676,78.74906367041199,8
0.2,6942,95,546771,78.75140429209276,7
0.2,6943,92,546863,78.75331221198157,9
0.2,6944,93,546956,78.75536357091433,8
0.2,6945,89,547045,78.75683846818313,12
0.2,6946,95,547140,78.75917662300273,6
0.2,6947,90,547230,78.76079447322971,11
0.2,6948,92,547322,78.76269966901712,9
0.2,6949,93,547415,78.76474820143885,9
0.2,6950,93,547508,78.76679614443965,9
0.2,6951,87,547595,78.76798043728424,14
0.2,6952,86,547681,78.76902056666188,17
0.2,6953,91,547772,78.77077940753523,10
0.2,6954,91,547863,78.7725377426312,10
0.2,6955,96,547959,78.7750143760782,6
0.2,6956,96,548055,78.77749029754204,6
0.2,6957,95,548150,78.77982178787008,6
0.2,6958,94,548244,78.78200890932605,7
0.2,6959,96,548340,78.78448275862068,6
0.2,6960,87,548427,78.78566297945697,18
0.2,6961,92,548519,78.78756104567653,9
0.2,6962,91,548610,78.7893149504524,12
0.2,6963,91,548701,78.79106835152211,10
0.2,6964,96,548797,78.79353912419239,6
0.2,6965,94,548891,78.79572207866782,7
0.2,6966,96,548987,78.79819147409215,6
0.2,6967,96,549083,78.8006601607348,6
0.2,6968,91,549174,78.8024106758502,10
0.2,6969,91,549265,78.8041606886657,10
0.2,6970,94,549359,78.80634055372256,8
0.2,6971,23,549382,78.79833620195066,9
0.2,6972,92,549474,78.80022945647498,9
0.2,6973,96,549570,78.80269572698595,6
0.2,6974,89,549659,78.80415770609319,12
0.2,6975,94,549753,78.80633600917432,7
0.2,6976,91,549844,78.80808370359753,12
0.2,6977,93,549937,78.81011751218114,8
0.2,6978,90,550027,78.81172087691647,12
0.2,6979,92,550119,78.81361031518625,10
0.2,6980,95,550214,78.81592895000716,7
0.2,6981,92,550306,78.81781724434259,9
0.2,6982,25,550331,78.8101102677932,7
0.2,6983,91,550422,78.8118556701031,10
0.2,6984,93,550515,78.81388690050107,8
0.2,6985,93,550608,78.81591754938448,8
0.2,6986,95,550703,78.81823386288822,7
0.2,6987,93,550796,78.82026330852891,8
0.2,6988,89,550885,78.82171984547145,12
0.2,6989,93,550978,78.82374821173104,8
0.2,6990,25,551003,78.81604920612216,7
0.2,6991,92,551095,78.8179347826087,9
0.2,6992,93,551188,78.81996281996283,9
0.2,6993,26,551214,78.81241063768945,9
0.2,6994,89,551303,78.81386704789135,12
0.2,6995,94,551397,78.81603773584905,7
0.2,6996,91,551488,78.8177790481635,10
0.2,6997,96,551584,78.82023435267219,6
0.2,6998,92,551676,78.82211744534933,9
0.2,6999,91,551767,78.82385714285714,10
0.2,7000,94,551861,78.82602485359234,7
0.2,7001,92,551953,78.82790631248214,9
0.2,7002,94,552047,78.83007282593174,10
0.2,7003,-123,551924,78.80125642490006,17
0.2,7004,94,552018,78.803426124197,7
0.2,7005,92,552110,78.80530973451327,9
0.2,7006,93,552203,78.80733552162124,8
0.2,7007,94,552297,78.80950342465754,8
0.2,7008,94,552391,78.81167070908832,7
0.2,7009,89,552480,78.81312410841655,12
0.2,7010,92,552572,78.81500499215518,9
0.2,7011,91,552663,78.81674272675414,10
0.2,7012,91,552754,78.81847996577784,10
0.2,7013,91,552845,78.82021670943827,11
0.2,7014,26,552871,78.81268709907341,7
0.2,7015,25,552896,78.80501710376282,8
0.2,7016,96,552992,78.80746757873735,6
0.2,7017,94,553086,78.8096323738957,7
0.2,7018,94,553180,78.81179655221541,8
0.2,7019,94,553274,78.8139601139601,7
0.2,7020,94,553368,78.81612305939325,7
0.2,7021,94,553462,78.81828538877812,7
0.2,7022,92,553554,78.82016232379326,9
0.2,7023,96,553650,78.82260820045558,6
0.2,7024,92,553742,78.82448398576513,9
0.2,7025,94,553836,78.8266438941076,7
0.2,7026,95,553931,78.82894549594421,7
0.2,7027,93,554024,78.83096186681844,8
0.2,7028,95,554119,78.83326219945938,6
0.2,7029,91,554210,78.83499288762447,10
0.2,7030,95,554305,78.83729199260418,6
0.2,7031,94,554399,78.83944823663253,7
0.2,7032,92,554491,78.84131949381488,11
0.2,7033,89,554580,78.84276371907876,13
0.2,7034,22,554602,78.83468372423596,11
0.2,7035,91,554693,78.83641273450824,11
0.2,7036,19,554712,78.82790962057695,14
0.2,7037,94,554806,78.83006535947712,7
0.2,7038,93,554899,78.83207842023015,8
0.2,7039,94,554993,78.83423295454546,7
0.2,7040,93,555086,78.83624485158359,8
0.2,7041,90,555176,78.83783016188583,11
0.2,7042,89,555265,78.83927303705808,12
0.2,7043,81,555346,78.83957978421351,20
0.2,7044,93,555439,78.84158977998581,9
0.2,7045,90,555529,78.84317343173431,12
0.2,7046,94,555623,78.84532425145451,7
0.2,7047,96,555719,78.8477582292849,6
0.2,7048,92,555811,78.84962406015038,9
0.2,7049,88,555899,78.8509219858156,13
0.2,7050,94,555993,78.85307048645582,8
0.2,7051,93,556086,78.85507657402155,8
0.2,7052,23,556109,78.84715723805473,9
0.2,7053,87,556196,78.84831301389282,14
0.2,7054,85,556281,78.8491849751949,16
0.2,7055,93,556374,78.85119047619048,8
0.2,7056,95,556469,78.85347881536063,6
0.2,7057,13,556482,78.8441484839898,19
0.2,7058,26,556508,78.83666241677291,7
0.2,7059,91,556599,78.83838526912182,10
0.2,7060,91,556690,78.84010763347968,10
0.2,7061,11,556701,78.83050127442651,21
0.2,7062,94,556795,78.83264901599887,8
0.2,7063,94,556889,78.83479614949037,7
0.2,7064,93,556982,78.83680113234253,8
0.2,7065,91,557073,78.83852250212284,10
0.2,7066,94,557167,78.84066789302392,7
0.2,7067,95,557262,78.84295415959252,8
0.2,7068,95,557357,78.84523977931815,7
0.2,7069,94,557451,78.84738330975955,7
0.2,7070,19,557470,78.83891953047659,14
0.2,7071,90,557560,78.84049773755656,11
0.2,7072,95,557655,78.84278241198926,6
0.2,7073,91,557746,78.84450098953916,13
0.2,7074,92,557838,78.84636042402826,9
0.2,7075,94,557932,78.84850197851894,8
0.2,7076,91,558023,78.85021901935849,10
0.2,7077,95,558118,78.85250070641425,7
0.2,7078,93,558211,78.8544992230541,8
0.2,7079,93,558304,78.85649717514124,8
0.2,7080,92,558396,78.85835333992374,9
0.2,7081,84,558480,78.8590793561141,20
0.2,7082,93,558573,78.86107581533248,8
0.2,7083,94,558667,78.86321287408244,8
0.2,7084,20,558687,78.85490472829922,13
0.2,7085,90,558777,78.85647756138866,11
0.2,7086,94,558871,78.85861436432906,8
0.2,7087,92,558963,78.8604683972912,9
0.2,7088,93,559056,78.86246297079983,8
0.2,7089,96,559152,78.86488011283498,6
0.2,7090,95,559247,78.86715554928783,6
0.2,7091,94,559341,78.86928934010152,7
0.2,7092,13,559354,78.86000281968137,20
0.2,7093,91,559445,78.86171412461235,10
0.2,7094,88,559533,78.8630021141649,13
0.2,7095,92,559625,78.86485343855693,9
0.2,7096,92,559717,78.86670424122869,9
0.2,7097,95,559812,78.86897717666949,6
0.2,7098,91,559903,78.87068601211438,10
0.2,7099,88,559991,78.87197183098591,13
0.2,7100,93,560084,78.87396141388537,8
0.2,7101,91,560175,78.87566882568291,10
0.2,7102,88,560263,78.87695339997184,14
0.2,7103,94,560357,78.8790822072072,7
0.2,7104,93,560450,78.88106966924701,8
0.2,7105,22,560472,78.87306501547988,12
0.2,7106,93,560565,78.8750527648797,8
0.2,7107,93,560658,78.8770399549803,10
0.2,7108,-49,560609,78.85905190603461,14
0.2,7109,94,560703,78.86118143459916,8
0.2,7110,86,560789,78.86218534664604,15
0.2,7111,87,560876,78.86332958380203,14
0.2,7112,93,560969,78.8653170251652,8
0.2,7113,96,561065,78.86772561147033,6
0.2,7114,95,561160,78.86999297259311,8
0.2,7115,96,561256,78.87240022484542,7
0.2,7116,90,561346,78.87396374877055,11
0.2,7117,94,561440,78.87608878898567,7
0.2,7118,92,561532,78.87793229386149,10
0.2,7119,89,561621,78.87935393258427,12
0.2,7120,94,561715,78.88147732060104,7
0.2,7121,94,561809,78.883600112328,7
0.2,7122,92,561901,78.8854415274463,9
0.2,7123,93,561994,78.88742279618192,8
0.2,7124,20,562014,78.87915789473684,13
0.2,7125,87,562101,78.88029750210497,14
0.2,7126,94,562195,78.88241897011365,7
0.2,7127,96,562291,78.8848204264871,6
0.2,7128,94,562385,78.88694066488989,7
0.2,7129,95,562480,78.88920056100982,7
0.2,7130,92,562572,78.89103912494741,10
0.2,7131,83,562655,78.89161525518789,18
0.2,7132,27,562682,78.88434038973784,6
0.2,7133,96,562778,78.88673955705075,6
0.2,7134,95,562873,78.88899789768746,6
0.2,7135,90,562963,78.89055493273543,11
0.2,7136,94,563057,78.89267199103264,8
0.2,7137,94,563151,78.89478845615018,9
0.2,7138,95,563246,78.89704440397814,6
0.2,7139,92,563338,78.89887955182073,10
0.2,7140,90,563428,78.90043411286935,11
0.2,7141,93,563521,78.90240828899468,8
0.2,7142,91,563612,78.90410191796164,10
0.2,7143,95,563707,78.90635498320269,6
0.2,7144,93,563800,78.90832750174947,8
0.2,7145,94,563894,78.91043940666107,7
0.2,7146,19,563913,78.9020568070519,13
0.2,7147,94,564007,78.90416899832121,7
0.2,7148,92,564099,78.90600083927822,10
0.2,7149,95,564194,78.90825174825174,6
0.2,7150,93,564287,78.91022234652496,8
0.2,7151,87,564374,78.91135346756153,15
0.2,7152,93,564467,78.91332308122466,9
0.2,7153,92,564559,78.91515236231479,9
0.2,7154,-46,564513,78.89769392033543,10
0.2,7155,88,564601,78.89896590273896,14
0.2,7156,94,564695,78.90107586977784,7
0.2,7157,86,564781,78.9020676166527,15
0.2,7158,94,564875,78.9041765609722,7
0.2,7159,95,564970,78.90642458100558,6
0.2,7160,96,565066,78.90881161848904,6
0.2,7161,94,565160,78.91091873778274,7
0.2,7162,95,565255,78.91316487505235,6
0.2,7163,95,565350,78.91541038525963,7
0.2,7164,92,565442,78.91723656664341,10
0.2,7165,95,565537,78.9194808819425,6
0.2,7166,96,565633,78.92186409934422,6
0.2,7167,94,565727,78.92396763392857,8
0.2,7168,89,565816,78.92537313432835,12
0.2,7169,93,565909,78.9273361227336,8
0.2,7170,88,565997,78.9286013108353,13
0.2,7171,90,566087,78.93014500836587,11
0.2,7172,92,566179,78.93196709884289,9
0.2,7173,92,566271,78.93378868134931,9
0.2,7174,92,566363,78.93560975609756,9
0.2,7175,93,566456,78.93756967670011,8
0.2,7176,94,566550,78.93966838511913,8
0.2,7177,93,566643,78.94162719420451,8
0.2,7178,89,566732,78.9430282769188,13
0.2,7179,91,566823,78.94470752089137,10
0.2,7180,87,566910,78.94582927168918,14
0.2,7181,92,567002,78.94764689501531,9
0.2,7182,86,567088,78.94862870666853,16
0.2,7183,88,567176,78.94988864142539,14
0.2,7184,23,567199,78.94210160055671,10
0.2,7185,20,567219,78.93389924853882,15
0.2,7186,96,567315,78.93627382774454,6
0.2,7187,89,567404,78.93767390094602,12
0.2,7188,87,567491,78.93879538183336,14
0.2,7189,91,567582,78.9404728789986,10
0.2,7190,94,567676,78.94256709776108,8
0.2,7191,95,567771,78.94479977753059,6
0.2,7192,95,567866,78.94703183650772,6
0.2,7193,92,567958,78.94884626077287,9
0.2,7194,89,568047,78.95024322446143,12
0.2,7195,91,568138,78.95191773207337,10
0.2,7196,96,568234,78.95428650826733,6
0.2,7197,94,568328,78.95637677132537,7
0.2,7198,94,568422,78.95846645367412,8
0.2,7199,83,568505,78.95902777777778,20
0.2,7200,94,568599,78.9611165115956,7
0.2,7201,93,568692,78.96306581505138,10
0.2,7202,93,568785,78.96501457725948,8
0.2,7203,85,568870,78.9658523042754,17
0.2,7204,90,568960,78.96738376127689,11
0.2,7205,94,569054,78.96946988620594,7
0.2,7206,93,569147,78.9714166782295,8
0.2,7207,86,569233,78.97239178690344,15
0.2,7208,25,569258,78.96490497988626,8
0.2,7209,95,569353,78.96712898751734,6
0.2,7210,95,569448,78.96935237831092,6
0.2,7211,96,569544,78.97171381031615,6
0.2,7212,92,569636,78.97352003327326,9
0.2,7213,92,569728,78.97532575547547,9
0.2,7214,91,569819,78.97699237699237,11
0.2,7215,87,569906,78.97810421286032,14
0.2,7216,89,569995,78.97949286407095,14
0.2,7217,94,570089,78.98157384316985,7
0.2,7218,94,570183,78.98365424574041,8
0.2,7219,-56,570127,78.96495844875346,19
0.2,7220,93,570220,78.96690209112312,8
0.2,7221,24,570244,78.95929105510939,8
0.2,7222,94,570338,78.96137339055794,7
0.2,7223,92,570430,78.96317829457364,9
0.2,7224,87,570517,78.96429065743945,14
0.2,7225,91,570608,78.96595626902851,12
0.2,7226,96,570704,78.96831326968314,6
0.2,7227,96,570800,78.97066961815163,6
0.2,7228,90,570890,78.97219532438788,11
0.2,7229,95,570985,78.97441217150761,6
0.2,7230,91,571076,78.97607523164154,10
0.2,7231,25,571101,78.96861172566372,8
0.2,7232,94,571195,78.97068989354348,8
0.2,7233,94,571289,78.97276748686757,9
0.2,7234,95,571384,78.97498272287491,6
0.2,7235,90,571474,78.97650635710337,11
0.2,7236,95,571569,78.97872046428078,6
0.2,7237,90,571659,78.98024316109422,11
0.2,7238,92,571751,78.9820417184694,9
0.2,7239,93,571844,78.98397790055249,8
0.2,7240,86,571930,78.98494683054827,15
0.2,7241,94,572024,78.98702016017674,7
0.2,7242,87,572111,78.9881264669336,17
0.2,7243,95,572206,78.9903368304804,6
0.2,7244,88,572294,78.99158040027605,13
0.2,7245,90,572384,78.99309964118135,11
0.2,7246,94,572478,78.99517041534428,8
0.2,7247,94,572572,78.99724061810154,7
0.2,7248,92,572664,78.99903434956546,10
0.2,7249,23,572687,78.99131034482758,9
0.2,7250,93,572780,78.99324231140533,8
0.2,7251,92,572872,78.9950358521787,9
0.2,7252,94,572966,78.99710464635324,7
0.2,7253,83,573049,78.9976564653984,19
0.2,7254,94,573143,78.99972432804962,7
0.2,7255,96,573239,79.00206725468578,6
0.2,7256,95,573334,79.00427173763264,7
0.2,7257,96,573430,79.00661339211904,6
0.2,7258,90,573520,79.00812784130045,11
0.2,7259,92,573612,79.0099173553719,9
0.2,7260,91,573703,79.0115686544553,10
0.2,7261,94,573797,79.01363260809694,7
0.2,7262,-51,573746,78.99573179127083,14
0.2,7263,93,573839,78.99765969162996,8
0.2,7264,26,573865,78.99036476256022,7
0.2,7265,94,573959,78.99243049821085,7
0.2,7266,94,574053,78.99449566533646,7
0.2,7267,94,574147,78.9965602641717,7
0.2,7268,-52,574095,78.97853900123813,15
0.2,7269,94,574189,78.98060522696011,7
0.2,7270,93,574282,78.98253335167102,8
0.2,7271,89,574371,78.98391089108911,14
0.2,7272,17,574388,78.97538842293415,16
0.2,7273,96,574484,78.97772889744294,6
0.2,7274,92,574576,78.97951890034365,9
0.2,7275,93,574669,78.98144584936779,8
0.2,7276,94,574763,78.98350968805826,7
0.2,7277,95,574858,78.98571035998901,8
0.2,7278,93,574951,78.98763566423959,8
0.2,7279,95,575046,78.98983516483517,7
0.2,7280,15,575061,78.98104655953853,17
0.2,7281,91,575152,78.98269706124691,10
0.2,7282,91,575243,78.98434710970754,10
0.2,7283,22,575265,78.97652388797364,10
0.2,7284,95,575360,78.97872340425532,6
0.2,7285,92,575452,78.980510568213,9
0.2,7286,87,575539,78.98161108823933,14
0.2,7287,85,575624,78.98243688254665,16
0.2,7288,96,575720,78.98477157360406,6
0.2,7289,92,575812,78.98655692729767,9
0.2,7290,94,575906,78.98861610204362,7
0.2,7291,95,576001,78.99081184860121,8
0.2,7292,90,576091,78.99232140408611,11
0.2,7293,95,576186,78.9945160405813,6
0.2,7294,95,576281,78.9967100753941,6
0.2,7295,89,576370,78.99808114035088,13
0.2,7296,94,576464,79.00013704262025,7
0.2,7297,88,576552,79.00137023842149,14
0.2,7298,16,576568,78.99273873133306,16
0.2,7299,92,576660,78.9945205479452,10
0.2,7300,92,576752,78.99630187645528,9
0.2,7301,94,576846,78.99835661462613,7
0.2,7302,26,576872,78.9910995481309,7
0.2,7303,95,576967,78.993291347207,6
0.2,7304,89,577056,78.99466119096509,12
0.2,7305,93,577149,78.99657815494115,8
0.2,7306,23,577172,78.98891473929109,9
0.2,7307,94,577266,78.99096880131363,7
0.2,7308,96,577362,78.99329593651662,6
0.2,7309,94,577456,78.9953488372093,7
0.2,7310,91,577547,78.99699083572699,10
0.2,7311,89,577636,78.99835886214441,12
0.2,7312,89,577725,78.99972651442637,12
0.2,7313,83,577808,79.00027344818157,18
0.2,7314,90,577898,79.00177717019822,13
0.2,7315,94,577992,79.00382722799344,7
0.2,7316,95,578087,79.00601339346727,6
0.2,7317,93,578180,79.00792566274939,8
0.2,7318,93,578273,79.00983740948217,8
0.2,7319,94,578367,79.01188524590164,7
0.2,7320,96,578463,79.0142057096025,6
0.2,7321,24,578487,79.00669216061185,8
0.2,7322,94,578581,79.00873958760072,8
0.2,7323,27,578608,79.00163844893501,6
0.2,7324,92,578700,79.00341296928327,9
0.2,7325,25,578725,78.9960414960415,8
0.2,7326,92,578817,78.99781629589191,9
0.2,7327,96,578913,79.0001364628821,6
0.2,7328,96,579009,79.00245599672533,6
0.2,7329,91,579100,79.00409276944066,10
0.2,7330,19,579119,78.9959077888419,13
0.2,7331,91,579210,78.99754500818331,10
0.2,7332,82,579292,78.99795445247511,19
0.2,7333,95,579387,79.0001363512408,6
0.2,7334,93,579480,79.00204498977506,8
0.2,7335,92,579572,79.00381679389314,9
0.2,7336,90,579662,79.00531552405616,11
0.2,7337,92,579754,79.00708639956392,9
0.2,7338,91,579845,79.00872053413272,10
0.2,7339,94,579939,79.0107629427793,7
0.2,7340,87,580026,79.01185124642419,14
0.2,7341,94,580120,79.01389267229638,7
0.2,7342,95,580215,79.01606972626992,6
0.2,7343,95,580310,79.01824618736383,6
0.2,7344,93,580403,79.02014976174269,8
0.2,7345,93,580496,79.02205281786006,8
0.2,7346,93,580589,79.02395535592758,9
0.2,7347,92,580681,79.02572128470332,9
0.2,7348,91,580772,79.02735065995374,12
0.2,7349,90,580862,79.02884353741497,12
0.2,7350,93,580955,79.03074411644674,8
0.2,7351,96,581051,79.03305223068553,6
0.2,7352,88,581139,79.03427172582619,13
0.2,7353,95,581234,79.03644275224367,6
0.2,7354,94,581328,79.03847722637661,7
0.2,7355,94,581422,79.0405111473627,8
0.2,7356,94,581516,79.04254451542748,8
0.2,7357,92,581608,79.04430551780375,9
0.2,7358,92,581700,79.04606604158174,9
0.2,7359,94,581794,79.04809782608696,7
0.2,7360,92,581886,79.04985735633745,9
0.2,7361,91,581977,79.05148057593046,11
0.2,7362,95,582072,79.05364661143555,6
0.2,7363,93,582165,79.05554046713742,8
0.2,7364,94,582259,79.05756958587916,8
0.2,7365,94,582353,79.05959815367906,7
0.2,7366,93,582446,79.06149043029727,8
0.2,7367,90,582536,79.0629750271444,13
0.2,7368,92,582628,79.06473062830777,9
0.2,7369,93,582721,79.06662143826323,8
0.2,7370,87,582808,79.0676977343644,14
0.2,7371,96,582904,79.06999457406403,6
0.2,7372,95,582999,79.07215516072155,6
0.2,7373,27,583026,79.06509357200976,7
0.2,7374,23,583049,79.05749152542373,9
0.2,7375,96,583145,79.0597885032538,6
0.2,7376,90,583235,79.0612715195879,11
0.2,7377,94,583329,79.06329628625643,7
0.2,7378,95,583424,79.06545602385147,8
0.2,7379,93,583517,79.06734417344174,8
0.2,7380,87,583604,79.06841891342637,14
0.2,7381,93,583697,79.07030615009482,8
0.2,7382,96,583793,79.07259921441148,6
0.2,7383,23,583816,79.06500541711809,9
0.2,7384,93,583909,79.0668923493568,8
0.2,7385,91,584000,79.06850798808557,10
0.2,7386,94,584094,79.07052930824422,9
0.2,7387,83,584177,79.07106118029236,18
0.2,7388,92,584269,79.0728109351739,10
0.2,7389,93,584362,79.07469553450609,8
0.2,7390,91,584453,79.07630902448925,11
0.2,7391,94,584547,79.07832792207792,7
0.2,7392,19,584566,79.07020154199918,13
0.2,7393,95,584661,79.07235596429537,6
0.2,7394,94,584755,79.07437457741717,7
0.2,7395,91,584846,79.07598702001081,10
0.2,7396,88,584934,79.07719345680681,13
0.2,7397,93,585027,79.07907542579075,8
0.2,7398,18,585045,79.07082038113259,16
0.2,7399,94,585139,79.07283783783784,7
0.2,7400,93,585232,79.0747196324821,8
0.2,7401,89,585321,79.07606052418265,12
0.2,7402,90,585411,79.07753613399973,13
0.2,7403,91,585502,79.07914640734738,12
0.2,7404,26,585528,79.07197839297771,6
0.2,7405,92,585620,79.07372400756144,11
0.2,7406,92,585712,79.0754691508033,9
0.2,7407,93,585805,79.07734881209504,8
0.2,7408,91,585896,79.07895802402483,10
0.2,7409,26,585922,79.07179487179488,7
0.2,7410,94,586016,79.07380920253676,7
0.2,7411,19,586035,79.06570426335672,13
0.2,7412,87,586122,79.06677458518818,14
0.2,7413,93,586215,79.06865389803075,10
0.2,7414,93,586308,79.07053270397842,8
0.2,7415,92,586400,79.0722761596548,9
0.2,7416,93,586493,79.07415397060807,9
0.2,7417,88,586581,79.07535723914802,13
0.2,7418,88,586669,79.07656018331312,13
0.2,7419,92,586761,79.07830188679246,9
0.2,7420,94,586855,79.08031262633068,7
0.2,7421,25,586880,79.07302613850715,8
0.2,7422,95,586975,79.07517176343796,7
0.2,7423,93,587068,79.07704741379311,8
0.2,7424,89,587157,79.07838383838384,12
0.2,7425,92,587249,79.08012388903852,9
0.2,7426,93,587342,79.08199811498586,8
0.2,7427,91,587433,79.08360258481422,10
0.2,7428,93,587526,79.08547583793242,8
0.2,7429,95,587621,79.08761776581427,6
0.2,7430,92,587713,79.08935540304131,9
0.2,7431,94,587807,79.09136167922497,8
0.2,7432,95,587902,79.09350195076013,6
0.2,7433,94,587996,79.09550712940543,8
0.2,7434,95,588091,79.09764626765299,6
0.2,7435,94,588185,79.09965034965035,7
0.2,7436,91,588276,79.10125050423558,10
0.2,7437,94,588370,79.1032535627857,7
0.2,7438,93,588463,79.10512165613657,8
0.2,7439,95,588558,79.10725806451613,7
0.2,7440,20,588578,79.09931460825158,12
0.2,7441,95,588673,79.10145122278958,6
0.2,7442,90,588763,79.10291549106543,11
0.2,7443,84,588847,79.10357334766255,17
0.2,7444,90,588937,79.10503693754197,11
0.2,7445,90,589027,79.10650013430029,12
0.2,7446,92,589119,79.10823150261851,9
0.2,7447,94,589213,79.11023093447905,7
0.2,7448,92,589305,79.11196133709223,9
0.2,7449,94,589399,79.11395973154363,7
0.2,7450,85,589484,79.11474969802711,16
0.2,7451,91,589575,79.11634460547504,10
0.2,7452,90,589665,79.11780491077418,11
0.2,7453,19,589684,79.10973973705393,13
0.2,7454,-115,589569,79.08370221327968,10
0.2,7455,93,589662,79.0855686695279,10
0.2,7456,93,589755,79.08743462518439,12
0.2,7457,93,589848,79.08930008045053,8
0.2,7458,94,589942,79.09129910175626,7
0.2,7459,25,589967,79.08404825737266,8
0.2,7460,93,590060,79.08591341643212,8
0.2,7461,90,590150,79.08737603859555,11
0.2,7462,94,590244,79.08937424628165,7
0.2,7463,94,590338,79.09137191854234,7
0.2,7464,92,590430,79.09310113864701,9
0.2,7465,94,590524,79.0950977765872,7
0.2,7466,91,590615,79.09669211195929,10
0.2,7467,93,590708,79.09855382967328,8
0.2,7468,96,590804,79.10081670906413,6
0.2,7469,92,590896,79.10254350736278,9
0.2,7470,90,590986,79.10400214161425,11
0.2,7471,94,591080,79.10599571734475,7
0.2,7472,94,591174,79.10798875953432,8
0.2,7473,95,591269,79.1101150655606,6
0.2,7474,94,591363,79.11210702341137,7
0.2,7475,90,591453,79.11356340288924,11
0.2,7476,95,591548,79.11568811020463,6
0.2,7477,90,591638,79.11714362128912,12
0.2,7478,93,591731,79.11899986629228,8
0.2,7479,95,591826,79.12112299465241,6
0.2,7480,92,591918,79.12284453950006,9
0.2,7481,95,592013,79.1249665864742,8
0.2,7482,93,592106,79.12682079379928,9
0.2,7483,93,592199,79.12867450561197,9
0.2,7484,94,592293,79.1306613226453,10
0.2,7485,7,592300,79.12102591504141,26
0.2,7486,95,592395,79.12314678776546,7
0.2,7487,92,592487,79.12486645299145,9
0.2,7488,93,592580,79.12671918814262,8
0.2,7489,93,592673,79.12857142857143,8
0.2,7490,93,592766,79.13042317447604,10
0.2,7491,95,592861,79.1325413774693,6
0.2,7492,95,592956,79.13465901508074,6
0.2,7493,93,593049,79.13650920736589,9
0.2,7494,92,593141,79.13822548365577,10
0.2,7495,94,593235,79.14020811099253,7
0.2,7496,92,593327,79.14192343604108,9
0.2,7497,27,593354,79.13496932515338,6
0.2,7498,92,593446,79.13668489131884,9
0.2,7499,15,593461,79.12813333333334,19
0.2,7500,90,593551,79.1295827223037,12
0.2,7501,92,593643,79.13129832044788,10
0.2,7502,92,593735,79.13301346128215,9
0.2,7503,95,593830,79.13512793176972,6
0.2,7504,93,593923,79.13697534976683,8
0.2,7505,95,594018,79.13908872901679,6
0.2,7506,19,594037,79.13107766084987,14
0.2,7507,21,594058,79.12333510921684,11
0.2,7508,92,594150,79.12504994007192,9
0.2,7509,91,594241,79.1266311584554,10
0.2,7510,84,594325,79.12727998934895,17
0.2,7511,93,594418,79.12912673056444,9
0.2,7512,96,594514,79.13137228803407,6
0.2,7513,85,594599,79.13215331381421,16
0.2,7514,90,594689,79.1335994677312,11
0.2,7515,96,594785,79.13584353379457,6
0.2,7516,93,594878,79.13768790740987,9
0.2,7517,95,594973,79.13979781856877,6
0.2,7518,27,595000,79.13286341268785,6
0.2,7519,25,595025,79.12566489361703,8
0.2,7520,90,595115,79.12711075654833,12
0.2,7521,94,595209,79.12908800850838,7
0.2,7522,91,595300,79.13066595772963,11
0.2,7523,94,595394,79.13264221158958,7
0.2,7524,92,595486,79.13435215946843,11
0.2,7525,92,595578,79.13606165293649,9
0.2,7526,95,595673,79.13816925734024,6
0.2,7527,91,595764,79.13974495217853,10
0.2,7528,96,595860,79.14198432726789,6
0.2,7529,94,595954,79.14395750332005,8
0.2,7530,86,596040,79.14486787943169,15
0.2,7531,25,596065,79.13767923526288,7
0.2,7532,93,596158,79.13951944776318,8
0.2,7533,89,596247,79.14082824528803,13
0.2,7534,93,596340,79.14266755142667,8
0.2,7535,21,596361,79.13495222929936,11
0.2,7536,90,596451,79.13639379063288,11
0.2,7537,92,596543,79.1381002918546,9
0.2,7538,87,596630,79.13914312243003,14
0.2,7539,94,596724,79.14111405835544,7
0.2,7540,94,596818,79.1430844715555,7
0.2,7541,95,596913,79.14518695306285,6
0.2,7542,25,596938,79.13800874983428,8
0.2,7543,95,597033,79.14011134676564,7
0.2,7544,27,597060,79.13320079522863,6
0.2,7545,94,597154,79.13517095149749,7
0.2,7546,90,597244,79.13661057373791,11
0.2,7547,95,597339,79.13871224165342,6
0.2,7548,95,597434,79.14081335276195,6
0.2,7549,91,597525,79.14238410596026,10
0.2,7550,94,597619,79.14435174149119,7
0.2,7551,93,597712,79.14618644067797,8
0.2,7552,92,597804,79.14788825632199,9
0.2,7553,94,597898,79.14985438178448,7
0.2,7554,96,597994,79.15208471211119,6
0.2,7555,94,598088,79.15404976177872,7
0.2,7556,19,598107,79.14608971814212,16
0.2,7557,90,598197,79.14752580047632,11
0.2,7558,96,598293,79.1497552586321,6
0.2,7559,93,598386,79.1515873015873,8
0.2,7560,15,598401,79.14310276418463,18
0.2,7561,93,598494,79.14493520232743,9
0.2,7562,94,598588,79.14689937855348,7
0.2,7563,96,598684,79.14912744579587,6
0.2,7564,93,598777,79.15095836087244,8
0.2,7565,90,598867,79.15239228125826,12
0.2,7566,96,598963,79.15461873926259,6
0.2,7567,92,599055,79.15631606765328,9
0.2,7568,92,599147,79.15801294754921,9
0.2,7569,91,599238,79.15957727873183,11
0.2,7570,89,599327,79.16087703077532,12
0.2,7571,91,599418,79.16244057052297,10
0.2,7572,90,599508,79.16387164928034,13
0.2,7573,92,599600,79.16556641140744,9
0.2,7574,84,599684,79.16620462046204,17
0.2,7575,95,599779,79.16829461457233,6
0.2,7576,84,599863,79.1689322951036,17
0.2,7577,96,599959,79.17115333861177,6
0.2,7578,96,600055,79.17337379601531,6
0.2,7579,26,600081,79.16635883905013,7
0.2,7580,91,600172,79.16791979949875,11
0.2,7581,96,600268,79.17013980480084,6
0.2,7582,90,600358,79.17156798101016,11
0.2,7583,21,600379,79.16389767932489,11
0.2,7584,90,600469,79.16532630191166,11
0.2,7585,94,600563,79.16728183495914,7
0.2,7586,-44,600519,79.15104784499802,8
0.2,7587,94,600613,79.15300474433316,7
0.2,7588,87,600700,79.15403874028199,14
0.2,7589,93,600793,79.15586297760211,8
0.2,7590,93,600886,79.1576867342906,8
0.2,7591,95,600981,79.15977344573236,6
0.2,7592,93,601074,79.16159620703279,8
0.2,7593,84,601158,79.16223334211219,17
0.2,7594,95,601253,79.16431863067808,7
0.2,7595,-46,601207,79.14784096893102,12
0.2,7596,96,601303,79.15005923390812,6
0.2,7597,89,601392,79.15135561989997,12
0.2,7598,95,601487,79.15344124226871,7
0.2,7599,87,601574,79.15447368421053,14
0.2,7600,19,601593,79.14655966320221,14
0.2,7601,94,601687,79.14851354906604,8
0.2,7602,95,601782,79.15059844798105,6
0.2,7603,21,601803,79.1429510783798,11
0.2,7604,95,601898,79.14503616042077,6
0.2,7605,88,601986,79.14620036813042,16
0.2,7606,95,602081,79.14828447482581,6
0.2,7607,93,602174,79.15010515247108,8
0.2,7608,92,602266,79.15179392824287,9
0.2,7609,94,602360,79.15374507227332,7
0.2,7610,90,602450,79.15517014846932,11
0.2,7611,90,602540,79.15659485023647,11
0.2,7612,95,602635,79.15867594903455,6
0.2,7613,93,602728,79.1604938271605,8
0.2,7614,93,602821,79.1623112278398,8
0.2,7615,93,602914,79.1641281512605,8
0.2,7616,93,603007,79.1659445976106,8
0.2,7617,26,603033,79.15896560777107,8
0.2,7618,96,603129,79.16117600735005,6
0.2,7619,92,603221,79.16286089238845,10
0.2,7620,27,603248,79.1560162708306,6
0.2,7621,94,603342,79.15796378903175,7
0.2,7622,92,603434,79.1596484323757,10
0.2,7623,85,603519,79.16041448058762,16
0.2,7624,90,603609,79.16183606557377,11
0.2,7625,95,603704,79.16391292945187,6
0.2,7626,94,603798,79.165858135571,7
0.2,7627,94,603892,79.16780283167279,9
0.2,7628,86,603978,79.16869838773103,15
0.2,7629,24,604002,79.16146788990825,11
0.2,7630,95,604097,79.16354344122658,6
0.2,7631,92,604189,79.16522536687631,9
0.2,7632,91,604280,79.16677584173982,10
0.2,7633,96,604376,79.16898087503274,6
0.2,7634,93,604469,79.17079240340537,8
0.2,7635,95,604564,79.17286537454164,6
0.2,7636,83,604647,79.17336650517218,19
0.2,7637,92,604739,79.17504582351401,9
0.2,7638,85,604824,79.17580835187852,16
0.2,7639,24,604848,79.16858638743456,10
0.2,7640,23,604871,79.16123544038739,10
0.2,7641,21,604892,79.15362470557446,11
0.2,7642,96,604988,79.1558288630119,6
0.2,7643,-44,604944,79.13971742543171,8
0.2,7644,93,605037,79.14153041203402,8
0.2,7645,89,605126,79.14281977504578,13
0.2,7646,95,605221,79.1448934222571,6
0.2,7647,92,605313,79.14657426778243,10
0.2,7648,91,605404,79.14812393776964,10
0.2,7649,92,605496,79.14980392156863,10
0.2,7650,94,605590,79.15174486995164,7
0.2,7651,92,605682,79.15342394145321,10
0.2,7652,91,605773,79.15497190644192,10
0.2,7653,86,605859,79.15586621374445,15
0.2,7654,90,605949,79.15728282168517,11
0.2,7655,17,605966,79.14916405433647,15
0.2,7656,94,606060,79.15110356536502,7
0.2,7657,93,606153,79.1529119874641,8
0.2,7658,95,606248,79.15498106802454,9
0.2,7659,94,606342,79.15691906005222,7
0.2,7660,96,606438,79.15911760866727,6
0.2,7661,93,606531,79.16092404072045,8
0.2,7662,95,606626,79.16299099569359,7
0.2,7663,94,606720,79.16492693110648,7
0.2,7664,-54,606666,79.14755381604697,17
0.2,7665,94,606760,79.14949126010957,7
0.2,7666,91,606851,79.15103691143864,10
0.2,7667,95,606946,79.15310380803338,6
0.2,7668,26,606972,79.14617290389882,7
0.2,7669,91,607063,79.1477183833116,10
0.2,7670,96,607159,79.14991526528483,6
0.2,7671,22,607181,79.1424661105318,11
0.2,7672,93,607274,79.1442721230288,8
0.2,7673,92,607366,79.14594735470419,10
0.2,7674,96,607462,79.14814332247558,6
0.2,7675,88,607550,79.14929650859823,13
0.2,7676,93,607643,79.15110069037384,10
0.2,7677,95,607738,79.15316488668924,6
0.2,7678,95,607833,79.15522854538351,6
0.2,7679,92,607925,79.15690104166667,9
0.2,7680,94,608019,79.15883348522328,7
0.2,7681,94,608113,79.1607654256704,7
0.2,7682,94,608207,79.16269686320447,7
0.2,7683,25,608232,79.15564809994794,8
0.2,7684,90,608322,79.15705920624593,11
0.2,7685,93,608415,79.15886026541764,8
0.2,7686,94,608509,79.16079094575257,7
0.2,7687,84,608593,79.16142039542143,17
0.2,7688,95,608688,79.16348029652751,6
0.2,7689,89,608777,79.16475942782834,12
0.2,7690,91,608868,79.16629827070602,10
0.2,7691,96,608964,79.16848673946959,6
0.2,7692,93,609057,79.1702846743793,8
0.2,7693,91,609148,79.17182219911619,11
0.2,7694,96,609244,79.17400909681612,6
0.2,7695,90,609334,79.1754158004158,11
0.2,7696,25,609359,79.16837728985318,9
0.2,7697,94,609453,79.17030397505846,8
0.2,7698,93,609546,79.17210027276269,8
0.2,7699,21,609567,79.16454545454546,12
0.2,7700,89,609656,79.1658226204389,12
0.2,7701,95,609751,79.16787847312386,6
0.2,7702,94,609845,79.16980397247825,7
0.2,7703,92,609937,79.17146936656282,9
0.2,7704,24,609961,79.16430889033096,9
0.2,7705,-55,609906,79.14689852063327,19
0.2,7706,95,610001,79.14895549500454,6
0.2,7707,93,610094,79.15075246497146,8
0.2,7708,19,610113,79.14294979893631,13
0.2,7709,92,610205,79.14461738002593,9
0.2,7710,90,610295,79.14602515886396,11
0.2,7711,95,610390,79.14808091286307,6
0.2,7712,96,610486,79.15026578503824,6
0.2,7713,25,610511,79.14324604614986,8
0.2,7714,94,610605,79.1451717433571,7
0.2,7715,95,610700,79.14722654224987,6
0.2,7716,94,610794,79.14915122456914,7
0.2,7717,17,610811,79.141098730241,16
0.2,7718,20,610831,79.13343697370125,12
0.2,7719,94,610925,79.13536269430051,8
0.2,7720,89,611014,79.13664033156327,12
0.2,7721,19,611033,79.12885262885263,17
0.2,7722,93,611126,79.13064871164056,10
0.2,7723,90,611216,79.13205592957017,12
0.2,7724,89,611305,79.13333333333334,13
0.2,7725,95,611400,79.13538700491846,7
0.2,7726,91,611491,79.13692247961693,11
0.2,7727,85,611576,79.1376811594203,16
0.2,7728,94,611670,79.13960408849786,7
0.2,7729,94,611764,79.14152652005174,7
0.2,7730,93,611857,79.14331910490235,8
0.2,7731,95,611952,79.14536989136057,7
0.2,7732,93,612045,79.14716151558257,8
0.2,7733,93,612138,79.14895267649341,8
0.2,7734,92,612230,79.15061409179056,9
0.2,7735,88,612318,79.15175801447776,13
0.2,7736,24,612342,79.14462970143467,8
0.2,7737,91,612433,79.14616179891445,10
0.2,7738,93,612526,79.14795193177413,8
0.2,7739,93,612619,79.14974160206718,8
0.2,7740,87,612706,79.15075571631571,14
0.2,7741,94,612800,79.15267372771893,7
0.2,7742,24,612824,79.14555082009556,10
0.2,7743,96,612920,79.14772727272727,6
0.2,7744,95,613015,79.14977404777275,7
0.2,7745,23,613038,79.1425251742835,10
0.2,7746,95,613133,79.14457209242288,6
0.2,7747,94,613227,79.14648941662365,8
0.2,7748,82,613309,79.14685765905278,19
0.2,7749,95,613404,79.14890322580645,7
0.2,7750,93,613497,79.15069023351826,8
0.2,7751,86,613583,79.1515737874097,15
0.2,7752,93,613676,79.15335998968142,9
0.2,7753,91,613767,79.15488779984524,11
0.2,7754,92,613859,79.1565441650548,9
0.2,7755,21,613880,79.14904589994843,11
0.2,7756,90,613970,79.150444759572,11
0.2,7757,-271,613699,79.10531064707399,29
0.2,7758,88,613787,79.10645701765691,13
0.2,7759,96,613883,79.10863402061855,6
0.2,7760,92,613975,79.11029506506894,9
0.2,7761,92,614067,79.11195568152537,9
0.2,7762,95,614162,79.11400231869123,7
0.2,7763,91,614253,79.11553323029366,10
0.2,7764,25,614278,79.10856406954282,7
0.2,7765,92,614370,79.11022405356682,9
0.2,7766,90,614460,79.11162611046736,11
0.2,7767,91,614551,79.11315653964985,10
0.2,7768,96,614647,79.11533015832154,6
0.2,7769,92,614739,79.11698841698842,10
0.2,7770,89,614828,79.11826019817269,12
0.2,7771,9,614837,79.1092382913021,25
0.2,7772,94,614931,79.11115399459668,7
0.2,7773,92,615023,79.11281193722665,9
0.2,7774,92,615115,79.1144694533762,9
0.2,7775,94,615209,79.11638374485597,7
0.2,7776,15,615224,79.10813938536711,17
0.2,7777,91,615315,79.10966829519157,10
0.2,7778,92,615407,79.11132536315722,9
0.2,7779,96,615503,79.11349614395887,7
0.2,7780,91,615594,79.11502377586429,10
0.2,7781,90,615684,79.11642251349268,11
0.2,7782,94,615778,79.11833483232687,7
0.2,7783,94,615872,79.12024665981501,7
0.2,7784,90,615962,79.12164418754014,11
0.2,7785,24,615986,79.11456460313383,10
0.2,7786,94,616080,79.11647617824579,7
0.2,7787,24,616104,79.10939907550078,9
0.2,7788,94,616198,79.11131082295545,7
0.2,7789,96,616294,79.11347881899871,6
0.2,7790,92,616386,79.11513284559106,10
0.2,7791,96,616482,79.11729979466119,6
0.2,7792,91,616573,79.11882458616708,11
0.2,7793,91,616664,79.12034898639979,10
0.2,7794,95,616759,79.12238614496472,6
0.2,7795,95,616854,79.12442278091329,7
0.2,7796,91,616945,79.12594587661921,10
0.2,7797,96,617041,79.12810977173635,6
0.2,7798,96,617137,79.13027311193743,6
0.2,7799,-46,617091,79.11423076923077,10
0.2,7800,92,617183,79.11588257915652,9
0.2,7801,95,617278,79.1179184824404,6
0.2,7802,93,617371,79.1196975522235,9
0.2,7803,93,617464,79.12147616606869,9
0.2,7804,93,617557,79.12325432415119,8
0.2,7805,96,617653,79.1254163464002,6
0.2,7806,92,617745,79.12706545407967,9
0.2,7807,91,617836,79.12858606557377,10
0.2,7808,92,617928,79.13023434498655,10
0.2,7809,93,618021,79.13201024327785,8
0.2,7810,95,618116,79.13404173601332,7
0.2,7811,94,618210,79.13594470046083,7
0.2,7812,90,618300,79.13733521054652,11
0.2,7813,94,618394,79.13923726644484,7
0.2,7814,92,618486,79.14088291746641,10
0.2,7815,95,618581,79.142911975435,6
0.2,7816,89,618670,79.14417295637713,13
0.2,7817,92,618762,79.1458173445894,9
0.2,7818,96,618858,79.14797288655838,6
0.2,7819,25,618883,79.14104859335039,8
0.2,7820,92,618975,79.1426927502877,9
0.2,7821,-50,618925,79.1261825620046,13
0.2,7822,88,619013,79.12731688610508,13
0.2,7823,22,619035,79.12001533742331,12
0.2,7824,92,619127,79.12166134185304,9
0.2,7825,88,619215,79.12279580884233,13
0.2,7826,94,619309,79.12469656317874,7
0.2,7827,93,619402,79.12646908533469,9
0.2,7828,91,619493,79.12798569421382,10
0.2,7829,95,619588,79.13001277139209,6
0.2,7830,19,619607,79.12233431234836,13
0.2,7831,23,619630,79.11516853932584,9
0.2,7832,94,619724,79.11706881143878,7
0.2,7833,24,619748,79.1100331886648,8
0.2,7834,21,619769,79.102616464582,11
0.2,7835,92,619861,79.10426237876467,11
0.2,7836,95,619956,79.1062906724512,6
0.2,7837,91,620047,79.10780811431488,10
0.2,7838,92,620139,79.1094527363184,9
0.2,7839,91,620230,79.1109693877551,10
0.2,7840,94,620324,79.11286825659992,7
0.2,7841,93,620417,79.11463912267278,11
0.2,7842,92,620509,79.11628203493561,9
0.2,7843,93,620602,79.11805201427843,8
0.2,7844,91,620693,79.1195666029318,10
0.2,7845,92,620785,79.12120825898548,9
0.2,7846,94,620879,79.12310437109724,7
0.2,7847,27,620906,79.1164627930683,6
0.2,7848,95,621001,79.11848643139254,7
0.2,7849,96,621097,79.12063694267516,6
0.2,7850,94,621191,79.12253216150809,10
0.2,7851,93,621284,79.12429954151808,8
0.2,7852,27,621311,79.11766203998472,6
0.2,7853,14,621325,79.10937102113573,18
0.2,7854,15,621340,79.10120942075112,18
0.2,7855,96,621436,79.10336048879837,6
0.2,7856,94,621530,79.10525645920835,7
0.2,7857,92,621622,79.10689742937134,9
0.2,7858,93,621715,79.10866522458328,8
0.2,7859,92,621807,79.11030534351146,9
0.2,7860,94,621901,79.11219946571683,7
0.2,7861,91,621992,79.1137115237853,11
0.2,7862,23,622015,79.10657509856289,9
0.2,7863,96,622111,79.10872329603255,6
0.2,7864,89,622200,79.10998092816274,12
0.2,7865,90,622290,79.11136536994661,11
0.2,7866,90,622380,79.11274945976865,12
0.2,7867,91,622471,79.11426029486528,10
0.2,7868,94,622565,79.11615198881688,7
0.2,7869,92,622657,79.11778907242694,9
0.2,7870,90,622747,79.11917164273918,12
0.2,7871,26,622773,79.1124237804878,7
0.2,7872,94,622867,79.11431474660232,7
0.2,7873,-44,622823,79.0986791973584,8
0.2,7874,93,622916,79.10044444444445,8
0.2,7875,96,623012,79.10259014728288,6
0.2,7876,-51,622961,79.08607337818967,14
0.2,7877,91,623052,79.08758568164508,10
0.2,7878,94,623146,79.089478360198,7
0.2,7879,90,623236,79.09086294416244,11
0.2,7880,88,623324,79.09199340185256,13
0.2,7881,94,623418,79.09388480081198,8
0.2,7882,93,623511,79.09564886464544,9
0.2,7883,22,623533,79.08840690005074,12
0.2,7884,95,623628,79.09042485732404,8
0.2,7885,26,623654,79.08369261983262,6
0.2,7886,96,623750,79.08583745403828,6
0.2,7887,92,623842,79.08747464503043,9
0.2,7888,86,623928,79.08835086829762,16
0.2,7889,96,624024,79.09049429657794,6
0.2,7890,92,624116,79.09213027499683,9
0.2,7891,17,624133,79.0842625443487,16
0.2,7892,92,624225,79.0858988977575,9
0.2,7893,23,624248,79.07879402077528,9
0.2,7894,95,624343,79.08081063964535,7
0.2,7895,94,624437,79.08270010131712,7
0.2,7896,91,624528,79.08420919336457,11
0.2,7897,94,624622,79.08609774626488,9
0.2,7898,90,624712,79.08747942777566,13
0.2,7899,21,624733,79.08012658227848,14
0.2,7900,95,624828,79.08214150107581,6
0.2,7901,94,624922,79.08402935965579,7
0.2,7902,91,625013,79.08553713779577,10
0.2,7903,26,625039,79.07882085020243,7
0.2,7904,92,625131,79.08045540796964,10
0.2,7905,96,625227,79.08259549709082,6
0.2,7906,93,625320,79.08435563424814,8
0.2,7907,96,625416,79.08649468892261,6
0.2,7908,87,625503,79.0874952585662,14
0.2,7909,27,625530,79.08091024020227,6
0.2,7910,91,625621,79.08241688787764,11
0.2,7911,91,625712,79.08392315470172,10
0.2,7912,25,625737,79.0770883356502,7
0.2,7913,96,625833,79.079226686884,6
0.2,7914,96,625929,79.08136449778901,6
0.2,7915,94,626023,79.083249115715,7
0.2,7916,91,626114,79.08475432613363,10
0.2,7917,94,626208,79.08663803990906,7
0.2,7918,24,626232,79.07968177800227,9
0.2,7919,94,626326,79.08156565656566,7
0.2,7920,23,626349,79.07448554475445,10
0.2,7921,96,626445,79.07662206513507,6
0.2,7922,92,626537,79.07825318692414,9
0.2,7923,92,626629,79.0798838970217,9
0.2,7924,94,626723,79.0817665615142,7
0.2,7925,93,626816,79.08352258390109,8
0.2,7926,86,626902,79.0843951053362,15
0.2,7927,89,626991,79.0856458123108,12
0.2,7928,83,627074,79.0861394879556,21
0.2,7929,94,627168,79.08802017654477,7
0.2,7930,93,627261,79.08977430336654,9
0.2,7931,93,627354,79.09152798789712,12
0.2,7932,93,627447,79.09328123030379,8
0.2,7933,93,627540,79.09503403075372,8
0.2,7934,96,627636,79.09716446124764,6
0.2,7935,93,627729,79.09891633064517,9
0.2,7936,95,627824,79.10091974297593,7
0.2,7937,23,627847,79.09385235575712,10
0.2,7938,93,627940,79.09560398035018,8
0.2,7939,84,628024,79.09622166246851,19
0.2,7940,25,628049,79.08940939428284,8
0.2,7941,94,628143,79.09128682951398,8
0.2,7942,91,628234,79.0927861009694,11
0.2,7943,93,628327,79.09453675730111,9
0.2,7944,95,628422,79.09653870358716,6
0.2,7945,94,628516,79.09841429650139,8
0.2,7946,89,628605,79.09966024915062,13
0.2,7947,93,628698,79.10140915953698,8
0.2,7948,25,628723,79.0946030947289,8
0.2,7949,94,628817,79.09647798742138,7
0.2,7950,94,628911,79.09835240850208,7
0.2,7951,93,629004,79.10010060362173,8
0.2,7952,93,629097,79.10184835910977,8
0.2,7953,95,629192,79.10384712094543,7
0.2,7954,95,629287,79.10584538026399,8
0.2,7955,95,629382,79.1078431372549,7
0.2,7956,94,629476,79.10971471660173,8
0.2,7957,91,629567,79.11120884644383,10
0.2,7958,94,629661,79.1130795326046,7
0.2,7959,93,629754,79.11482412060302,8
0.2,7960,95,629849,79.11681949503831,6
0.2,7961,93,629942,79.11856317508163,8
0.2,7962,93,630035,79.12030641717945,8
0.2,7963,21,630056,79.1130085384229,11
0.2,7964,95,630151,79.11500313873195,6
0.2,7965,94,630245,79.11687170474517,7
0.2,7966,92,630337,79.11848876616041,9
0.2,7967,87,630424,79.11947791164658,14
0.2,7968,92,630516,79.1210942401807,10
0.2,7969,93,630609,79.1228356336261,8
0.2,7970,92,630701,79.1244511353657,9
0.2,7971,94,630795,79.1263171098846,8
0.2,7972,92,630887,79.12793176972282,10
0.2,7973,95,630982,79.12992224730374,7
0.2,7974,23,631005,79.12288401253919,10
0.2,7975,93,631098,79.12462387161484,9
0.2,7976,94,631192,79.12648865488279,7
0.2,7977,93,631285,79.12822762597142,8
0.2,7978,94,631379,79.13009149016167,7
0.2,7979,24,631403,79.12318295739348,9
0.2,7980,25,631428,79.11640145345194,8
0.2,7981,24,631452,79.10949636682535,8
0.2,7982,21,631473,79.1022172115746,12
0.2,7983,22,631495,79.09506513026052,13
0.2,7984,25,631520,79.08829054477145,7
0.2,7985,93,631613,79.0900325569747,8
0.2,7986,95,631708,79.0920245398773,6
0.2,7987,94,631802,79.09389083625439,7
0.2,7988,96,631898,79.09600700963826,6
0.2,7989,93,631991,79.09774718397998,8
0.2,7990,95,632086,79.0997372043549,6
0.2,7991,93,632179,79.10147647647648,8
0.2,7992,94,632273,79.10334042287,7
0.2,7993,85,632358,79.1040780585439,16
0.2,7994,90,632448,79.10544090056285,11
0.2,7995,95,632543,79.10742871435718,6
0.2,7996,91,632634,79.1089158434413,10
0.2,7997,90,632724,79.11027756939235,12
0.2,7998,94,632818,79.11213901737717,8
0.2,7999,94,632912,79.114,7
0.2,8000,19,632931,79.10648668916386,13
0.2,8001,95,633026,79.10847288177956,6
0.2,8002,95,633121,79.11045857803323,6
0.2,8003,89,633210,79.11169415292353,12
0.2,8004,96,633306,79.11380387257964,6
0.2,8005,94,633400,79.11566325256058,7
0.2,8006,92,633492,79.11727238666167,9
0.2,8007,88,633580,79.11838161838162,13
0.2,8008,94,633674,79.12023973030341,7
0.2,8009,91,633765,79.12172284644194,10
0.2,8010,85,633850,79.12245662214455,17
0.2,8011,95,633945,79.12443834248627,6
0.2,8012,94,634039,79.12629477099713,7
0.2,8013,-58,633981,79.10918392812577,21
0.2,8014,94,634075,79.11104179663131,7
0.2,8015,91,634166,79.1125249500998,10
0.2,8016,93,634259,79.11425720344269,8
0.2,8017,93,634352,79.11598902469444,8
0.2,8018,93,634445,79.11772041401672,9
0.2,8019,94,634539,79.11957605985037,8
0.2,8020,94,634633,79.12143124298716,7
0.2,8021,88,634721,79.12253802044378,15
0.2,8022,93,634814,79.12426773027546,10
0.2,8023,96,634910,79.12637088733798,6
0.2,8024,85,634995,79.12710280373832,17
0.2,8025,25,635020,79.12035883379018,8
0.2,8026,92,635112,79.12196337361405,9
0.2,8027,95,635207,79.12394120577977,6
0.2,8028,94,635301,79.12579399676174,8
0.2,8029,22,635323,79.1186799501868,11
0.2,8030,95,635418,79.12065745237206,6
0.2,8031,96,635514,79.12275896414343,6
0.2,8032,91,635605,79.12423752022906,12
0.2,8033,94,635699,79.12608912123476,7
0.2,8034,94,635793,79.12794026135657,7
0.2,8035,88,635881,79.1290443006471,13
0.2,8036,87,635968,79.13002364066193,14
0.2,8037,94,636062,79.13187360039811,8
0.2,8038,93,636155,79.13359870630676,8
0.2,8039,91,636246,79.13507462686567,10
0.2,8040,92,636338,79.1366745429673,10
0.2,8041,89,636427,79.13790101964685,14
0.2,8042,24,636451,79.13104562974014,10
0.2,8043,23,636474,79.12406762804575,10
0.2,8044,93,636567,79.12579241765071,10
0.2,8045,92,636659,79.12739249316431,10
0.2,8046,91,636750,79.12886790108115,10
0.2,8047,19,636769,79.12139662027833,13
0.2,8048,96,636865,79.12349360168965,6
0.2,8049,88,636953,79.12459627329193,13
0.2,8050,94,637047,79.12644392000993,7
0.2,8051,22,637069,79.11934923000497,10
0.2,8052,93,637162,79.1210728920899,8
0.2,8053,91,637253,79.12254780233424,12
0.2,8054,94,637347,79.1243947858473,9
0.2,8055,95,637442,79.12636544190666,6
0.2,8056,90,637532,79.12771503040834,11
0.2,8057,19,637551,79.12025316455696,13
0.2,8058,24,637575,79.11341357488521,9
0.2,8059,93,637668,79.1151364764268,8
0.2,8060,95,637763,79.11710705867759,6
0.2,8061,92,637855,79.11870503597122,9
0.2,8062,93,637948,79.12042664020836,10
0.2,8063,82,638030,79.12078373015873,19
0.2,8064,22,638052,79.11370117792933,11
0.2,8065,95,638147,79.11567071658814,8
0.2,8066,92,638239,79.1172678814925,10
0.2,8067,92,638331,79.118864650471,10
0.2,8068,91,638422,79.12033709257653,10
0.2,8069,88,638510,79.12143742255266,14
0.2,8070,13,638523,79.11324495105934,19
0.2,8071,17,638540,79.10555004955401,15
0.2,8072,94,638634,79.1073950204385,7
0.2,8073,93,638727,79.10911567996037,9
0.2,8074,94,638821,79.11095975232197,9
0.2,8075,90,638911,79.11230807330361,11
0.2,8076,93,639004,79.11402748545252,8
0.2,8077,93,639097,79.11574647189899,8
0.2,8078,90,639187,79.11709369971531,11
0.2,8079,92,639279,79.11868811881187,9
0.2,8080,93,639372,79.1204058903601,8
0.2,8081,89,639461,79.1216283098243,12
0.2,8082,95,639556,79.12359272547322,7
0.2,8083,95,639651,79.12555665512123,6
0.2,8084,96,639747,79.12764378478664,6
0.2,8085,22,639769,79.12057877813506,12
0.2,8086,85,639854,79.12130579943118,16
0.2,8087,92,639946,79.1228981206726,10
0.2,8088,95,640041,79.12486092224007,6
0.2,8089,91,640132,79.12632880098887,10
0.2,8090,94,640226,79.12816709924607,7
0.2,8091,96,640322,79.13025210084034,6
0.2,8092,95,640417,79.13221302360064,6
0.2,8093,90,640507,79.13355572028664,12
0.2,8094,92,640599,79.13514515132798,9
0.2,8095,23,640622,79.1282114624506,9
0.2,8096,95,640717,79.13017166851921,7
0.2,8097,96,640813,79.1322548777476,7
0.2,8098,94,640907,79.13409062847265,8
0.2,8099,21,640928,79.1269135802469,11
0.2,8100,95,641023,79.12887297864461,6
0.2,8101,94,641117,79.13070846704517,7
0.2,8102,93,641210,79.1324200913242,8
0.2,8103,95,641305,79.13437808489634,6
0.2,8104,21,641326,79.12720542874769,11
0.2,8105,93,641419,79.12891685171478,9
0.2,8106,91,641510,79.13038115209079,10
0.2,8107,92,641602,79.13196842624568,9
0.2,8108,83,641685,79.1324454310026,19
0.2,8109,95,641780,79.134401972873,6
0.2,8110,88,641868,79.13549500678091,13
0.2,8111,91,641959,79.13695759368836,10
0.2,8112,96,642055,79.13903611487736,6
0.2,8113,95,642150,79.14099087996057,6
0.2,8114,94,642244,79.14282193468885,8
0.2,8115,94,642338,79.14465253819615,7
0.2,8116,23,642361,79.13773561660712,9
0.2,8117,94,642455,79.13956639566396,7
0.2,8118,93,642548,79.14127355585663,9
0.2,8119,94,642642,79.14310344827587,7
0.2,8120,93,642735,79.14480975249353,8
0.2,8121,94,642829,79.14663875892637,7
0.2,8122,89,642918,79.14785177889942,12
0.2,8123,94,643012,79.14967996061054,7
0.2,8124,94,643106,79.15150769230769,7
0.2,8125,93,643199,79.15321191238002,8
0.2,8126,96,643295,79.15528485295927,6
0.2,8127,96,643391,79.15735728346456,6
0.2,8128,27,643418,79.15094107516299,6
0.2,8129,92,643510,79.15252152521525,11
0.2,8130,94,643604,79.15434755872586,7
0.2,8131,94,643698,79.15617314313822,8
0.2,8132,24,643722,79.14939136849871,9
0.2,8133,93,643815,79.15109417260881,8
0.2,8134,93,643908,79.15279655808236,8
0.2,8135,89,643997,79.15400688298918,12
0.2,8136,90,644087,79.15533980582525,12
0.2,8137,94,644181,79.15716392233963,7
0.2,8138,94,644275,79.1589875906131,8
0.2,8139,24,644299,79.1522113022113,9
0.2,8140,94,644393,79.15403513081931,7
0.2,8141,91,644484,79.15549005158438,10
0.2,8142,95,644579,79.15743583445905,6
0.2,8143,94,644673,79.15925834970531,7
0.2,8144,94,644767,79.16108041743401,7
0.2,8145,96,644863,79.16314755708324,6
0.2,8146,96,644959,79.16521418927212,6
0.2,8147,89,645048,79.16642120765832,12
0.2,8148,23,645071,79.159528776537,11
0.2,8149,92,645163,79.16110429447853,9
0.2,8150,94,645257,79.16292479450374,9
0.2,8151,91,645348,79.16437684003925,10
0.2,8152,96,645444,79.16644180056421,7
0.2,8153,94,645538,79.16826097620799,7
0.2,8154,94,645632,79.17007970570202,10
0.2,8155,94,645726,79.1718979892104,7
0.2,8156,96,645822,79.17396101507907,6
0.2,8157,93,645915,79.1756557979897,8
0.2,8158,19,645934,79.16828042652286,13
0.2,8159,88,646022,79.16936274509804,13
0.2,8160,90,646112,79.17068986643794,11
0.2,8161,26,646138,79.16417544719431,8
0.2,8162,94,646232,79.16599289476908,8
0.2,8163,27,646259,79.15960313571779,7
0.2,8164,93,646352,79.16129822412738,8
0.2,8165,94,646446,79.16311535635562,7
0.2,8166,94,646540,79.16493204359006,7
0.2,8167,92,646632,79.16650342801175,10
0.2,8168,23,646655,79.15962786142735,9
0.2,8169,94,646749,79.16144430844554,7
0.2,8170,96,646845,79.1635050789377,6
0.2,8171,95,646940,79.16544297601567,6
0.2,8172,96,647036,79.16750275296708,6
0.2,8173,25,647061,79.16087594812821,8
0.2,8174,20,647081,79.15363914373089,14
0.2,8175,92,647173,79.15521037181996,9
0.2,8176,87,647260,79.15616974440503,15
0.2,8177,88,647348,79.15725116165322,14
0.2,8178,93,647441,79.15894363614133,8
0.2,8179,96,647537,79.16100244498777,6
0.2,8180,93,647630,79.1626940471825,8
0.2,8181,92,647722,79.16426301637742,9
0.2,8182,94,647816,79.16607601124282,7
0.2,8183,92,647908,79.16764418377322,9
0.2,8184,94,648002,79.16945632254124,7
0.2,8185,89,648091,79.17065721964329,14
0.2,8186,93,648184,79.17234640283377,8
0.2,8187,93,648277,79.17403517342453,8
0.2,8188,25,648302,79.16741970936623,8
0.2,8189,94,648396,79.16923076923077,8
0.2,8190,94,648490,79.17104138688805,7
0.2,8191,96,648586,79.173095703125,6
0.2,8192,92,648678,79.17466129622849,9
0.2,8193,95,648773,79.17659262875274,6
0.2,8194,96,648869,79.17864551555827,6
0.2,8195,95,648964,79.18057589067838,6
0.2,8196,27,648991,79.17421007685739,6
0.2,8197,87,649078,79.1751646743108,15
0.2,8198,94,649172,79.17697280156116,7
0.2,8199,88,649260,79.1780487804878,16
0.2,8200,84,649344,79.17863675161566,19
0.2,8201,94,649438,79.18044379419653,7
0.2,8202,95,649533,79.18237230281605,6
0.2,8203,91,649624,79.18381277425647,10
0.2,8204,92,649716,79.18537477148081,9
0.2,8205,92,649808,79.18693638800877,10
0.2,8206,95,649903,79.18886316559035,7
0.2,8207,92,649995,79.19042397660819,9
0.2,8208,94,650089,79.1922280423925,7
0.2,8209,89,650178,79.19342265529842,12
0.2,8210,90,650268,79.19473876507125,11
0.2,8211,94,650362,79.19654164637116,7
0.2,8212,90,650452,79.19785705588701,11
0.2,8213,95,650547,79.19978086194303,6
0.2,8214,92,650639,79.20133901399878,9
0.2,8215,90,650729,79.20265335929894,11
0.2,8216,92,650821,79.20421078252403,9
0.2,8217,92,650913,79.20576782672183,9
0.2,8218,91,651004,79.20720282272782,11
0.2,8219,91,651095,79.20863746958638,10
0.2,8220,96,651191,79.21067996594088,6
0.2,8221,96,651287,79.21272196545853,6
0.2,8222,94,651381,79.21452024808464,7
0.2,8223,90,651471,79.21583171206225,12
0.2,8224,94,651565,79.21762917933131,7
0.2,8225,96,651661,79.21966934111354,6
0.2,8226,90,651751,79.22097970098456,11
0.2,8227,91,651842,79.22241127856101,10
0.2,8228,93,651935,79.22408555109978,8
0.2,8229,95,652030,79.22600243013366,6
0.2,8230,90,652120,79.22731138379298,11
0.2,8231,86,652206,79.22813411078717,16
0.2,8232,94,652300,79.22992833717964,7
0.2,8233,93,652393,79.23160068010688,8
0.2,8234,87,652480,79.23254401942927,14
0.2,8235,94,652574,79.2343370568237,7
0.2,8236,90,652664,79.23564404516208,11
0.2,8237,93,652757,79.23731488225297,8
0.2,8238,94,652851,79.23910668770482,7
0.2,8239,92,652943,79.24065533980583,9
0.2,8240,94,653037,79.24244630506007,7
0.2,8241,94,653131,79.24423683571949,7
0.2,8242,87,653218,79.24517772655587,14
0.2,8243,95,653313,79.24708879184861,7
0.2,8244,93,653406,79.24875682231655,8
0.2,8245,95,653501,79.25066699005579,7
0.2,8246,96,653597,79.25269795076997,6
0.2,8247,90,653687,79.25400096993211,11
0.2,8248,92,653779,79.25554612680325,10
0.2,8249,91,653870,79.25696969696969,10
0.2,8250,94,653964,79.25875651436189,9
0.2,8251,92,654056,79.26030053320407,9
0.2,8252,8,654064,79.25166606082637,25
0.2,8253,94,654158,79.25345287133511,8
0.2,8254,92,654250,79.2549969715324,9
0.2,8255,92,654342,79.25654069767442,9
0.2,8256,91,654433,79.25796294053531,11
0.2,8257,96,654529,79.25999031242432,6
0.2,8258,93,654622,79.2616539532631,8
0.2,8259,90,654712,79.26295399515739,11
0.2,8260,96,654808,79.26498002663116,6
0.2,8261,26,654834,79.25853304284676,7
0.2,8262,92,654926,79.26007503328088,9
0.2,8263,95,655021,79.26197967086156,6
0.2,8264,94,655115,79.2637628554144,7
0.2,8265,90,655205,79.26506169852408,12
0.2,8266,95,655300,79.26696504173219,6
0.2,8267,90,655390,79.26826318335752,12
0.2,8268,90,655480,79.26956101100495,13
0.2,8269,95,655575,79.2714631197098,6
0.2,8270,96,655671,79.27348567283279,7
0.2,8271,23,655694,79.2666827852998,9
0.2,8272,92,655786,79.26822192674966,10
0.2,8273,27,655813,79.26190476190476,6
0.2,8274,95,655908,79.26380664652568,6
0.2,8275,91,655999,79.26522474625423,10
0.2,8276,23,656022,79.25842696629213,9
0.2,8277,91,656113,79.25984537327857,10
0.2,8278,91,656204,79.26126343761324,10
0.2,8279,86,656290,79.262077294686,18
0.2,8280,92,656382,79.26361550537375,9
0.2,8281,93,656475,79.26527408838444,8
0.2,8282,95,656570,79.26717372932512,6
0.2,8283,92,656662,79.26871076774505,9
0.2,8284,91,656753,79.27012673506337,10
0.2,8285,94,656847,79.27190441708906,8
0.2,8286,96,656943,79.27392301194642,6
0.2,8287,94,657037,79.2756998069498,7
0.2,8288,93,657130,79.27735553142719,8
0.2,8289,88,657218,79.27840772014476,13
0.2,8290,95,657313,79.28030394403571,6
0.2,8291,94,657407,79.2820791123975,8
0.2,8292,24,657431,79.27541299891475,8
0.2,8293,23,657454,79.26862792380034,9
0.2,8294,92,657546,79.27016274864376,9
0.2,8295,90,657636,79.27145612343298,11
0.2,8296,90,657726,79.27274918645294,12
0.2,8297,93,657819,79.27440347071584,8
0.2,8298,-125,657694,79.24978913122062,19
0.2,8299,92,657786,79.25132530120482,9
0.2,8300,94,657880,79.25310203589929,7
0.2,8301,93,657973,79.25475788966514,8
0.2,8302,24,657997,79.24810309526677,8
0.2,8303,91,658088,79.2495183044316,11
0.2,8304,92,658180,79.25105358217941,9
0.2,8305,24,658204,79.24440163737057,10
0.2,8306,92,658296,79.24593716143012,9
0.2,8307,91,658387,79.24735194992778,10
0.2,8308,91,658478,79.24876639788181,10
0.2,8309,93,658571,79.25042117930205,8
0.2,8310,91,658662,79.25183491757912,11
0.2,8311,94,658756,79.25360923965351,7
0.2,8312,93,658849,79.25526284133285,9
0.2,8313,94,658943,79.2570363242723,8
0.2,8314,94,659037,79.2588093806374,7
0.2,8315,94,659131,79.26058201058201,7
0.2,8316,96,659227,79.26259468558375,6
0.2,8317,93,659320,79.26424621303198,8
0.2,8318,89,659409,79.26541651640822,15
0.2,8319,93,659502,79.2670673076923,8
0.2,8320,95,659597,79.26895805792573,6
0.2,8321,91,659688,79.2703677000721,10
0.2,8322,94,659782,79.27213745043855,7
0.2,8323,27,659809,79.26585776069197,6
0.2,8324,93,659902,79.2675075075075,9
0.2,8325,86,659988,79.268316118184,15
0.2,8326,94,660082,79.27008526480125,8
0.2,8327,94,660176,79.27185398655139,8
0.2,8328,92,660268,79.27338215872254,9
0.2,8329,92,660360,79.27490996398559,9
0.2,8330,95,660455,79.27679750330093,6
0.2,8331,21,660476,79.26980316850697,12
0.2,8332,91,660567,79.27121084843394,10
0.2,8333,96,660663,79.2732181425486,7
0.2,8334,20,660683,79.26610677864427,14
0.2,8335,94,660777,79.26787428023033,7
0.2,8336,90,660867,79.26916156890968,11
0.2,8337,93,660960,79.2708083473255,9
0.2,8338,20,660980,79.26370068353519,12
0.2,8339,86,661066,79.26450839328537,15
0.2,8340,94,661160,79.26627502697518,9
0.2,8341,93,661253,79.26792136178375,8
0.2,8342,90,661343,79.26920771904591,11
0.2,8343,94,661437,79.27097315436242,7
0.2,8344,17,661454,79.26351108448172,16
0.2,8345,93,661547,79.26515696141864,8
0.2,8346,92,661639,79.26668264046963,9
0.2,8347,94,661733,79.26844753234307,7
0.2,8348,96,661829,79.27045155108397,6
0.2,8349,92,661921,79.27197604790419,9
0.2,8350,95,662016,79.27385941803377,8
0.2,8351,94,662110,79.27562260536398,7
0.2,8352,90,662200,79.27690650065844,11
0.2,8353,94,662294,79.27866890112522,7
0.2,8354,94,662388,79.28043087971275,7
0.2,8355,94,662482,79.28219243657253,7
0.2,8356,87,662569,79.28311595070001,14
0.2,8357,94,662663,79.28487676477626,8
0.2,8358,93,662756,79.28651752601986,8
0.2,8359,96,662852,79.28851674641149,6
0.2,8360,22,662874,79.2816648726229,12
0.2,8361,90,662964,79.28294666347763,11
0.2,8362,94,663058,79.2847064450556,7
0.2,8363,91,663149,79.28610712577714,10
0.2,8364,89,663238,79.28726838015541,12
0.2,8365,95,663333,79.28914654554147,6
0.2,8366,95,663428,79.29102426198159,6
0.2,8367,94,663522,79.29278202676865,7
0.2,8368,94,663616,79.29453937149002,7
0.2,8369,91,663707,79.29593787335723,10
0.2,8370,91,663798,79.29733604109425,10
0.2,8371,94,663892,79.29909221213569,7
0.2,8372,91,663983,79.30048966917472,10
0.2,8373,89,664072,79.30164795796513,12
0.2,8374,93,664165,79.30328358208955,9
0.2,8375,85,664250,79.30396370582616,16
0.2,8376,93,664343,79.30559866300585,8
0.2,8377,93,664436,79.3072332298878,8
0.2,8378,89,664525,79.30839002267574,12
0.2,8379,90,664615,79.30966587112172,11
0.2,8380,95,664710,79.31153800262499,7
0.2,8381,88,664798,79.31257456454307,13
0.2,8382,93,664891,79.3142073243469,9
0.2,8383,92,664983,79.31572041984732,9
0.2,8384,94,665077,79.31747167561122,7
0.2,8385,86,665163,79.31826854280945,16
0.2,8386,90,665253,79.31954214856326,11
0.2,8387,89,665342,79.3206962327134,13
0.2,8388,92,665434,79.32220765287877,9
0.2,8389,95,665529,79.32407628128725,7
0.2,8390,93,665622,79.32570611369324,8
0.2,8391,93,665715,79.32733555767398,8
0.2,8392,91,665806,79.328726319552,10
0.2,8393,94,665900,79.33047414820109,8
0.2,8394,91,665991,79.33186420488386,10
0.2,8395,96,666087,79.33384945212006,6
0.2,8396,96,666183,79.33583422650946,6
0.2,8397,96,666279,79.337818528221,6
0.2,8398,91,666370,79.33920704845815,11
0.2,8399,96,666466,79.34119047619048,6
0.2,8400,94,666560,79.34293536483752,7
0.2,8401,93,666653,79.34456081885266,10
0.2,8402,93,666746,79.3461858859931,8
0.2,8403,94,666840,79.34792955735364,8
0.2,8404,92,666932,79.34943486020227,9
0.2,8405,17,666949,79.34201760647157,16
0.2,8406,93,667042,79.34364220292613,9
0.2,8407,93,667135,79.34526641294006,8
0.2,8408,94,667229,79.34700915685575,7
0.2,8409,96,667325,79.34898929845423,6
0.2,8410,89,667414,79.35013672571633,15
0.2,8411,91,667505,79.35152163575844,10
0.2,8412,93,667598,79.35314394389636,9
0.2,8413,86,667684,79.35393391965772,15
0.2,8414,93,667777,79.35555555555555,8
0.2,8415,87,667864,79.35646387832699,15
0.2,8416,25,667889,79.3500059403588,8
0.2,8417,96,667985,79.3519838441435,6
0.2,8418,91,668076,79.35336738329968,10
0.2,8419,94,668170,79.35510688836105,7
0.2,8420,85,668255,79.35577722360765,16
0.2,8421,92,668347,79.35727855616243,9
0.2,8422,-44,668303,79.34263326605722,8
0.2,8423,92,668395,79.34413580246914,9
0.2,8424,91,668486,79.34551928783382,10
0.2,8425,93,668579,79.34713980536435,9
0.2,8426,90,668669,79.34840393971757,12
0.2,8427,93,668762,79.35002373042241,8
0.2,8428,92,668854,79.3515244987543,10
0.2,8429,94,668948,79.35326215895611,7
0.2,8430,92,669040,79.35476218716641,10
0.2,8431,93,669133,79.35638045540797,8
0.2,8432,94,669227,79.35811692161745,7
0.2,8433,92,669319,79.359615840645,10
0.2,8434,84,669403,79.36016597510374,17
0.2,8435,90,669493,79.36142721669037,11
0.2,8436,89,669582,79.36256963375608,12
0.2,8437,95,669677,79.36442284901635,6
0.2,8438,95,669772,79.36627562507407,8
0.2,8439,94,669866,79.36800947867299,7
0.2,8440,95,669961,79.36986139083047,6
0.2,8441,89,670050,79.37100213219617,12
0.2,8442,92,670142,79.37249792727704,9
0.2,8443,92,670234,79.37399336807201,9
0.2,8444,94,670328,79.3757252812315,7
0.2,8445,89,670417,79.37686478806536,12
0.2,8446,94,670511,79.3785959512253,7
0.2,8447,95,670606,79.38044507575758,7
0.2,8448,93,670699,79.38205704817138,10
0.2,8449,86,670785,79.38284023668639,15
0.2,8450,96,670881,79.38480653177139,6
0.2,8451,94,670975,79.38653573118789,8
0.2,8452,95,671070,79.38838282266651,6
0.2,8453,93,671163,79.38999290276791,8
0.2,8454,90,671253,79.39124778237729,11
0.2,8455,88,671341,79.39226584673605,13
0.2,8456,94,671435,79.39399314177605,7
0.2,8457,95,671530,79.39583825963585,6
0.2,8458,92,671622,79.39732828939592,9
0.2,8459,94,671716,79.39905437352246,7
0.2,8460,92,671808,79.40054367096089,9
0.2,8461,94,671902,79.40226896714725,7
0.2,8462,93,671995,79.40387569419828,8
0.2,8463,94,672089,79.40560018903592,7
0.2,8464,27,672116,79.39940933254577,6
0.2,8465,92,672208,79.40089770848098,9
0.2,8466,93,672301,79.40250383843156,8
0.2,8467,92,672393,79.40399149740199,13
0.2,8468,19,672412,79.39685913330972,14
0.2,8469,95,672507,79.3987012987013,6
0.2,8470,96,672603,79.40066107897533,6
0.2,8471,94,672697,79.40238432483476,7
0.2,8472,93,672790,79.4039891419804,8
0.2,8473,94,672884,79.40571158838802,7
0.2,8474,93,672977,79.40731563421829,8
0.2,8475,24,673001,79.40077866918358,9
0.2,8476,94,673095,79.40250088474696,7
0.2,8477,94,673189,79.40422269403162,7
0.2,8478,22,673211,79.39745252977946,10
0.2,8479,27,673238,79.39127358490566,6
0.2,8480,94,673332,79.39299610894942,7
0.2,8481,92,673424,79.39448243338835,9
0.2,8482,94,673518,79.39620417305198,8
0.2,8483,94,673612,79.3979255068364,7
0.2,8484,96,673708,79.3998821449617,6
0.2,8485,93,673801,79.40148479849164,8
0.2,8486,92,673893,79.40296924708377,9
0.2,8487,89,673982,79.40409990574929,12
0.2,8488,85,674067,79.40475910001177,16
0.2,8489,93,674160,79.40636042402826,8
0.2,8490,95,674255,79.40819691437993,6
0.2,8491,96,674351,79.41015073009892,6
0.2,8492,26,674377,79.4038620040033,6
0.2,8493,23,674400,79.39722156816576,10
0.2,8494,95,674495,79.39905826957033,6
0.2,8495,95,674590,79.40089453860641,6
0.2,8496,89,674679,79.40202424385078,12
0.2,8497,15,674694,79.39444575194163,17
0.2,8498,94,674788,79.39616425461818,7
0.2,8499,87,674875,79.3970588235294,14
0.2,8500,95,674970,79.39889424773556,8
0.2,8501,94,675064,79.4006116207951,7
0.2,8502,27,675091,79.39444901799365,6
0.2,8503,94,675185,79.3961665098777,8
0.2,8504,91,675276,79.39753086419753,11
0.2,8505,93,675369,79.3991300258641,9
0.2,8506,90,675459,79.40037616080875,11
0.2,8507,93,675552,79.40197461212976,8
0.2,8508,94,675646,79.4036902103655,7
0.2,8509,95,675741,79.40552291421857,7
0.2,8510,94,675835,79.40723769239807,8
0.2,8511,90,675925,79.40848214285714,12
0.2,8512,93,676018,79.41007870315987,8
0.2,8513,95,676113,79.41190979563072,8
0.2,8514,95,676208,79.41374045801527,6
0.2,8515,88,676296,79.41474870831377,13
0.2,8516,90,676386,79.41599154631912,11
0.2,8517,88,676474,79.4169992956093,14
0.2,8518,93,676567,79.41859373165865,8
0.2,8519,94,676661,79.42030516431925,7
0.2,8520,92,676753,79.42178148104682,10
0.2,8521,92,676845,79.4232574513025,9
0.2,8522,92,676937,79.42473307520827,9
0.2,8523,94,677031,79.42644298451431,7
0.2,8524,92,677123,79.42791788856304,9
0.2,8525,88,677211,79.42892329345531,13
0.2,8526,95,677306,79.43074938430867,6
0.2,8527,93,677399,79.43234052532833,8
0.2,8528,95,677494,79.43416578731387,6
0.2,8529,86,677580,79.43493552168816,15
0.2,8530,90,677670,79.4361739538155,11
0.2,8531,27,677697,79.43002812939521,6
0.2,8532,94,677791,79.43173561467245,7
0.2,8533,95,677886,79.43355987813452,6
0.2,8534,96,677982,79.43550087873462,6
0.2,8535,96,678078,79.43744142455483,6
0.2,8536,94,678172,79.4391472414197,7
0.2,8537,86,678258,79.43991567111736,15
0.2,8538,85,678343,79.440566811102,16
0.2,8539,93,678436,79.44215456674473,8
0.2,8540,19,678455,79.4350778597354,13
0.2,8541,91,678546,79.43643174900491,10
0.2,8542,88,678634,79.43743415661946,13
0.2,8543,21,678655,79.43059456928839,11
0.2,8544,91,678746,79.43194850789935,10
0.2,8545,80,678826,79.43201497776738,23
0.2,8546,90,678916,79.43325143325143,11
0.2,8547,96,679012,79.4351895180159,6
0.2,8548,89,679101,79.43630834015674,12
0.2,8549,94,679195,79.43801169590644,8
0.2,8550,94,679289,79.43971465325693,7
0.2,8551,90,679379,79.44094948550047,11
0.2,8552,92,679471,79.44241786507658,10
0.2,8553,96,679567,79.4443535188216,6
0.2,8554,89,679656,79.44547048509644,14
0.2,8555,93,679749,79.44705469845722,8
0.2,8556,96,679845,79.44898913170503,6
0.2,8557,94,679939,79.45068941341435,7
0.2,8558,25,679964,79.44432760836547,8
0.2,8559,91,680055,79.44567757009345,10
0.2,8560,94,680149,79.44737764279874,7
0.2,8561,91,680240,79.44872693295959,11
0.2,8562,94,680334,79.4504262524816,8
0.2,8563,22,680356,79.44371788883699,12
0.2,8564,24,680380,79.43724460011676,9
0.2,8565,94,680474,79.43894466495448,7
0.2,8566,95,680569,79.44076105988094,6
0.2,8567,86,680655,79.44152661064426,17
0.2,8568,92,680747,79.44299218111799,10
0.2,8569,91,680838,79.4443407234539,10
0.2,8570,91,680929,79.44568895111422,10
0.2,8571,94,681023,79.44738684087727,7
0.2,8572,25,681048,79.44103581010148,8
0.2,8573,94,681142,79.44273384651271,7
0.2,8574,96,681238,79.44466472303208,6
0.2,8575,86,681324,79.44542910447761,15
0.2,8576,95,681419,79.44724262562667,7
0.2,8577,92,681511,79.44870599207275,9
0.2,8578,93,681604,79.45028558107005,8
0.2,8579,94,681698,79.45198135198135,10
0.2,8580,96,681794,79.45390980072253,6
0.2,8581,24,681818,79.44744814728502,8
0.2,8582,91,681909,79.4487941279273,10
0.2,8583,92,682001,79.45025629077354,9
0.2,8584,87,682088,79.45113570180547,14
0.2,8585,94,682182,79.45283018867924,7
0.2,8586,92,682274,79.4542913706766,9
0.2,8587,93,682367,79.45586865393572,8
0.2,8588,89,682456,79.45697985795785,12
0.2,8589,95,682551,79.45878928987194,7
0.2,8590,91,682642,79.4601326970085,12
0.2,8591,96,682738,79.46205772811918,6
0.2,8592,86,682824,79.46281857325731,16
0.2,8593,96,682920,79.46474284384455,6
0.2,8594,94,683014,79.46643397324026,7
0.2,8595,94,683108,79.46812470916706,7
0.2,8596,90,683198,79.46934977317669,11
0.2,8597,92,683290,79.47080716445684,9
0.2,8598,92,683382,79.47226421676939,9
0.2,8599,93,683475,79.47383720930233,8
0.2,8600,92,683567,79.47529357051506,10
0.2,8601,92,683659,79.47674959311787,9
0.2,8602,95,683754,79.47855399279321,6
0.2,8603,25,683779,79.47222222222223,8
0.2,8604,93,683872,79.47379430563626,9
0.2,8605,95,683967,79.47559841970718,6
0.2,8606,21,683988,79.46880446148484,11
0.2,8607,24,684012,79.46236059479554,8
0.2,8608,89,684101,79.46346846323615,12
0.2,8609,-50,684051,79.44843205574912,13
0.2,8610,94,684145,79.45012193705725,7
0.2,8611,88,684233,79.45111472364142,14
0.2,8612,92,684325,79.452571693951,9
0.2,8613,93,684418,79.45414441606687,8
0.2,8614,94,684512,79.45583284968079,7
0.2,8615,88,684600,79.45682451253482,15
0.2,8616,93,684693,79.45839619357085,10
0.2,8617,93,684786,79.45996750986308,8
0.2,8618,95,684881,79.46177050701938,6
0.2,8619,93,684974,79.46334106728538,8
0.2,8620,93,685067,79.46491126319452,8
0.2,8621,90,685157,79.46613314776154,11
0.2,8622,87,685244,79.4670068421663,15
0.2,8623,95,685339,79.46880797773655,7
0.2,8624,95,685434,79.47060869565217,7
0.2,8625,94,685528,79.47229306747043,7
0.2,8626,91,685619,79.47362930334995,10
0.2,8627,84,685703,79.47415391747798,17
0.2,8628,91,685794,79.47548962799861,11
0.2,8629,95,685889,79.47728852838934,6
0.2,8630,82,685971,79.47758081334723,19
0.2,8631,96,686067,79.47949490268768,6
0.2,8632,85,686152,79.48013436812232,16
0.2,8633,92,686244,79.48158443363447,9
0.2,8634,26,686270,79.47539085118703,7
0.2,8635,91,686361,79.47672533580361,10
0.2,8636,94,686455,79.47840685423179,7
0.2,8637,93,686548,79.4799722157907,9
0.2,8638,94,686642,79.48165296909364,7
0.2,8639,94,686736,79.48333333333333,7
0.2,8640,15,686751,79.47587084828145,17
0.2,8641,93,686844,79.47743577875492,8
0.2,8642,93,686937,79.4790003471017,10
0.2,8643,86,687023,79.47975474317445,15
0.2,8644,92,687115,79.4812030075188,9
0.2,8645,91,687206,79.48253527642841,13
0.2,8646,87,687293,79.48340464901122,15
0.2,8647,96,687389,79.48531452358927,6
0.2,8648,96,687485,79.48722395652676,6
0.2,8649,93,687578,79.48878612716763,8
0.2,8650,95,687673,79.49057912380071,7
0.2,8651,91,687764,79.49190938511327,10
0.2,8652,93,687857,79.49347047266843,8
0.2,8653,93,687950,79.49503119944535,8
0.2,8654,25,687975,79.48873483535529,7
0.2,8655,91,688066,79.49006469500924,10
0.2,8656,91,688157,79.49139424742982,12
0.2,8657,92,688249,79.492838992839,10
0.2,8658,93,688342,79.49439889132694,8
0.2,8659,91,688433,79.49572748267899,10
0.2,8660,92,688525,79.49717122734096,9
0.2,8661,91,688616,79.49849919187254,10
0.2,8662,92,688708,79.4999422832737,11
0.2,8663,24,688732,79.49353647276085,8
0.2,8664,93,688825,79.49509521061742,8
0.2,8665,96,688921,79.49699976921302,6
0.2,8666,95,689016,79.4987885081343,6
0.2,8667,26,689042,79.49261652053531,10
0.2,8668,22,689064,79.48598454262314,12
0.2,8669,92,689156,79.4874279123414,9
0.2,8670,21,689177,79.4806827355553,11
0.2,8671,92,689269,79.48212638376384,9
0.2,8672,94,689363,79.48380029978092,8
0.2,8673,94,689457,79.4854738298363,7
0.2,8674,90,689547,79.48668587896253,11
0.2,8675,25,689572,79.48040571692025,8
0.2,8676,85,689657,79.4810418347355,16
0.2,8677,85,689742,79.48167780594608,16
0.2,8678,91,689833,79.48300495448784,13
0.2,8679,91,689924,79.48433179723503,10
0.2,8680,89,690013,79.48542794608916,12
0.2,8681,88,690101,79.48640866159872,13
0.2,8682,27,690128,79.48036392951745,6
0.2,8683,88,690216,79.48134500230309,13
0.2,8684,89,690305,79.48244099021301,12
0.2,8685,92,690397,79.48388210914115,9
0.2,8686,92,690489,79.4853228962818,9
0.2,8687,12,690501,79.47755524861878,20
0.2,8688,92,690593,79.47899643227069,10
0.2,8689,93,690686,79.48055235903337,8
0.2,8690,90,690776,79.48176274306753,11
0.2,8691,22,690798,79.47514956281638,10
0.2,8692,95,690893,79.47693546531693,6
0.2,8693,90,690983,79.47814584771106,12
0.2,8694,94,691077,79.47981598619897,7
0.2,8695,90,691167,79.48102575896964,11
0.2,8696,94,691261,79.48269518224676,8
0.2,8697,91,691352,79.484019314785,11
0.2,8698,94,691446,79.4856880101161,7
0.2,8699,93,691539,79.48724137931035,9
0.2,8700,96,691635,79.48913917940466,6
0.2,8701,94,691729,79.4908067111009,7
0.2,8702,19,691748,79.48385614156038,13
0.2,8703,93,691841,79.48540900735294,8
0.2,8704,90,691931,79.48661688684663,11
0.2,8705,91,692022,79.48793935217091,10
0.2,8706,94,692116,79.48960606408637,7
0.2,8707,27,692143,79.48357831878732,6
0.2,8708,89,692232,79.484671029969,12
0.2,8709,93,692325,79.48622273249138,8
0.2,8710,96,692421,79.48811847089887,7
0.2,8711,94,692515,79.4897842056933,7
0.2,8712,90,692605,79.49099047400436,11
0.2,8713,93,692698,79.49254073904062,8
0.2,8714,79,692777,79.4924842226047,23
0.2,8715,94,692871,79.49414869206058,7
0.2,8716,91,692962,79.4954686245268,10
0.2,8717,91,693053,79.49678825418674,10
0.2,8718,93,693146,79.49833696524831,8
0.2,8719,23,693169,79.49185779816514,9
0.2,8720,94,693263,79.49352138516225,9
0.2,8721,88,693351,79.49449667507453,13
0.2,8722,90,693441,79.49570102029118,12
0.2,8723,94,693535,79.49736359468133,8
0.2,8724,93,693628,79.4989111747851,8
0.2,8725,94,693722,79.5005730002292,7
0.2,8726,95,693817,79.50234903174058,7
0.2,8727,91,693908,79.50366636113657,10
0.2,8728,94,694002,79.50532707068393,7
0.2,8729,92,694094,79.50675830469645,9
0.2,8730,89,694183,79.50784560760509,12
0.2,8731,94,694277,79.50950526797985,7
0.2,8732,95,694372,79.51127905645254,6
0.2,8733,94,694466,79.51293794366842,8
0.2,8734,92,694558,79.51436748712078,9
0.2,8735,18,694576,79.50732600732601,14
0.2,8736,96,694672,79.50921368890924,6
0.2,8737,92,694764,79.51064316777294,9
0.2,8738,23,694787,79.50417667925392,10
0.2,8739,91,694878,79.50549199084668,12
0.2,8740,94,694972,79.50715021164626,8
0.2,8741,87,695059,79.50800732097917,14
0.2,8742,87,695146,79.50886423424454,14
0.2,8743,-44,695102,79.49473924977127,8
0.2,8744,95,695197,79.49651229273871,8
0.2,8745,92,695289,79.4979419163046,9
0.2,8746,93,695382,79.4994855378987,8
0.2,8747,94,695476,79.50114311842707,7
0.2,8748,92,695568,79.50257172248257,9
0.2,8749,85,695653,79.5032,16
0.2,8750,91,695744,79.50451376985487,10
0.2,8751,93,695837,79.50605575868373,8
0.2,8752,96,695933,79.50794013481092,6
0.2,8753,-47,695886,79.49348869088416,12
0.2,8754,94,695980,79.49514563106796,9
0.2,8755,92,696072,79.49657377798081,9
0.2,8756,96,696168,79.49845837615622,6
0.2,8757,96,696264,79.5003425439598,6
0.2,8758,95,696359,79.50211211325494,6
0.2,8759,89,696448,79.50319634703196,12
0.2,8760,93,696541,79.50473690218011,8
0.2,8761,94,696635,79.50639123487788,7
0.2,8762,92,696727,79.5078169576629,9
0.2,8763,95,696822,79.50958466453675,7
0.2,8764,91,696913,79.51089560752995,10
0.2,8765,93,697006,79.51243440565823,8
0.2,8766,21,697027,79.50576023725334,11
0.2,8767,89,697116,79.50684306569343,12
0.2,8768,26,697142,79.50074124757668,7
0.2,8769,96,697238,79.50262257696693,6
0.2,8770,27,697265,79.49663664348421,7
0.2,8771,-124,697141,79.4734382124943,20
0.2,8772,92,697233,79.47486606633991,9
0.2,8773,90,697323,79.47606564850695,12
0.2,8774,87,697410,79.47692307692307,15
0.2,8775,90,697500,79.47812215132178,11
0.2,8776,94,697594,79.47977668907372,7
0.2,8777,89,697683,79.48086124401914,12
0.2,8778,95,697778,79.48262900102517,6
0.2,8779,90,697868,79.48382687927106,11
0.2,8780,93,697961,79.48536613142011,8
0.2,8781,94,698055,79.48701890230016,7
0.2,8782,91,698146,79.48832972788341,10
0.2,8783,94,698240,79.48998178506375,9
0.2,8784,93,698333,79.49151963574275,8
0.2,8785,92,698425,79.49294331891646,9
0.2,8786,96,698521,79.4948218959827,6
0.2,8787,93,698614,79.49635867091489,9
0.2,8788,93,698707,79.49789509614291,10
0.2,8789,90,698797,79.49908987485779,11
0.2,8790,91,698888,79.5003981344557,10
0.2,8791,94,698982,79.50204731574158,7
0.2,8792,94,699076,79.50369612191516,8
0.2,8793,95,699171,79.50545826700022,6
0.2,8794,90,699261,79.5066515065378,11
0.2,8795,93,699354,79.5081855388813,8
0.2,8796,91,699445,79.50949187222916,10
0.2,8797,90,699535,79.51068424641964,12
0.2,8798,92,699627,79.51210364814183,9
0.2,8799,88,699715,79.51306818181818,13
0.2,8800,90,699805,79.514259743211,11
0.2,8801,96,699901,79.51613269711429,6
0.2,8802,88,699989,79.51709644439396,13
0.2,8803,91,700080,79.5184007269423,10
0.2,8804,90,700170,79.51959114139693,11
0.2,8805,91,700261,79.52089484442426,11
0.2,8806,96,700357,79.52276598160554,6
0.2,8807,93,700450,79.52429609445959,8
0.2,8808,27,700477,79.51833352253377,6
0.2,8809,91,700568,79.51963677639047,10
0.2,8810,96,700664,79.52150720690047,6
0.2,8811,92,700756,79.5229232864276,9
0.2,8812,-48,700708,79.50845342108249,11
0.2,8813,93,700801,79.50998411617881,8
0.2,8814,95,700896,79.51174134997164,7
0.2,8815,94,700990,79.51338475499092,8
0.2,8816,94,701084,79.51502778722922,7
0.2,8817,92,701176,79.51644363801316,9
0.2,8818,92,701268,79.51785916770609,9
0.2,8819,94,701362,79.51950113378685,7
0.2,8820,92,701454,79.52091599591883,9
0.2,8821,89,701543,79.52199047834958,15
0.2,8822,26,701569,79.51592428879066,7
0.2,8823,88,701657,79.51688576609247,13
0.2,8824,91,701748,79.51818696883852,13
0.2,8825,93,701841,79.51971447994562,8
0.2,8826,87,701928,79.52056191231449,14
0.2,8827,95,702023,79.52231536021749,6
0.2,8828,90,702113,79.52350209536753,11
0.2,8829,92,702205,79.52491506228766,10
0.2,8830,91,702296,79.52621447174725,11
0.2,8831,94,702390,79.52785326086956,7
0.2,8832,93,702483,79.52937846711197,8
0.2,8833,27,702510,79.5234321937967,6
0.2,8834,-48,702462,79.50899830220713,11
0.2,8835,92,702554,79.5104119511091,9
0.2,8836,95,702649,79.512164761797,7
0.2,8837,91,702740,79.51346458474768,11
0.2,8838,94,702834,79.51510351849757,9
0.2,8839,95,702929,79.51685520361991,7
0.2,8840,88,703017,79.51781472684085,14
0.2,8841,91,703108,79.51911332277766,11
0.2,8842,93,703201,79.52063779260432,8
0.2,8843,90,703291,79.52182270465853,11
0.2,8844,92,703383,79.5232334652346,9
0.2,8845,95,703478,79.52498304318335,6
0.2,8846,95,703573,79.5267322256132,6
0.2,8847,89,703662,79.52780289330923,14
0.2,8848,95,703757,79.52955136173578,6
0.2,8849,93,703850,79.53107344632768,8
0.2,8850,96,703946,79.53293413173652,6
0.2,8851,95,704041,79.53468142792589,8
0.2,8852,93,704134,79.53620241725969,9
0.2,8853,89,704223,79.53727128981251,12
0.2,8854,94,704317,79.53890457368718,7
0.2,8855,93,704410,79.54042457091238,8
0.2,8856,91,704501,79.54171841481315,10
0.2,8857,90,704591,79.54289907428313,11
0.2,8858,92,704683,79.54430522632352,9
0.2,8859,92,704775,79.54571106094808,9
0.2,8860,92,704867,79.54711657826431,9
0.2,8861,96,704963,79.54897314375988,6
0.2,8862,89,705052,79.55003949001467,12
0.2,8863,95,705147,79.55178249097473,6
0.2,8864,92,705239,79.5531866892273,9
0.2,8865,95,705334,79.55492894202571,6
0.2,8866,94,705428,79.55655802413443,7
0.2,8867,83,705511,79.55694632386107,18
0.2,8868,95,705606,79.55868756342316,7
0.2,8869,94,705700,79.56031567080045,7
0.2,8870,90,705790,79.56149250366363,11
0.2,8871,19,705809,79.55466636609559,16
0.2,8872,93,705902,79.5561816747436,8
0.2,8873,86,705988,79.5569078205995,15
0.2,8874,95,706083,79.55864788732394,6
0.2,8875,95,706178,79.56038756196484,8
0.2,8876,93,706271,79.56190154331418,8
0.2,8877,88,706359,79.56285199369228,13
0.2,8878,88,706447,79.56380222998085,15
0.2,8879,21,706468,79.55720720720721,12
0.2,8880,19,706487,79.55038846976692,13
0.2,8881,24,706511,79.5441342040081,8
0.2,8882,90,706601,79.54531126871552,11
0.2,8883,95,706696,79.5470508779829,7
0.2,8884,94,706790,79.54867754642656,8
0.2,8885,93,706883,79.55019131217645,9
0.2,8886,82,706965,79.55046697423202,19
0.2,8887,94,707059,79.55209270927092,7
0.2,8888,95,707154,79.55383057711778,7
0.2,8889,92,707246,79.55523059617548,9
0.2,8890,94,707340,79.55685524687887,7
0.2,8891,89,707429,79.55791722896986,12
0.2,8892,92,707521,79.55931631620376,10
0.2,8893,87,707608,79.56015291207555,14
0.2,8894,88,707696,79.561101742552,14
0.2,8895,95,707791,79.56283723021583,9
0.2,8896,88,707879,79.56378554568956,13
0.2,8897,91,707970,79.56507080242751,10
0.2,8898,88,708058,79.56601865378133,14
0.2,8899,90,708148,79.56719101123595,12
0.2,8900,95,708243,79.56892483990563,6
0.2,8901,91,708334,79.57020894181083,10
0.2,8902,93,708427,79.57171739862967,8
0.2,8903,94,708521,79.57333782569631,8
0.2,8904,90,708611,79.57450870297586,11
0.2,8905,95,708706,79.57624073658208,6
0.2,8906,95,708801,79.57797238127316,6
0.2,8907,94,708895,79.57959137853615,7
0.2,8908,90,708985,79.58076102817375,11
0.2,8909,92,709077,79.58215488215488,11
0.2,8910,89,709166,79.58321176074514,12
0.2,8911,90,709256,79.58438061041292,11
0.2,8912,94,709350,79.58599798047796,7
0.2,8913,93,709443,79.58750280457707,8
0.2,8914,94,709537,79.5891194615816,7
0.2,8915,22,709559,79.58266038582325,10
0.2,8916,92,709651,79.58405293260066,10
0.2,8917,92,709743,79.58544516707782,9
0.2,8918,89,709832,79.58650072878126,12
0.2,8919,94,709926,79.58811659192826,8
0.2,8920,95,710021,79.58984418787132,7
0.2,8921,93,710114,79.59134723156242,9
0.2,8922,93,710207,79.59284993836154,8
0.2,8923,95,710302,79.59457642312864,6
0.2,8924,96,710398,79.59641456582634,6
0.2,8925,91,710489,79.59769213533498,11
0.2,8926,94,710583,79.59930547776409,10
0.2,8927,26,710609,79.59330197132617,8
0.2,8928,93,710702,79.59480344943442,9
0.2,8929,96,710798,79.59664053751399,6
0.2,8930,87,710885,79.59746948829918,14
0.2,8931,95,710980,79.59919390953874,6
0.2,8932,86,711066,79.59991044441956,15
0.2,8933,22,711088,79.59346317438997,10
0.2,8934,94,711182,79.59507554560716,7
0.2,8935,93,711275,79.59657564905999,8
0.2,8936,91,711366,79.59785162806311,10
0.2,8937,95,711461,79.5995748489595,7
0.2,8938,92,711553,79.60096207629489,9
0.2,8939,94,711647,79.60257270693512,8
0.2,8940,94,711741,79.60418297729561,8
0.2,8941,92,711833,79.60556922388727,12
0.2,8942,25,711858,79.59946326735995,8
0.2,8943,94,711952,79.6010733452594,7
0.2,8944,94,712046,79.60268306316378,7
0.2,8945,94,712140,79.60429242119383,7
0.2,8946,88,712228,79.60523080362132,13
0.2,8947,90,712318,79.60639248994188,11
0.2,8948,92,712410,79.60777740529669,9
0.2,8949,91,712501,79.60905027932961,10
0.2,8950,94,712595,79.61065802703608,7
0.2,8951,88,712683,79.61159517426273,14
0.2,8952,89,712772,79.6126438065453,12
0.2,8953,95,712867,79.61436229618047,6
0.2,8954,93,712960,79.61585706309324,9
0.2,8955,91,713051,79.6171281822242,11
0.2,8956,94,713145,79.6187339510997,8
0.2,8957,96,713241,79.62056262558608,6
0.2,8958,90,713331,79.62172117423819,13
0.2,8959,91,713422,79.62299107142857,11
0.2,8960,24,713446,79.61678384108916,8
0.2,8961,95,713541,79.61850033474671,7
0.2,8962,94,713635,79.6201048755997,7
0.2,8963,93,713728,79.62159750111557,8
0.2,8964,91,713819,79.6228667038483,10
0.2,8965,93,713912,79.62435868837832,8
0.2,8966,91,714003,79.62562730010036,10
0.2,8967,94,714097,79.62723015165031,8
0.2,8968,93,714190,79.62872115062994,8
0.2,8969,93,714283,79.63021181716834,9
0.2,8970,90,714373,79.63136774049715,11
0.2,8971,93,714466,79.63285777975925,9
0.2,8972,19,714485,79.6261005237936,15
0.2,8973,92,714577,79.62747938488968,9
0.2,8974,93,714670,79.62896935933148,8
0.2,8975,92,714762,79.63034759358288,9
0.2,8976,90,714852,79.63150272919684,11
0.2,8977,91,714943,79.63276899086657,10
0.2,8978,86,715029,79.63347811560307,15
0.2,8979,96,715125,79.63530066815144,6
0.2,8980,95,715220,79.63701146865606,6
0.2,8981,96,715316,79.63883322199955,6
0.2,8982,95,715411,79.64054324835801,6
0.2,8983,84,715495,79.6410284951024,17
0.2,8984,88,715583,79.64195882025598,14
0.2,8985,93,715676,79.64344535944802,8
0.2,8986,92,715768,79.64482029598308,9
0.2,8987,93,715861,79.64630618602581,8
0.2,8988,96,715957,79.64812548670598,6
0.2,8989,89,716046,79.6491657397108,12
0.2,8990,87,716133,79.64998331664998,15
0.2,8991,86,716219,79.65068950177935,15
0.2,8992,96,716315,79.65250750583787,6
0.2,8993,87,716402,79.65332443851456,14
0.2,8994,91,716493,79.65458588104502,10
0.2,8995,93,716586,79.65606936416185,8
0.2,8996,92,716678,79.65744136934534,9
0.2,8997,91,716769,79.65870193376306,10
0.2,8998,95,716864,79.66040671185688,6
0.2,8999,92,716956,79.66177777777777,9
0.2,9000,87,717043,79.66259304521719,15
0.2,9001,95,717138,79.66429682292824,8
0.2,9002,91,717229,79.66555592580251,10
0.2,9003,94,717323,79.66714793425145,8
0.2,9004,89,717412,79.6681843420322,12
0.2,9005,27,717439,79.66233622029758,6
0.2,9006,92,717531,79.66370600643944,9
0.2,9007,92,717623,79.6650754884547,9
0.2,9008,84,717707,79.66555666555666,19
0.2,9009,92,717799,79.6669256381798,9
0.2,9010,94,717893,79.668516257907,7
0.2,9011,94,717987,79.67010652463382,7
0.2,9012,88,718075,79.67103073338511,13
0.2,9013,93,718168,79.6725094297759,8
0.2,9014,22,718190,79.6661120354964,14
0.2,9015,92,718282,79.66748003549246,9
0.2,9016,93,718375,79.66895863369191,8
0.2,9017,85,718460,79.66954978931027,16
0.2,9018,94,718554,79.67113870717374,7
0.2,9019,93,718647,79.67261640798226,9
0.2,9020,94,718741,79.67420463363264,8
0.2,9021,91,718832,79.67545998669918,10
0.2,9022,95,718927,79.67715837304665,8
0.2,9023,96,719023,79.67896719858156,7
0.2,9024,94,719117,79.6805540166205,7
0.2,9025,94,719211,79.68214048304897,7
0.2,9026,92,719303,79.68350504043426,10
0.2,9027,95,719398,79.68520159503765,6
0.2,9028,91,719489,79.68645475689445,10
0.2,9029,94,719583,79.68803986710964,7
0.2,9030,93,719676,79.68951389657845,9
0.2,9031,92,719768,79.69087688219663,9
0.2,9032,94,719862,79.6924609764198,7
0.2,9033,92,719954,79.69382333407128,9
0.2,9034,89,720043,79.69485334809076,14
0.2,9035,96,720139,79.69665781319168,6
0.2,9036,93,720232,79.69812991036848,8
0.2,9037,96,720328,79.69993361363133,7
0.2,9038,91,720419,79.7011837592654,10
0.2,9039,93,720512,79.70265486725664,8
0.2,9040,92,720604,79.70401504258379,10
0.2,9041,94,720698,79.70559610705597,7
0.2,9042,94,720792,79.70717682185115,7
0.2,9043,90,720882,79.70831490490933,11
0.2,9044,95,720977,79.71000552791598,6
0.2,9045,94,721071,79.71158523104134,7
0.2,9046,94,721165,79.71316458494529,7
0.2,9047,93,721258,79.71463306808134,8
0.2,9048,90,721348,79.7157696983092,12
0.2,9049,92,721440,79.7171270718232,9
0.2,9050,93,721533,79.71859463042757,8
0.2,9051,95,721628,79.72028281042863,6
0.2,9052,95,721723,79.72197061747487,6
0.2,9053,94,721817,79.72354760326927,7
0.2,9054,89,721906,79.72457205963556,12
0.2,9055,91,721997,79.72581713780919,10
0.2,9056,91,722088,79.72706194104008,10
0.2,9057,94,722182,79.72863766835947,7
0.2,9058,-46,722136,79.71475880339993,10
0.2,9059,94,722230,79.71633554083886,8
0.2,9060,88,722318,79.71724975168304,14
0.2,9061,88,722406,79.71816376075921,14
0.2,9062,92,722498,79.7195189230939,9
0.2,9063,92,722590,79.72087378640776,10
0.2,9064,92,722682,79.72222835079978,9
0.2,9065,91,722773,79.72347231414075,10
0.2,9066,94,722867,79.72504687327672,7
0.2,9067,96,722963,79.72684164093516,6
0.2,9068,94,723057,79.72841548130995,7
0.2,9069,90,723147,79.72954796030871,12
0.2,9070,93,723240,79.73101091390144,8
0.2,9071,95,723335,79.73269400352734,6
0.2,9072,15,723350,79.7255593519233,17
0.2,9073,86,723436,79.72625082653735,16
0.2,9074,84,723520,79.7267217630854,17
0.2,9075,84,723604,79.7271925958572,18
0.2,9076,80,723684,79.7272226506555,22
0.2,9077,95,723779,79.72890504516414,8
0.2,9078,96,723875,79.73069721334949,6
0.2,9079,95,723970,79.73237885462555,7
0.2,9080,90,724060,79.73350952538267,11
0.2,9081,93,724153,79.73497027086545,8
0.2,9082,24,724177,79.72883408565453,8
0.2,9083,92,724269,79.73018494055482,9
0.2,9084,92,724361,79.73153549807375,9
0.2,9085,24,724385,79.72540171692714,9
0.2,9086,94,724479,79.72697259821723,7
0.2,9087,88,724567,79.72788292253522,14
0.2,9088,88,724655,79.72879304653978,13
0.2,9089,92,724747,79.73014301430143,9
0.2,9090,96,724843,79.7319326806732,6
0.2,9091,94,724937,79.73350197976242,7
0.2,9092,92,725029,79.73485098427362,10
0.2,9093,93,725122,79.7363096547174,9
0.2,9094,94,725216,79.73787795492028,7
0.2,9095,91,725307,79.73911609498681,10
0.2,9096,93,725400,79.74057381554358,8
0.2,9097,22,725422,79.73422730270389,12
0.2,9098,90,725512,79.73535553357512,11
0.2,9099,90,725602,79.73648351648352,11
0.2,9100,88,725690,79.73739149544006,15
0.2,9101,94,725784,79.73895847066579,7
0.2,9102,96,725880,79.7407448094035,6
0.2,9103,93,725973,79.74220123022847,9
0.2,9104,91,726064,79.743437671609,10
0.2,9105,96,726160,79.7452229299363,6
0.2,9106,93,726253,79.7466783792687,8
0.2,9107,91,726344,79.74791392182696,10
0.2,9108,96,726440,79.74969810077945,6
0.2,9109,94,726534,79.75126234906696,8
0.2,9110,86,726620,79.75194819449018,15
0.2,9111,92,726712,79.75329236172081,9
0.2,9112,93,726805,79.75474596729946,8
0.2,9113,95,726900,79.75641869651086,6
0.2,9114,24,726924,79.7503017004937,9
0.2,9115,25,726949,79.74429574374726,8
0.2,9116,95,727044,79.74596906877262,6
0.2,9117,94,727138,79.74753235358631,7
0.2,9118,91,727229,79.74876631209563,11
0.2,9119,93,727322,79.75021929824561,9
0.2,9120,93,727415,79.75167196579322,9
0.2,9121,95,727510,79.75334356500767,6
0.2,9122,93,727603,79.75479557163214,8
0.2,9123,92,727695,79.75613765892153,10
0.2,9124,95,727790,79.75780821917809,6
0.2,9125,25,727815,79.75180802103878,8
0.2,9126,87,727902,79.75260216938753,14
0.2,9127,92,727994,79.75394390885188,9
0.2,9128,20,728014,79.74739840070106,12
0.2,9129,78,728092,79.74720700985762,23
0.2,9130,91,728183,79.74843938232395,10
0.2,9131,95,728278,79.75010950503723,8
0.2,9132,95,728373,79.75177926201687,6
0.2,9133,94,728467,79.7533391723232,7
0.2,9134,93,728560,79.75478927203065,8
0.2,9135,91,728651,79.75602014010508,10
0.2,9136,89,728740,79.75703184852796,13
0.2,9137,87,728827,79.75782446924929,14
0.2,9138,92,728919,79.75916402232191,9
0.2,9139,90,729009,79.76028446389496,11
0.2,9140,94,729103,79.76184224920686,7
0.2,9141,93,729196,79.76329030846642,9
0.2,9142,95,729291,79.76495679755004,6
0.2,9143,96,729387,79.76673228346456,6
0.2,9144,90,729477,79.76785128485511,11
0.2,9145,91,729568,79.76907937896348,10
0.2,9146,95,729663,79.77074450639554,6
0.2,9147,94,729757,79.7722999562746,7
0.2,9148,95,729852,79.77396436769045,6
0.2,9149,93,729945,79.77540983606558,8
0.2,9150,95,730040,79.77707354387499,6
0.2,9151,94,730134,79.77862762237763,8
0.2,9152,94,730228,79.78018136130231,7
0.2,9153,92,730320,79.78151627703735,9
0.2,9154,95,730415,79.78317859093391,7
0.2,9155,90,730505,79.78429445172564,11
0.2,9156,96,730601,79.78606530523098,7
0.2,9157,92,730693,79.78739899541385,12
0.2,9158,93,730786,79.78884157659134,8
0.2,9159,95,730881,79.79050218340612,8
0.2,9160,88,730969,79.79139831896082,13
0.2,9161,95,731064,79.79305828421742,6
0.2,9162,92,731156,79.79439048346612,9
0.2,9163,80,731236,79.79441292012221,21
0.2,9164,95,731331,79.7960720130933,6
0.2,9165,92,731423,79.79740344752345,9
0.2,9166,89,731512,79.79840733064252,12
0.2,9167,94,731606,79.79995636998255,7
0.2,9168,93,731699,79.8013960082888,8
0.2,9169,93,731792,79.80283533260632,8
0.2,9170,91,731883,79.80405626431141,12
0.2,9171,91,731974,79.8052769297863,11
0.2,9172,96,732070,79.80704240706422,6
0.2,9173,90,732160,79.80815347721823,11
0.2,9174,95,732255,79.80980926430517,7
0.2,9175,93,732348,79.81124673060157,8
0.2,9176,89,732437,79.81224801133268,12
0.2,9177,93,732530,79.81368489867073,8
0.2,9178,89,732619,79.81468569560954,15
0.2,9179,91,732710,79.81590413943356,10
0.2,9180,95,732805,79.81755800021784,7
0.2,9181,89,732894,79.81855804835548,13
0.2,9182,93,732987,79.81999346618753,9
0.2,9183,93,733080,79.82142857142857,8
0.2,9184,94,733174,79.82297223734349,7
0.2,9185,94,733268,79.82451556716742,7
0.2,9186,94,733362,79.82605856101013,9
0.2,9187,96,733458,79.82781889420984,6
0.2,9188,94,733552,79.82936119273045,7
0.2,9189,93,733645,79.83079434167574,8
0.2,9190,92,733737,79.83211837667284,9
0.2,9191,90,733827,79.83322454308095,12
0.2,9192,90,733917,79.83433046883498,11
0.2,9193,87,734004,79.83510985425278,14
0.2,9194,94,734098,79.83665035345297,8
0.2,9195,90,734188,79.83775554588952,11
0.2,9196,22,734210,79.83146678264652,12
0.2,9197,91,734301,79.83268101761253,11
0.2,9198,22,734323,79.82639417327971,10
0.2,9199,94,734417,79.8279347826087,7
0.2,9200,93,734510,79.8293663732203,8
0.2,9201,96,734606,79.83112366876766,7
0.2,9202,93,734699,79.8325546017603,8
0.2,9203,95,734794,79.8342025206432,6
0.2,9204,94,734888,79.83574144486693,10
0.2,9205,95,734983,79.83738865956984,6
0.2,9206,91,735074,79.83860106440751,10
0.2,9207,92,735166,79.83992180712424,9
0.2,9208,90,735256,79.8410250841568,13
0.2,9209,23,735279,79.83485342019544,10
0.2,9210,23,735302,79.82868309629791,9
0.2,9211,94,735396,79.83022145028224,7
0.2,9212,95,735491,79.8318680125909,6
0.2,9213,95,735586,79.83351421749512,6
0.2,9214,96,735682,79.83526858383071,6
0.2,9215,85,735767,79.83582899305556,16
0.2,9216,95,735862,79.83747423239666,6
0.2,9217,84,735946,79.83792579735301,18
0.2,9218,23,735969,79.83176049463066,11
0.2,9219,94,736063,79.83329718004339,8
0.2,9220,90,736153,79.83439973972455,12
0.2,9221,90,736243,79.83550206029061,11
0.2,9222,94,736337,79.83703784018215,7
0.2,9223,95,736432,79.83868169991327,6
0.2,9224,90,736522,79.83978319783198,13
0.2,9225,92,736614,79.84110123563842,9
0.2,9226,95,736709,79.84274412051587,6
0.2,9227,90,736799,79.84384482011271,11
0.2,9228,89,736888,79.8448369270777,12
0.2,9229,21,736909,79.83846153846154,13
0.2,9230,92,737001,79.83977900552486,9
0.2,9231,25,737026,79.83383882149047,8
0.2,9232,89,737115,79.8348315823676,12
0.2,9233,92,737207,79.83614901451159,10
0.2,9234,95,737302,79.83779101245263,8
0.2,9235,95,737397,79.83943265482893,7
0.2,9236,85,737482,79.83999133917939,16
0.2,9237,94,737576,79.84152413942412,7
0.2,9238,95,737671,79.84316484468016,6
0.2,9239,27,737698,79.83744588744588,6
0.2,9240,95,737793,79.83908667893085,7
0.2,9241,93,737886,79.84051071196711,8
0.2,9242,95,737981,79.84215081683436,8
0.2,9243,87,738068,79.84292514063176,14
0.2,9244,95,738163,79.84456462952947,7
0.2,9245,92,738255,79.8458792991564,9
0.2,9246,95,738350,79.84751811398291,6
0.2,9247,94,738444,79.84904844290658,7
0.2,9248,94,738538,79.85057844091253,7
0.2,9249,94,738632,79.85210810810811,7
0.2,9250,89,738721,79.85309696249054,12
0.2,9251,92,738813,79.85440985732815,9
0.2,9252,96,738909,79.85615476061818,7
0.2,9253,90,738999,79.85725091852171,14
0.2,9254,94,739093,79.85877903835764,8
0.2,9255,96,739189,79.86052290406224,6
0.2,9256,91,739280,79.86172626120774,10
0.2,9257,91,739371,79.86292935839275,10
0.2,9258,95,739466,79.86456420779781,6
0.2,9259,95,739561,79.86619870410367,6
0.2,9260,96,739657,79.8679408271245,6
0.2,9261,90,739747,79.86903476570934,11
0.2,9262,92,739839,79.87034438087012,9
0.2,9263,86,739925,79.871006044905,16
0.2,9264,92,740017,79.87231516459795,9
0.2,9265,96,740113,79.87405568745953,6
0.2,9266,95,740208,79.87568792489479,7
0.2,9267,90,740298,79.87678031937851,11
0.2,9268,93,740391,79.87819613766318,8
0.2,9269,91,740482,79.87939590075513,10
0.2,9270,92,740574,79.88070326825586,9
0.2,9271,94,740668,79.88222605694564,8
0.2,9272,92,740760,79.8835328372695,10
0.2,9273,92,740852,79.88483933577744,9
0.2,9274,91,740943,79.88603773584906,10
0.2,9275,88,741031,79.88691246226821,13
0.2,9276,89,741120,79.88789479357551,12
0.2,9277,95,741215,79.88952360422505,7
0.2,9278,90,741305,79.89061321263067,12
0.2,9279,91,741396,79.89181034482759,10
0.2,9280,94,741490,79.89333046007974,7
0.2,9281,94,741584,79.89485024779142,8
0.2,9282,89,741673,79.89583108908758,12
0.2,9283,96,741769,79.89756570443774,6
0.2,9284,94,741863,79.89908454496499,7
0.2,9285,88,741951,79.89995692440233,13
0.2,9286,94,742045,79.90147518035964,7
0.2,9287,94,742139,79.90299310938846,10
0.2,9288,87,742226,79.90375713209173,15
0.2,9289,95,742321,79.905382131324,9
0.2,9290,96,742417,79.90711441179636,6
0.2,9291,87,742504,79.90787774429617,14
0.2,9292,90,742594,79.90896373614548,11
0.2,9293,87,742681,79.90972670540134,14
0.2,9294,95,742776,79.91135018827326,7
0.2,9295,93,742869,79.91275817555938,8
0.2,9296,94,742963,79.91427342153384,8
0.2,9297,94,743057,79.91578834157883,7
0.2,9298,94,743151,79.91730293579955,9
0.2,9299,90,743241,79.9183870967742,11
0.2,9300,95,743336,79.92000860122567,6
0.2,9301,91,743427,79.92119974199097,10
0.2,9302,15,743442,79.91422121896163,17
0.2,9303,91,743533,79.91541272570937,10
0.2,9304,93,743626,79.91681891456206,8
0.2,9305,94,743720,79.91833225875779,7
0.2,9306,94,743814,79.91984527774792,7
0.2,9307,85,743899,79.92039106145252,19
0.2,9308,95,743994,79.92201095713826,6
0.2,9309,96,744090,79.92373791621912,6
0.2,9310,93,744183,79.92514230480077,9
0.2,9311,94,744277,79.92665378006873,7
0.2,9312,92,744369,79.9279501771717,9
0.2,9313,90,744459,79.92903156538544,11
0.2,9314,96,744555,79.93075684380032,6
0.2,9315,92,744647,79.932052382997,9
0.2,9316,93,744740,79.93345497477729,8
0.2,9317,94,744834,79.93496458467482,7
0.2,9318,92,744926,79.9362592552849,9
0.2,9319,-54,744872,79.92188841201717,18
0.2,9320,91,744963,79.92307692307692,10
0.2,9321,93,745056,79.92447972538082,8
0.2,9322,93,745149,79.92588222675104,8
0.2,9323,94,745243,79.92739167739168,9
0.2,9324,92,745335,79.92868632707774,9
0.2,9325,89,745424,79.9296590177997,12
0.2,9326,95,745519,79.93127479360994,6
0.2,9327,90,745609,79.93235420240137,11
0.2,9328,95,745704,79.93396934290921,6
0.2,9329,94,745798,79.93547695605574,7
0.2,9330,92,745890,79.93676990676241,9
0.2,9331,94,745984,79.93827689669953,9
0.2,9332,91,746075,79.93946212364727,10
0.2,9333,91,746166,79.94064709663596,10
0.2,9334,92,746258,79.9419389394751,9
0.2,9335,96,746354,79.94365895458441,6
0.2,9336,94,746448,79.94516439970012,7
0.2,9337,94,746542,79.94666952238167,7
0.2,9338,95,746637,79.94828140057822,6
0.2,9339,89,746726,79.9492505353319,12
0.2,9340,94,746820,79.95075473718018,7
0.2,9341,88,746908,79.95161635624063,13
0.2,9342,90,746998,79.95269185486461,11
0.2,9343,94,747092,79.95419520547945,8
0.2,9344,96,747188,79.95591225254147,6
0.2,9345,94,747282,79.95741493687139,8
0.2,9346,90,747372,79.95848935487322,11
0.2,9347,93,747465,79.95988446726572,8
0.2,9348,23,747488,79.95379184939566,10
0.2,9349,89,747577,79.95475935828877,12
0.2,9350,26,747603,79.94898941289702,6
0.2,9351,93,747696,79.95038494439692,8
0.2,9352,96,747792,79.95210093018282,6
0.2,9353,95,747887,79.9537096429335,7
0.2,9354,91,747978,79.95489043292358,10
0.2,9355,84,748062,79.95532278751604,17
0.2,9356,93,748155,79.95671689644116,10
0.2,9357,92,748247,79.95800384697586,9
0.2,9358,91,748338,79.95918367346938,10
0.2,9359,-59,748279,79.9443376068376,24
0.2,9360,91,748370,79.94551864117082,10
0.2,9361,95,748465,79.94712668233284,6
0.2,9362,94,748559,79.94862757663142,8
0.2,9363,94,748653,79.9501281503631,8
0.2,9364,93,748746,79.95152162306461,8
0.2,9365,94,748840,79.95302156737134,7
0.2,9366,94,748934,79.95452119141667,7
0.2,9367,90,749024,79.95559350982067,12
0.2,9368,89,749113,79.95655886433984,12
0.2,9369,22,749135,79.9503735325507,13
0.2,9370,-45,749090,79.93703980364955,9
0.2,9371,93,749183,79.93843363209561,10
0.2,9372,94,749277,79.93993385255521,8
0.2,9373,94,749371,79.94143375293365,7
0.2,9374,26,749397,79.93568,7
0.2,9375,96,749493,79.9373933447099,6
0.2,9376,92,749585,79.93867974832035,9
0.2,9377,96,749681,79.94039240776284,6
0.2,9378,87,749768,79.94114511141913,14
0.2,9379,86,749854,79.94179104477612,17
0.2,9380,94,749948,79.94328962797144,7
0.2,9381,93,750041,79.94468130462587,8
0.2,9382,84,750125,79.94511350314399,18
0.2,9383,93,750218,79.94650468883205,8
0.2,9384,94,750312,79.9480021310602,7
0.2,9385,96,750408,79.94971233752398,6
0.2,9386,91,750499,79.95088952807073,10
0.2,9387,90,750589,79.9519599488709,11
0.2,9388,94,750683,79.9534561721163,7
0.2,9389,88,750771,79.95431309904153,13
0.2,9390,91,750862,79.9554892982643,10
0.2,9391,91,750953,79.95666524701873,10
0.2,9392,95,751048,79.95826679442138,6
0.2,9393,84,751132,79.95869704066425,17
0.2,9394,94,751226,79.96019159127195,7
0.2,9395,91,751317,79.96136653895275,10
0.2,9396,95,751412,79.96296690433117,8
0.2,9397,95,751507,79.96456692913385,6
0.2,9398,88,751595,79.96542185338866,14
0.2,9399,94,751689,79.96691489361702,7
0.2,9400,93,751782,79.96830124454846,8
0.2,9401,94,751876,79.9697936609232,7
0.2,9402,92,751968,79.97107306178879,9
0.2,9403,88,752056,79.9719268396427,14
0.2,9404,89,752145,79.97288676236045,12
0.2,9405,92,752237,79.97416542632362,9
0.2,9406,93,752330,79.97555012224939,8
0.2,9407,93,752423,79.97693452380952,8
0.2,9408,94,752517,79.97842491231799,8
0.2,9409,88,752605,79.97927736450585,13
0.2,9410,94,752699,79.98076718733397,7
0.2,9411,95,752794,79.98236294092648,6
0.2,9412,88,752882,79.98321470307022,13
0.2,9413,95,752977,79.9848098576588,7
0.2,9414,94,753071,79.9862984599044,7
0.2,9415,26,753097,79.9805649957519,7
0.2,9416,93,753190,79.98194754167994,8
0.2,9417,88,753278,79.98279889573158,13
0.2,9418,89,753367,79.9837562373925,13
0.2,9419,92,753459,79.98503184713375,9
0.2,9420,90,753549,79.98609489438489,13
0.2,9421,95,753644,79.98768838887709,6
0.2,9422,95,753739,79.98928154515546,6
0.2,9423,94,753833,79.99076825127335,8
0.2,9424,94,753927,79.99225464190981,7
0.2,9425,91,754018,79.99342244854657,10
0.2,9426,89,754107,79.99437785085394,12
0.2,9427,86,754193,79.99501484938482,15
0.2,9428,94,754287,79.99650015908368,7
0.2,9429,15,754302,79.98960763520678,21
0.2,9430,94,754396,79.99109320326582,7
0.2,9431,95,754491,79.9926844783715,6
0.2,9432,92,754583,79.99395738365314,9
0.2,9433,94,754677,79.99544201823193,7
0.2,9434,91,754768,79.99660837307896,11
0.2,9435,93,754861,79.99798643493006,8
0.2,9436,92,754953,79.99925823884709,9
0.2,9437,92,755045,80.00052977325704,9
0.2,9438,94,755139,80.002012925098,7
0.2,9439,91,755230,80.00317796610169,10
0.2,9440,26,755256,79.99745789640927,6
0.2,9441,17,755273,79.99078585045541,16
0.2,9442,93,755366,79.99216350735995,12
0.2,9443,89,755455,79.99311732316815,12
0.2,9444,94,755549,79.99460031762837,9
0.2,9445,92,755641,79.9958712682617,9
0.2,9446,92,755733,79.99714194982535,9
0.2,9447,95,755828,79.9987298899238,7
0.2,9448,94,755922,80.0002116626098,8
0.2,9449,96,756018,80.00190476190477,6
0.2,9450,92,756110,80.00317426727331,9
0.2,9451,94,756204,80.00465509944985,7
0.2,9452,94,756298,80.00613561832222,7
0.2,9453,25,756323,80.00031732599957,8
0.2,9454,94,756417,80.00179799048122,7
0.2,9455,92,756509,80.00306683587141,9
0.2,9456,89,756598,80.00401818758591,12
0.2,9457,95,756693,80.00560372171707,7
0.2,9458,95,756788,80.00718892060472,6
0.2,9459,90,756878,80.00824524312897,11
0.2,9460,90,756968,80.00930134235281,11
0.2,9461,91,757059,80.01046290424857,10
0.2,9462,96,757155,80.0121525943147,6
0.2,9463,93,757248,80.01352493660185,8
0.2,9464,93,757341,80.0148969889065,8
0.2,9465,93,757434,80.01626875132051,9
0.2,9466,91,757525,80.01742896376888,10
0.2,9467,94,757619,80.01890578791719,7
0.2,9468,90,757709,80.01995986904636,12
0.2,9469,92,757801,80.02122492080254,9
0.2,9470,92,757893,80.02248970541653,10
0.2,9471,95,757988,80.02407094594595,6
0.2,9472,92,758080,80.02533516309511,12
0.2,9473,94,758174,80.0268102174372,7
0.2,9474,92,758266,80.02807387862796,9
0.2,9475,89,758355,80.02902068383284,15
0.2,9476,96,758451,80.03070591959481,6
0.2,9477,92,758543,80.03196876978265,9
0.2,9478,25,758568,80.02616309737314,8
0.2,9479,89,758657,80.02710970464135,12
0.2,9480,94,758751,80.02858348275498,7
0.2,9481,91,758842,80.02974056106306,10
0.2,9482,89,758931,80.03068649161658,14
0.2,9483,17,758948,80.02404048924504,15
0.2,9484,95,759043,80.02561939905114,6
0.2,9485,18,759061,80.0190807505798,14
0.2,9486,-49,759012,80.00548118477917,14
0.2,9487,92,759104,80.00674536256324,12
0.2,9488,91,759195,80.00790388871324,10
0.2,9489,25,759220,80.00210748155953,7
0.2,9490,92,759312,80.00337161521442,11
0.2,9491,95,759407,80.00495153813738,7
0.2,9492,95,759502,80.00653112819973,6
0.2,9493,94,759596,80.00800505582473,7
0.2,9494,18,759614,80.00147446024224,14
0.2,9495,92,759706,80.00273799494524,9
0.2,9496,92,759798,80.00400126355692,9
0.2,9497,76,759874,80.00357970098968,25
0.2,9498,91,759965,80.0047373407727,10
0.2,9499,93,760058,80.00610526315789,8
0.2,9500,96,760154,80.00778865382591,6
0.2,9501,91,760245,80.00894548516102,10
0.2,9502,94,760339,80.01041776281174,8
0.2,9503,94,760433,80.01188973063974,7
0.2,9504,19,760452,80.00547080483956,13
0.2,9505,96,760548,80.00715337681464,6
0.2,9506,93,760641,80.00852003786683,8
0.2,9507,90,760731,80.00957088767353,11
0.2,9508,92,760823,80.01083184351667,9
0.2,9509,94,760917,80.01230283911671,7
0.2,9510,92,761009,80.01356324256125,9
0.2,9511,91,761100,80.01471825063078,10
0.2,9512,93,761193,80.01608325449385,8
0.2,9513,16,761209,80.00935463527433,16
0.2,9514,91,761300,80.01050972149238,11
0.2,9515,92,761392,80.01176965111391,9
0.2,9516,94,761486,80.01323946621835,8
0.2,9517,88,761574,80.01407858793864,13
0.2,9518,90,761664,80.01512763945793,11
0.2,9519,92,761756,80.01638655462185,9
0.2,9520,92,761848,80.01764520533557,9
0.2,9521,24,761872,80.01176223482462,9
0.2,9522,17,761889,80.00514543736217,15
0.2,9523,93,761982,80.0065098698026,9
0.2,9524,94,762076,80.00797900262467,7
0.2,9525,94,762170,80.00944782699979,7
0.2,9526,94,762264,80.01091634302509,7
0.2,9527,95,762359,80.01248950461797,6
0.2,9528,94,762453,80.01395739322069,7
0.2,9529,94,762547,80.01542497376705,7
0.2,9530,94,762641,80.016892246354,7
0.2,9531,95,762736,80.01846412085607,6
0.2,9532,90,762826,80.01951117171929,11
0.2,9533,94,762920,80.02097755401721,7
0.2,9534,84,763004,80.02139486103827,17
0.2,9535,94,763098,80.02286073825503,7
0.2,9536,85,763183,80.02338261507812,16
0.2,9537,92,763275,80.02463828894946,9
0.2,9538,92,763367,80.02589369954921,9
0.2,9539,92,763459,80.02714884696017,10
0.2,9540,94,763553,80.02861335289802,7
0.2,9541,89,763642,80.02955355271432,12
0.2,9542,83,763725,80.0298648223829,21
0.2,9543,91,763816,80.03101424979045,11
0.2,9544,17,763833,80.02441068622315,15
0.2,9545,87,763920,80.02514142049026,14
0.2,9546,93,764013,80.02650047135226,8
0.2,9547,93,764106,80.02785923753666,8
0.2,9548,92,764198,80.02911299612525,9
0.2,9549,92,764290,80.0303664921466,9
0.2,9550,94,764384,80.03182912784001,7
0.2,9551,95,764479,80.03339614740368,6
0.2,9552,93,764572,80.03475348058201,8
0.2,9553,86,764658,80.0353778522085,17
0.2,9554,89,764747,80.03631606488749,12
0.2,9555,85,764832,80.03683549602344,16
0.2,9556,93,764925,80.03819190122424,8
0.2,9557,93,765018,80.03954802259886,8
0.2,9558,83,765101,80.03985772570353,18
0.2,9559,94,765195,80.0413179916318,7
0.2,9560,88,765283,80.04215040267755,13
0.2,9561,91,765374,80.04329638151015,10
0.2,9562,24,765398,80.03743595106138,10
0.2,9563,83,765481,80.03774571309076,18
0.2,9564,27,765508,80.03220073183482,6
0.2,9565,92,765600,80.0334518084884,9
0.2,9566,92,765692,80.03470262360196,9
0.2,9567,94,765786,80.03616220735786,7
0.2,9568,93,765879,80.03751698192079,8
0.2,9569,93,765972,80.03887147335423,8
0.2,9570,92,766064,80.04012119945669,9
0.2,9571,88,766152,80.04095277893857,14
0.2,9572,22,766174,80.03488979421289,12
0.2,9573,91,766265,80.03603509504909,10
0.2,9574,93,766358,80.03738903394256,8
0.2,9575,85,766443,80.03790726817043,18
0.2,9576,90,766533,80.03894747833351,11
0.2,9577,86,766619,80.03956984756734,15
0.2,9578,95,766714,80.04113164213383,7
0.2,9579,91,766805,80.04227557411274,11
0.2,9580,93,766898,80.04362801377727,10
0.2,9581,21,766919,80.03746608223753,11
0.2,9582,91,767010,80.03861003861005,10
0.2,9583,94,767104,80.04006677796328,7
0.2,9584,91,767195,80.04121022430881,10
0.2,9585,94,767289,80.0426663884832,7
0.2,9586,90,767379,80.04370501721081,11
0.2,9587,96,767475,80.0453692115144,6
0.2,9588,92,767567,80.0466159140682,9
0.2,9589,92,767659,80.04786235662148,11
0.2,9590,92,767751,80.04910853925556,10
0.2,9591,90,767841,80.05014595496247,11
0.2,9592,95,767936,80.05170436776817,7
0.2,9593,93,768029,80.05305399207838,8
0.2,9594,95,768124,80.05461177696716,8
0.2,9595,94,768218,80.05606502709462,7
0.2,9596,94,768312,80.05751797436699,8
0.2,9597,84,768396,80.05792873515315,17
0.2,9598,92,768488,80.05917283050317,10
0.2,9599,94,768582,80.060625,7
0.2,9600,96,768678,80.06228517862722,6
0.2,9601,94,768772,80.06373672151635,7
0.2,9602,94,768866,80.06518796209518,7
0.2,9603,88,768954,80.06601416076634,13
0.2,9604,89,769043,80.06694429984383,12
0.2,9605,93,769136,80.06829065167604,8
0.2,9606,93,769229,80.06963672322264,8
0.2,9607,93,769322,80.07098251457118,8
0.2,9608,94,769416,80.07243209491102,7
0.2,9609,85,769501,80.0729448491155,16
0.2,9610,94,769595,80.07439392362917,7
0.2,9611,89,769684,80.07532251352477,14
0.2,9612,95,769779,80.07687506501613,6
0.2,9613,94,769873,80.0783232785521,7
0.2,9614,90,769963,80.07935517420697,12
0.2,9615,95,770058,80.0809068219634,6
0.2,9616,91,770149,80.08204221690755,11
0.2,9617,92,770241,80.08328134747349,11
0.2,9618,94,770335,80.08472814221852,7
0.2,9619,24,770359,80.07889812889813,11
0.2,9620,91,770450,80.08003326057582,11
0.2,9621,87,770537,80.08075244231968,14
0.2,9622,94,770631,80.08219889847241,7
0.2,9623,86,770717,80.08281379883624,15
0.2,9624,93,770810,80.08415584415584,8
0.2,9625,92,770902,80.08539372532724,10
0.2,9626,91,770993,80.08652747481042,10
0.2,9627,96,771089,80.08818030743664,6
0.2,9628,95,771184,80.08972894381556,6
0.2,9629,94,771278,80.09117341640706,8
0.2,9630,93,771371,80.09251375765757,8
0.2,9631,94,771465,80.09395764119601,7
0.2,9632,94,771559,80.09540122495588,10
0.2,9633,94,771653,80.09684450903052,7
0.2,9634,26,771679,80.09122989102231,8
0.2,9635,95,771774,80.09277708592776,7
0.2,9636,95,771869,80.0943239597385,6
0.2,9637,-52,771817,80.08061838555717,17
0.2,9638,89,771906,80.08154372860255,12
0.2,9639,86,771992,80.08215767634854,16
0.2,9640,92,772084,80.08339383881341,9
0.2,9641,21,772105,80.07726612735947,13
0.2,9642,95,772200,80.07881364720522,6
0.2,9643,95,772295,80.08036084612193,6
0.2,9644,88,772383,80.08118195956455,14
0.2,9645,89,772472,80.08210657267261,12
0.2,9646,93,772565,80.08344563076604,8
0.2,9647,93,772658,80.08478441127694,8
0.2,9648,94,772752,80.08622655197429,7
0.2,9649,94,772846,80.08766839378238,7
0.2,9650,94,772940,80.08910993679412,8
0.2,9651,93,773033,80.090447575632,8
0.2,9652,87,773120,80.09116336890087,14
0.2,9653,76,773196,80.09073958980733,25
0.2,9654,94,773290,80.09218021750388,7
0.2,9655,93,773383,80.09351698425849,8
0.2,9656,93,773476,80.09485347416381,8
0.2,9657,94,773570,80.09629322841168,8
0.2,9658,87,773657,80.09700797183973,14
0.2,9659,90,773747,80.098033126294,11
0.2,9660,94,773841,80.09947210433702,8
0.2,9661,87,773928,80.10018629683296,14
0.2,9662,87,774015,80.10090034150885,16
0.2,9663,90,774105,80.10192466887418,11
0.2,9664,94,774199,80.10336264873254,8
0.2,9665,25,774224,80.09766190771778,8
0.2,9666,92,774316,80.0988931416158,9
0.2,9667,87,774403,80.0996069507654,14
0.2,9668,89,774492,80.10052745888923,12
0.2,9669,95,774587,80.10206825232679,6
0.2,9670,96,774683,80.1037121290456,6
0.2,9671,95,774778,80.10525227460711,7
0.2,9672,95,774873,80.10679210172646,6
0.2,9673,84,774957,80.10719454207153,17
0.2,9674,95,775052,80.1087338501292,6
0.2,9675,95,775147,80.11027284001653,7
0.2,9676,81,775228,80.11036478247391,20
0.2,9677,94,775322,80.11179995866915,7
0.2,9678,91,775413,80.11292488893481,11
0.2,9679,90,775503,80.11394628099174,11
0.2,9680,94,775597,80.11538064249561,7
0.2,9681,83,775680,80.11567857880603,18
0.2,9682,90,775770,80.11669937002995,11
0.2,9683,27,775797,80.11121437422553,6
0.2,9684,19,775816,80.10490449148168,13
0.2,9685,84,775900,80.10530662812306,17
0.2,9686,92,775992,80.1065345308145,9
0.2,9687,93,776085,80.10786540049546,8
0.2,9688,96,776181,80.1095056249355,6
0.2,9689,89,776270,80.11042311661507,14
0.2,9690,94,776364,80.11185636157259,7
0.2,9691,92,776456,80.11308295501445,9
0.2,9692,94,776550,80.11451562983596,7
0.2,9693,92,776642,80.11574169589437,9
0.2,9694,84,776726,80.1161423414131,17
0.2,9695,89,776815,80.11705858085809,12
0.2,9696,91,776906,80.11818088068475,10
0.2,9697,94,777000,80.11961229119406,8
0.2,9698,95,777095,80.12114650994948,6
0.2,9699,93,777188,80.12247422680413,9
0.2,9700,95,777283,80.1240078342439,6
0.2,9701,94,777377,80.12543805400948,7
0.2,9702,94,777471,80.12686797897557,7
0.2,9703,94,777565,80.1282976092333,8
0.2,9704,95,777660,80.12982998454405,6
0.2,9705,92,777752,80.13105295693386,10
0.2,9706,25,777777,80.1253734418461,8
0.2,9707,91,777868,80.12649361351463,10
0.2,9708,93,777961,80.12781954887218,8
0.2,9709,94,778055,80.1292481977343,7
0.2,9710,85,778140,80.12974976830398,16
0.2,9711,90,778230,80.13076606260296,11
0.2,9712,93,778323,80.1320910120457,8
0.2,9713,93,778416,80.13341568869673,8
0.2,9714,25,778441,80.12774060730828,9
0.2,9715,89,778530,80.1286537669823,13
0.2,9716,89,778619,80.12956673870536,12
0.2,9717,96,778715,80.13119983535707,6
0.2,9718,95,778810,80.13272970470213,6
0.2,9719,93,778903,80.13405349794239,8
0.2,9720,93,778996,80.13537701882522,8
0.2,9721,-115,778881,80.11530549269698,10
0.2,9722,92,778973,80.11652782063149,9
0.2,9723,89,779062,80.11744138214726,13
0.2,9724,94,779156,80.11886889460155,7
0.2,9725,94,779250,80.12029611351018,7
0.2,9726,91,779341,80.12141461910147,11
0.2,9727,95,779436,80.12294407894737,7
0.2,9728,91,779527,80.12406208243397,11
0.2,9729,92,779619,80.12528263103803,9
0.2,9730,92,779711,80.12650292878429,9
0.2,9731,92,779803,80.1277229757501,9
0.2,9732,92,779895,80.12894277201273,9
0.2,9733,91,779986,80.13005958495994,10
0.2,9734,94,780080,80.13148433487416,7
0.2,9735,92,780172,80.13270336894001,9
0.2,9736,91,780263,80.13381945157646,10
0.2,9737,94,780357,80.13524337646334,7
0.2,9738,94,780451,80.13666700893316,8
0.2,9739,93,780544,80.13798767967145,8
0.2,9740,92,780636,80.13920542038805,9
0.2,9741,96,780732,80.14083350441388,6
0.2,9742,93,780825,80.1421533408601,8
0.2,9743,86,780911,80.14275451559935,15
0.2,9744,93,781004,80.1440738840431,8
0.2,9745,94,781098,80.14549558793351,8
0.2,9746,93,781191,80.14681440443213,8
0.2,9747,90,781281,80.14782519491177,11
0.2,9748,94,781375,80.14924607652067,8
0.2,9749,94,781469,80.15066666666667,7
0.2,9750,92,781561,80.15188185827094,10
0.2,9751,92,781653,80.15309680065627,10
0.2,9752,94,781747,80.15451655900749,7
0.2,9753,93,781840,80.1558335042034,8
0.2,9754,95,781935,80.15735520246028,6
0.2,9755,94,782029,80.15877408774088,8
0.2,9756,95,782124,80.16029517269652,7
0.2,9757,91,782215,80.16140602582496,10
0.2,9758,95,782310,80.16292652935752,6
0.2,9759,91,782401,80.1640368852459,10
0.2,9760,95,782496,80.16555680770414,6
0.2,9761,95,782591,80.16707641876664,6
0.2,9762,93,782684,80.1683908634641,8
0.2,9763,91,782775,80.16950020483408,10
0.2,9764,91,782866,80.17060931899641,10
0.2,9765,93,782959,80.17192299815687,8
0.2,9766,91,783050,80.17303163714548,10
0.2,9767,92,783142,80.17424242424242,10
0.2,9768,89,783231,80.17514586958747,12
0.2,9769,91,783322,80.17625383828045,10
0.2,9770,95,783417,80.17777095486645,7
0.2,9771,91,783508,80.1788784281621,12
0.2,9772,94,783602,80.18029264299601,7
0.2,9773,89,783691,80.18119500716186,13
0.2,9774,95,783786,80.18271099744246,6
0.2,9775,86,783872,80.18330605564648,15
0.2,9776,91,783963,80.18441239644062,10
0.2,9777,93,784056,80.18572305174882,8
0.2,9778,93,784149,80.18703343900194,8
0.2,9779,95,784244,80.18854805725971,7
0.2,9780,89,784333,80.18944893160209,12
0.2,9781,90,784423,80.19045185033735,11
0.2,9782,16,784439,80.18389042216089,18
0.2,9783,89,784528,80.18479149632053,12
0.2,9784,90,784618,80.18579458354624,11
0.2,9785,91,784709,80.18689965256489,10
0.2,9786,90,784799,80.18790231940329,11
0.2,9787,95,784894,80.18941561095218,6
0.2,9788,91,784985,80.19051997139647,10
0.2,9789,96,785081,80.19213483146068,6
0.2,9790,94,785175,80.19354509243182,7
0.2,9791,82,785257,80.1937295751634,19
0.2,9792,92,785349,80.19493515776576,9
0.2,9793,94,785443,80.19634470083724,7
0.2,9794,91,785534,80.19744767738642,10
0.2,9795,92,785626,80.19865251122907,11
0.2,9796,93,785719,80.19995917117485,8
0.2,9797,93,785812,80.2012655644009,8
0.2,9798,95,785907,80.20277579344831,7
0.2,9799,90,785997,80.20377551020408,11
0.2,9800,92,786089,80.20497908376696,9
0.2,9801,24,786113,80.1992450520302,9
0.2,9802,89,786202,80.20014281342446,12
0.2,9803,94,786296,80.2015503875969,7
0.2,9804,92,786388,80.20275369709331,10
0.2,9805,95,786483,80.20426269630838,6
0.2,9806,95,786578,80.20577138778424,8
0.2,9807,88,786666,80.2065660685155,13
0.2,9808,89,786755,80.20746253440717,12
0.2,9809,91,786846,80.2085626911315,12
0.2,9810,92,786938,80.2097645499949,10
0.2,9811,22,786960,80.20383204239707,10
0.2,9812,93,787053,80.20513604402323,9
0.2,9813,91,787144,80.2062359894029,12
0.2,9814,18,787162,80.1998981151299,15
0.2,9815,90,787252,80.20089649551753,12
0.2,9816,90,787342,80.20189467250688,12
0.2,9817,91,787433,80.20299449989814,10
0.2,9818,89,787522,80.20389041653937,12
0.2,9819,93,787615,80.20519348268839,8
0.2,9820,17,787632,80.19875776397515,15
0.2,9821,94,787726,80.20016289961312,7
0.2,9822,91,787817,80.20126234347958,10
0.2,9823,94,787911,80.20266693811075,7
0.2,9824,20,787931,80.19653944020357,12
0.2,9825,91,788022,80.19763891715856,10
0.2,9826,92,788114,80.19883993080289,9
0.2,9827,91,788205,80.19993894993895,10
0.2,9828,92,788297,80.20113948519686,9
0.2,9829,89,788386,80.20203458799593,12
0.2,9830,94,788480,80.20343810395687,7
0.2,9831,90,788570,80.20443449959316,11
0.2,9832,88,788658,80.20522729584054,13
0.2,9833,96,788754,80.20683343502135,6
0.2,9834,95,788849,80.2083375699034,7
0.2,9835,91,788940,80.20943472956486,10
0.2,9836,83,789023,80.20971841008438,18
0.2,9837,95,789118,80.21122179304737,6
0.2,9838,93,789211,80.21252159772335,8
0.2,9839,92,789303,80.21371951219513,9
0.2,9840,93,789396,80.21501879890255,8
0.2,9841,93,789489,80.21631782158099,9
0.2,9842,95,789584,80.21781977039521,8
0.2,9843,95,789679,80.21932141405932,6
0.2,9844,93,789772,80.22061960385983,8
0.2,9845,94,789866,80.22201909404835,7
0.2,9846,91,789957,80.22311363867168,10
0.2,9847,93,790050,80.22441104792851,8
0.2,9848,95,790145,80.2259112600264,6
0.2,9849,93,790238,80.22720812182742,8
0.2,9850,90,790328,80.22820018272256,12
0.2,9851,91,790419,80.22929354445797,11
0.2,9852,94,790513,80.23069116005277,7
0.2,9853,96,790609,80.2322914552466,6
0.2,9854,91,790700,80.23338406900051,10
0.2,9855,94,790794,80.23478084415585,7
0.2,9856,25,790819,80.22917723445268,9
0.2,9857,91,790910,80.23026983160885,10
0.2,9858,78,790988,80.2300436149711,23
0.2,9859,91,791079,80.23113590263692,10
0.2,9860,91,791170,80.23222796876584,10
0.2,9861,89,791259,80.2331170148043,12
0.2,9862,95,791354,80.23461421474197,8
0.2,9863,19,791373,80.22840632603406,13
0.2,9864,90,791463,80.2293968575773,11
0.2,9865,94,791557,80.23079262112304,7
0.2,9866,95,791652,80.23228944968075,6
0.2,9867,93,791745,80.23358329955411,12
0.2,9868,95,791840,80.23507954200021,7
0.2,9869,91,791931,80.23617021276596,10
0.2,9870,91,792022,80.23726066254686,10
0.2,9871,93,792115,80.23855348460292,8
0.2,9872,94,792209,80.23994733110503,7
0.2,9873,93,792302,80.24123961920195,8
0.2,9874,27,792329,80.23584810126582,6
0.2,9875,91,792420,80.23693803159173,11
0.2,9876,20,792440,80.23083932368128,13
0.2,9877,90,792530,80.23182830532497,11
0.2,9878,90,792620,80.23281708674968,11
0.2,9879,93,792713,80.2341093117409,8
0.2,9880,90,792803,80.23509766217994,11
0.2,9881,96,792899,80.23669297713013,6
0.2,9882,93,792992,80.23798441768693,8
0.2,9883,94,793086,80.23937677053824,7
0.2,9884,94,793180,80.24076884167931,7
0.2,9885,92,793272,80.2419583249039,9
0.2,9886,94,793366,80.24334985334278,7
0.2,9887,94,793460,80.24474110032362,7
0.2,9888,92,793552,80.24592982101325,9
0.2,9889,18,793570,80.23963599595551,14
0.2,9890,95,793665,80.24112829845313,6
0.2,9891,93,793758,80.24241811564902,8
0.2,9892,91,793849,80.24350550894572,10
0.2,9893,94,793943,80.24489589650292,9
0.2,9894,19,793962,80.23870641738252,13
0.2,9895,94,794056,80.24009700889248,7
0.2,9896,91,794147,80.24118419723149,10
0.2,9897,96,794243,80.24277631844816,6
0.2,9898,94,794337,80.24416607738155,8
0.2,9899,94,794431,80.24555555555555,7
0.2,9900,89,794520,80.24643975356025,13
0.2,9901,94,794614,80.24782872147041,7
0.2,9902,94,794708,80.249217408866,8
0.2,9903,27,794735,80.2438408723748,6
0.2,9904,95,794830,80.24533064109036,6
0.2,9905,94,794924,80.24671916010499,8
0.2,9906,92,795016,80.24790552134854,9
0.2,9907,91,795107,80.24899071457408,10
0.2,9908,92,795199,80.25017660712484,9
0.2,9909,91,795290,80.25126135216952,11
0.2,9910,94,795384,80.25264857229341,7
0.2,9911,20,795404,80.24656981436642,12
0.2,9912,90,795494,80.24755371734086,11
0.2,9913,94,795588,80.24894089166835,7
0.2,9914,94,795682,80.25032778618255,7
0.2,9915,87,795769,80.25100847115772,15
0.2,9916,87,795856,80.25168901885651,14
0.2,9917,94,795950,80.25307521677757,8
0.2,9918,89,796039,80.25395705212219,12
0.2,9919,93,796132,80.25524193548387,12
0.2,9920,93,796225,80.2565265598226,8
0.2,9921,92,796317,80.25771013908486,9
0.2,9922,85,796402,80.25818804796937,16
0.2,9923,96,796498,80.25977428456268,6
0.2,9924,94,796592,80.26115869017632,8
0.2,9925,94,796686,80.26254281684464,7
0.2,9926,90,796776,80.2635237231792,13
0.2,9927,85,796861,80.26400080580177,16
0.2,9928,26,796887,80.25853560277973,8
0.2,9929,91,796978,80.25961732124874,11
0.2,9930,96,797074,80.2612022958413,7
0.2,9931,20,797094,80.25513491743858,12
0.2,9932,92,797186,80.25631732608477,9
0.2,9933,90,797276,80.25729816790819,11
0.2,9934,94,797370,80.25868142929039,8
0.2,9935,93,797463,80.25996376811594,8
0.2,9936,91,797554,80.26104458085942,10
0.2,9937,94,797648,80.26242704769571,7
0.2,9938,90,797738,80.26340678136633,11
0.2,9939,95,797833,80.2648893360161,7
0.2,9940,90,797923,80.26586862488683,11
0.2,9941,95,798018,80.26735063367532,8
0.2,9942,96,798114,80.2689329176305,7
0.2,9943,87,798201,80.2696098149638,14
0.2,9944,96,798297,80.2711915535445,6
0.2,9945,91,798388,80.27227025940077,10
0.2,9946,93,798481,80.27354981401427,8
0.2,9947,96,798577,80.27513067953358,6
0.2,9948,96,798673,80.27671122725901,6
0.2,9949,90,798763,80.27768844221106,11
0.2,9950,95,798858,80.27916792282183,7
0.2,9951,93,798951,80.2804461414791,9
0.2,9952,91,799042,80.28152315884658,11
0.2,9953,95,799137,80.28300180831826,6
0.2,9954,96,799233,80.28458061275741,6
0.2,9955,85,799318,80.28505423865006,16
0.2,9956,92,799410,80.28623079240735,9
0.2,9957,91,799501,80.28730668808998,10
0.2,9958,93,799594,80.28858319108345,8
0.2,9959,92,799686,80.28975903614457,9
0.2,9960,94,799780,80.29113542816987,8
0.2,9961,91,799871,80.29221039951817,11
0.2,9962,90,799961,80.29318478369969,11
0.2,9963,94,800055,80.294560417503,11
0.2,9964,93,800148,80.29583542398395,9
0.2,9965,92,800240,80.29700983343368,9
0.2,9966,93,800333,80.29828433831645,8
0.2,9967,94,800427,80.29965890850723,7
0.2,9968,87,800514,80.30033102618115,14
0.2,9969,90,800604,80.3013039117352,11
0.2,9970,9,800613,80.2941530438271,23
0.2,9971,91,800704,80.29522663457682,14
0.2,9972,94,800798,80.29660082222,8
0.2,9973,90,800888,80.29757369159816,11
0.2,9974,89,800977,80.29844611528821,12
0.2,9975,92,801069,80.29961908580593,9
0.2,9976,93,801162,80.30089205171895,9
0.2,9977,96,801258,80.30246542393265,6
0.2,9978,95,801353,80.30393827036777,8
0.2,9979,94,801447,80.30531062124248,9
0.2,9980,94,801541,80.30668269712454,7
0.2,9981,92,801633,80.3078541374474,9
0.2,9982,94,801727,80.30922568366222,7
0.2,9983,93,801820,80.3104967948718,8
0.2,9984,23,801843,80.30475713570355,11
0.2,9985,91,801934,80.30582815942319,10
0.2,9986,90,802024,80.30679883849004,11
0.2,9987,96,802120,80.30837004405286,6
0.2,9988,94,802214,80.30974071478626,8
0.2,9989,93,802307,80.311011011011,8
0.2,9990,93,802400,80.31228105294765,8
0.2,9991,95,802495,80.31375100080064,6
0.2,9992,96,802591,80.31532072450716,6
0.2,9993,92,802683,80.31648989393636,9
0.2,9994,94,802777,80.31785892946473,7
0.2,9995,94,802871,80.31922769107643,7
0.2,9996,96,802967,80.32079623887167,6
0.2,9997,96,803063,80.32236447289458,6
0.2,9998,92,803155,80.32353235323532,9
0.2,9999,94,803249,80.3249,7
