0.05,0,-881,-881,-881.0,1050
0.05,1,-151,-1032,-516.0,917
0.05,2,-2293,-3325,-1108.3333333333333,4826
0.05,3,-999,-4324,-1081.0,2298
0.05,4,-13,-4337,-867.4,207
0.05,5,-1349,-5686,-947.6666666666666,2570
0.05,6,-1881,-7567,-1081.0,4459
0.05,7,24,-7543,-942.875,40
0.05,8,24,-7519,-835.4444444444445,11
0.05,9,-154,-7673,-767.3,267
0.05,10,-17,-7690,-699.0909090909091,320
0.05,11,9,-7681,-640.0833333333334,100
0.05,12,26,-7655,-588.8461538461538,11
0.05,13,26,-7629,-544.9285714285714,8
0.05,14,20,-7609,-507.26666666666665,60
0.05,15,-56,-7665,-479.0625,77
0.05,16,-58,-7723,-454.29411764705884,118
0.05,17,26,-7697,-427.6111111111111,6
0.05,18,21,-7676,-404.0,41
0.05,19,-99,-7775,-388.75,391
0.05,20,5,-7770,-370.0,100
0.05,21,-21,-7791,-354.1363636363636,368
0.05,22,14,-7777,-338.1304347826087,138
0.05,23,-8,-7785,-324.375,166
0.05,24,-18,-7803,-312.12,362
0.05,25,-82,-7885,-303.2692307692308,693
0.05,26,73,-7812,-289.3333333333333,235
0.05,27,-12,-7824,-279.42857142857144,263
0.05,28,70,-7754,-267.37931034482756,198
0.05,29,8,-7746,-258.2,127
0.05,30,-79,-7825,-252.41935483870967,663
0.05,31,-94,-7919,-247.46875,337
0.05,32,-21,-7940,-240.6060606060606,371
0.05,33,21,-7919,-232.91176470588235,51
0.05,34,93,-7826,-223.6,11
0.05,35,93,-7733,-214.80555555555554,21
0.05,36,82,-7651,-206.78378378378378,100
0.05,37,92,-7559,-198.92105263157896,53
0.05,38,95,-7464,-191.3846153846154,9
0.05,39,94,-7370,-184.25,18
0.05,40,96,-7274,-177.41463414634146,24
0.05,41,26,-7248,-172.57142857142858,7
0.05,42,93,-7155,-166.3953488372093,27
0.05,43,92,-7063,-160.52272727272728,26
0.05,44,14,-7049,-156.64444444444445,55
0.05,45,95,-6954,-151.17391304347825,11
0.05,46,25,-6929,-147.4255319148936,13
0.05,47,89,-6840,-142.5,32
0.05,48,90,-6750,-137.75510204081633,23
0.05,49,90,-6660,-133.2,30
0.05,50,95,-6565,-128.72549019607843,14
0.05,51,24,-6541,-125.78846153846153,22
0.05,52,94,-6447,-121.64150943396227,10
0.05,53,95,-6352,-117.62962962962963,8
0.05,54,94,-6258,-113.78181818181818,32
0.05,55,93,-6165,-110.08928571428571,9
0.05,56,92,-6073,-106.54385964912281,24
0.05,57,90,-5983,-103.15517241379311,32
0.05,58,-45,-6028,-102.16949152542372,9
0.05,59,94,-5934,-98.9,35
0.05,60,82,-5852,-95.93442622950819,52
0.05,61,95,-5757,-92.85483870967742,9
0.05,62,94,-5663,-89.88888888888889,8
0.05,63,18,-5645,-88.203125,75
0.05,64,96,-5549,-85.36923076923077,18
0.05,65,93,-5456,-82.66666666666667,20
0.05,66,92,-5364,-80.05970149253731,28
0.05,67,93,-5271,-77.51470588235294,26
0.05,68,96,-5175,-75.0,7
0.05,69,92,-5083,-72.61428571428571,67
0.05,70,91,-4992,-70.30985915492958,45
0.05,71,95,-4897,-68.01388888888889,7
0.05,72,95,-4802,-65.78082191780823,7
0.05,73,24,-4778,-64.56756756756756,10
0.05,74,-47,-4825,-64.33333333333333,11
0.05,75,94,-4731,-62.25,8
0.05,76,93,-4638,-60.23376623376623,9
0.05,77,94,-4544,-58.256410256410255,8
0.05,78,23,-4521,-57.22784810126582,10
0.05,79,25,-4496,-56.2,8
0.05,80,95,-4401,-54.333333333333336,7
0.05,81,23,-4378,-53.390243902439025,10
0.05,82,94,-4284,-51.6144578313253,8
0.05,83,92,-4192,-49.904761904761905,10
0.05,84,96,-4096,-48.188235294117646,6
0.05,85,23,-4073,-47.36046511627907,10
0.05,86,95,-3978,-45.724137931034484,7
0.05,87,94,-3884,-44.13636363636363,8
0.05,88,96,-3788,-42.561797752808985,6
0.05,89,95,-3693,-41.03333333333333,7
0.05,90,95,-3598,-39.53846153846154,7
0.05,91,95,-3503,-38.07608695652174,6
0.05,92,94,-3409,-36.655913978494624,8
0.05,93,95,-3314,-35.255319148936174,7
0.05,94,96,-3218,-33.873684210526314,6
0.05,95,96,-3122,-32.520833333333336,6
0.05,96,-52,-3174,-32.72164948453608,16
0.05,97,94,-3080,-31.428571428571427,10
0.05,98,94,-2986,-30.161616161616163,8
0.05,99,92,-2894,-28.94,10
0.05,100,95,-2799,-27.712871287128714,8
0.05,101,94,-2705,-26.519607843137255,8
0.05,102,96,-2609,-25.33009708737864,6
0.05,103,94,-2515,-24.182692307692307,8
0.05,104,93,-2422,-23.066666666666666,9
0.05,105,94,-2328,-21.962264150943398,8
0.05,106,27,-2301,-21.50467289719626,6
0.05,107,94,-2207,-20.435185185185187,8
0.05,108,94,-2113,-19.38532110091743,8
0.05,109,94,-2019,-18.354545454545455,8
0.05,110,95,-1924,-17.333333333333332,7
0.05,111,93,-1831,-16.348214285714285,9
0.05,112,91,-1740,-15.398230088495575,12
0.05,113,94,-1646,-14.43859649122807,8
0.05,114,96,-1550,-13.478260869565217,6
0.05,115,90,-1460,-12.586206896551724,13
0.05,116,94,-1366,-11.675213675213675,9
0.05,117,94,-1272,-10.779661016949152,8
0.05,118,96,-1176,-9.882352941176471,6
0.05,119,90,-1086,-9.05,12
0.05,120,95,-991,-8.190082644628099,7
0.05,121,26,-965,-7.909836065573771,7
0.05,122,93,-872,-7.0894308943089435,9
0.05,123,88,-784,-6.32258064516129,14
0.05,124,23,-761,-6.088,10
0.05,125,93,-668,-5.301587301587301,9
0.05,126,95,-573,-4.511811023622047,7
0.05,127,95,-478,-3.734375,7
0.05,128,94,-384,-2.9767441860465116,8
0.05,129,95,-289,-2.223076923076923,7
0.05,130,94,-195,-1.4885496183206106,8
0.05,131,94,-101,-0.7651515151515151,8
0.05,132,95,-6,-0.045112781954887216,7
0.05,133,95,89,0.664179104477612,7
0.05,134,93,182,1.348148148148148,9
0.05,135,19,201,1.4779411764705883,14
0.05,136,95,296,2.1605839416058394,6
0.05,137,95,391,2.8333333333333335,7
0.05,138,92,483,3.4748201438848922,10
0.05,139,22,505,3.607142857142857,11
0.05,140,95,600,4.25531914893617,7
0.05,141,95,695,4.894366197183099,7
0.05,142,94,789,5.5174825174825175,8
0.05,143,94,883,6.131944444444445,8
0.05,144,95,978,6.744827586206896,7
0.05,145,96,1074,7.3561643835616435,6
0.05,146,96,1170,7.959183673469388,6
0.05,147,93,1263,8.533783783783784,9
0.05,148,93,1356,9.100671140939598,9
0.05,149,91,1447,9.646666666666667,12
0.05,150,94,1541,10.205298013245033,9
0.05,151,96,1637,10.769736842105264,6
0.05,152,96,1733,11.326797385620916,6
0.05,153,94,1827,11.863636363636363,8
0.05,154,95,1922,12.4,7
0.05,155,95,2017,12.929487179487179,7
0.05,156,93,2110,13.439490445859873,9
0.05,157,91,2201,13.930379746835444,12
0.05,158,-45,2156,13.559748427672956,8
0.05,159,96,2252,14.075,6
0.05,160,93,2345,14.565217391304348,9
0.05,161,95,2440,15.061728395061728,7
0.05,162,95,2535,15.552147239263803,7
0.05,163,95,2630,16.036585365853657,7
0.05,164,95,2725,16.515151515151516,9
0.05,165,95,2820,16.987951807228917,7
0.05,166,92,2912,17.437125748502993,11
0.05,167,94,3006,17.892857142857142,8
0.05,168,90,3096,18.319526627218934,12
0.05,169,95,3191,18.770588235294117,7
0.05,170,95,3286,19.216374269005847,7
0.05,171,93,3379,19.6453488372093,9
0.05,172,94,3473,20.07514450867052,8
0.05,173,93,3566,20.49425287356322,10
0.05,174,22,3588,20.502857142857142,11
0.05,175,24,3612,20.522727272727273,9
0.05,176,95,3707,20.943502824858758,7
0.05,177,93,3800,21.348314606741575,9
0.05,178,95,3895,21.75977653631285,7
0.05,179,94,3989,22.16111111111111,8
0.05,180,23,4012,22.165745856353592,10
0.05,181,93,4105,22.554945054945055,9
0.05,182,95,4200,22.950819672131146,7
0.05,183,96,4296,23.347826086956523,6
0.05,184,94,4390,23.72972972972973,9
0.05,185,95,4485,24.112903225806452,7
0.05,186,96,4581,24.497326203208555,6
0.05,187,96,4677,24.877659574468087,6
0.05,188,-49,4628,24.486772486772487,14
0.05,189,24,4652,24.48421052631579,8
0.05,190,94,4746,24.848167539267017,8
0.05,191,96,4842,25.21875,6
0.05,192,95,4937,25.580310880829014,7
0.05,193,92,5029,25.922680412371133,10
0.05,194,94,5123,26.27179487179487,8
0.05,195,94,5217,26.617346938775512,9
0.05,196,95,5312,26.96446700507614,7
0.05,197,95,5407,27.30808080808081,7
0.05,198,95,5502,27.64824120603015,7
0.05,199,92,5594,27.97,11
0.05,200,25,5619,27.955223880597014,8
0.05,201,95,5714,28.287128712871286,7
0.05,202,18,5732,28.236453201970445,15
0.05,203,95,5827,28.563725490196077,7
0.05,204,95,5922,28.88780487804878,7
0.05,205,24,5946,28.864077669902912,9
0.05,206,94,6040,29.17874396135266,8
0.05,207,93,6133,29.485576923076923,9
0.05,208,95,6228,29.79904306220096,7
0.05,209,94,6322,30.104761904761904,8
0.05,210,92,6414,30.398104265402843,11
0.05,211,96,6510,30.70754716981132,6
0.05,212,27,6537,30.690140845070424,6
0.05,213,95,6632,30.990654205607477,7
0.05,214,26,6658,30.967441860465115,7
0.05,215,94,6752,31.25925925925926,8
0.05,216,-45,6707,30.907834101382488,9
0.05,217,95,6802,31.201834862385322,7
0.05,218,96,6898,31.49771689497717,7
0.05,219,-48,6850,31.136363636363637,12
0.05,220,96,6946,31.429864253393664,6
0.05,221,95,7041,31.716216216216218,7
0.05,222,95,7136,32.0,7
0.05,223,96,7232,32.285714285714285,6
0.05,224,94,7326,32.56,8
0.05,225,95,7421,32.836283185840706,7
0.05,226,96,7517,33.11453744493392,6
0.05,227,93,7610,33.37719298245614,9
0.05,228,94,7704,33.64192139737991,8
0.05,229,95,7799,33.90869565217391,7
0.05,230,94,7893,34.16883116883117,8
0.05,231,23,7916,34.12068965517241,10
0.05,232,95,8011,34.38197424892704,7
0.05,233,94,8105,34.636752136752136,9
0.05,234,23,8128,34.58723404255319,10
0.05,235,94,8222,34.83898305084746,8
0.05,236,94,8316,35.08860759493671,8
0.05,237,95,8411,35.34033613445378,7
0.05,238,92,8503,35.57740585774059,9
0.05,239,25,8528,35.53333333333333,8
0.05,240,94,8622,35.77593360995851,8
0.05,241,96,8718,36.02479338842975,6
0.05,242,94,8812,36.26337448559671,8
0.05,243,95,8907,36.50409836065574,7
0.05,244,84,8991,36.69795918367347,21
0.05,245,26,9017,36.65447154471545,7
0.05,246,95,9112,36.89068825910931,7
0.05,247,96,9208,37.12903225806452,6
0.05,248,21,9229,37.06425702811245,12
0.05,249,93,9322,37.288,12
0.05,250,93,9415,37.50996015936255,9
0.05,251,94,9509,37.73412698412698,8
0.05,252,95,9604,37.9604743083004,7
0.05,253,95,9699,38.18503937007874,7
0.05,254,91,9790,38.3921568627451,11
0.05,255,95,9885,38.61328125,7
0.05,256,94,9979,38.82879377431907,8
0.05,257,90,10069,39.02713178294574,12
0.05,258,93,10162,39.23552123552123,10
0.05,259,93,10255,39.44230769230769,9
0.05,260,95,10350,39.6551724137931,7
0.05,261,94,10444,39.86259541984733,7
0.05,262,93,10537,40.06463878326996,8
0.05,263,93,10630,40.265151515151516,9
0.05,264,93,10723,40.46415094339623,9
0.05,265,95,10818,40.669172932330824,6
0.05,266,96,10914,40.87640449438202,6
0.05,267,95,11009,41.07835820895522,7
0.05,268,95,11104,41.278810408921935,6
0.05,269,95,11199,41.477777777777774,6
0.05,270,94,11293,41.67158671586716,7
0.05,271,94,11387,41.8639705882353,9
0.05,272,95,11482,42.05860805860806,7
0.05,273,94,11576,42.24817518248175,7
0.05,274,96,11672,42.443636363636365,6
0.05,275,96,11768,42.63768115942029,6
0.05,276,95,11863,42.82671480144404,6
0.05,277,95,11958,43.014388489208635,6
0.05,278,93,12051,43.193548387096776,9
0.05,279,95,12146,43.378571428571426,7
0.05,280,95,12241,43.562277580071175,7
0.05,281,95,12336,43.744680851063826,6
0.05,282,95,12431,43.92579505300353,7
0.05,283,92,12523,44.09507042253521,9
0.05,284,94,12617,44.27017543859649,8
0.05,285,26,12643,44.20629370629371,7
0.05,286,94,12737,44.37979094076655,8
0.05,287,26,12763,44.31597222222222,7
0.05,288,93,12856,44.484429065743946,9
0.05,289,95,12951,44.65862068965517,6
0.05,290,95,13046,44.83161512027491,7
0.05,291,95,13141,45.00342465753425,7
0.05,292,91,13232,45.160409556313994,10
0.05,293,95,13327,45.32993197278912,7
0.05,294,95,13422,45.498305084745766,7
0.05,295,95,13517,45.66554054054054,7
0.05,296,95,13612,45.831649831649834,6
0.05,297,95,13707,45.99664429530201,7
0.05,298,93,13800,46.15384615384615,8
0.05,299,94,13894,46.31333333333333,7
0.05,300,95,13989,46.475083056478404,6
0.05,301,95,14084,46.63576158940398,7
0.05,302,27,14111,46.57095709570957,6
0.05,303,93,14204,46.723684210526315,8
0.05,304,19,14223,46.6327868852459,16
0.05,305,95,14318,46.790849673202615,7
0.05,306,95,14413,46.94788273615635,7
0.05,307,94,14507,47.10064935064935,9
0.05,308,94,14601,47.25242718446602,7
0.05,309,90,14691,47.39032258064516,11
0.05,310,95,14786,47.543408360128616,6
0.05,311,24,14810,47.467948717948715,9
0.05,312,96,14906,47.62300319488818,6
0.05,313,93,14999,47.767515923566876,8
0.05,314,95,15094,47.91746031746032,7
0.05,315,95,15189,48.06645569620253,7
0.05,316,95,15284,48.214511041009466,7
0.05,317,95,15379,48.361635220125784,6
0.05,318,90,15469,48.492163009404386,11
0.05,319,95,15564,48.6375,7
0.05,320,95,15659,48.781931464174455,8
0.05,321,95,15754,48.92546583850932,7
0.05,322,95,15849,49.06811145510836,7
0.05,323,26,15875,48.99691358024691,7
0.05,324,94,15969,49.135384615384616,7
0.05,325,27,15996,49.06748466257669,6
0.05,326,93,16089,49.20183486238532,8
0.05,327,94,16183,49.33841463414634,8
0.05,328,93,16276,49.47112462006079,8
0.05,329,95,16371,49.60909090909091,8
0.05,330,96,16467,49.74924471299094,6
0.05,331,96,16563,49.88855421686747,6
0.05,332,90,16653,50.009009009009006,12
0.05,333,95,16748,50.1437125748503,7
0.05,334,95,16843,50.277611940298506,6
0.05,335,93,16936,50.404761904761905,10
0.05,336,94,17030,50.53412462908012,8
0.05,337,95,17125,50.66568047337278,7
0.05,338,94,17219,50.793510324483776,8
0.05,339,22,17241,50.70882352941177,11
0.05,340,95,17336,50.83870967741935,7
0.05,341,95,17431,50.96783625730994,6
0.05,342,95,17526,51.096209912536445,6
0.05,343,95,17621,51.223837209302324,7
0.05,344,96,17717,51.3536231884058,6
0.05,345,96,17813,51.482658959537574,6
0.05,346,22,17835,51.39769452449568,11
0.05,347,94,17929,51.520114942528735,8
0.05,348,94,18023,51.64183381088825,8
0.05,349,95,18118,51.76571428571429,6
0.05,350,93,18211,51.883190883190885,10
0.05,351,96,18307,52.00852272727273,6
0.05,352,95,18402,52.13031161473088,7
0.05,353,94,18496,52.24858757062147,8
0.05,354,96,18592,52.371830985915494,6
0.05,355,26,18618,52.29775280898876,7
0.05,356,96,18714,52.42016806722689,7
0.05,357,95,18809,52.539106145251395,6
0.05,358,94,18903,52.65459610027855,7
0.05,359,24,18927,52.575,9
0.05,360,96,19023,52.69529085872576,6
0.05,361,92,19115,52.80386740331492,10
0.05,362,93,19208,52.91460055096419,8
0.05,363,95,19303,53.03021978021978,7
0.05,364,27,19330,52.95890410958904,6
0.05,365,95,19425,53.07377049180328,7
0.05,366,93,19518,53.182561307901906,9
0.05,367,25,19543,53.10597826086956,8
0.05,368,95,19638,53.21951219512195,6
0.05,369,93,19731,53.32702702702703,10
0.05,370,96,19827,53.44204851752021,6
0.05,371,93,19920,53.54838709677419,8
0.05,372,95,20015,53.65951742627346,7
0.05,373,93,20108,53.76470588235294,9
0.05,374,21,20129,53.67733333333333,13
0.05,375,93,20222,53.78191489361702,10
0.05,376,95,20317,53.89124668435013,6
0.05,377,94,20411,53.9973544973545,7
0.05,378,93,20504,54.10026385224275,8
0.05,379,93,20597,54.20263157894737,8
0.05,380,94,20691,54.30708661417323,7
0.05,381,94,20785,54.410994764397905,7
0.05,382,92,20877,54.50913838120105,9
0.05,383,95,20972,54.614583333333336,6
0.05,384,25,20997,54.53766233766234,8
0.05,385,94,21091,54.63989637305699,7
0.05,386,25,21116,54.56330749354005,8
0.05,387,96,21212,54.670103092783506,6
0.05,388,95,21307,54.77377892030848,6
0.05,389,95,21402,54.87692307692308,6
0.05,390,93,21495,54.97442455242967,9
0.05,391,92,21587,55.06887755102041,9
0.05,392,93,21680,55.16539440203562,9
0.05,393,94,21774,55.263959390862944,7
0.05,394,95,21869,55.36455696202532,6
0.05,395,96,21965,55.467171717171716,6
0.05,396,93,22058,55.5617128463476,8
0.05,397,92,22150,55.653266331658294,9
0.05,398,94,22244,55.74937343358396,7
0.05,399,27,22271,55.6775,6
0.05,400,95,22366,55.775561097256855,6
0.05,401,92,22458,55.865671641791046,9
0.05,402,95,22553,55.96277915632754,7
0.05,403,95,22648,56.05940594059406,6
0.05,404,95,22743,56.15555555555556,6
0.05,405,96,22839,56.25369458128079,6
0.05,406,91,22930,56.33906633906634,10
0.05,407,94,23024,56.431372549019606,7
0.05,408,25,23049,56.354523227383865,8
0.05,409,95,23144,56.448780487804875,6
0.05,410,95,23239,56.54257907542579,6
0.05,411,92,23331,56.62864077669903,10
0.05,412,95,23426,56.72154963680387,7
0.05,413,94,23520,56.81159420289855,7
0.05,414,92,23612,56.89638554216867,9
0.05,415,90,23702,56.97596153846154,11
0.05,416,94,23796,57.064748201438846,8
0.05,417,95,23891,57.155502392344495,6
0.05,418,95,23986,57.24582338902148,6
0.05,419,94,24080,57.333333333333336,7
0.05,420,93,24173,57.418052256532064,8
0.05,421,94,24267,57.50473933649289,7
0.05,422,94,24361,57.59101654846336,7
0.05,423,94,24455,57.676886792452834,7
0.05,424,95,24550,57.76470588235294,7
0.05,425,96,24646,57.85446009389671,7
0.05,426,94,24740,57.93911007025761,7
0.05,427,94,24834,58.02336448598131,7
0.05,428,94,24928,58.107226107226104,7
0.05,429,94,25022,58.19069767441861,8
0.05,430,94,25116,58.2737819025522,8
0.05,431,90,25206,58.34722222222222,11
0.05,432,92,25298,58.42494226327945,9
0.05,433,94,25392,58.50691244239631,7
0.05,434,95,25487,58.59080459770115,6
0.05,435,93,25580,58.669724770642205,8
0.05,436,21,25601,58.58352402745995,11
0.05,437,95,25696,58.666666666666664,6
0.05,438,94,25790,58.747152619589976,7
0.05,439,91,25881,58.820454545454545,10
0.05,440,94,25975,58.900226757369616,7
0.05,441,96,26071,58.984162895927604,6
0.05,442,95,26166,59.065462753950335,6
0.05,443,94,26260,59.14414414414414,7
0.05,444,96,26356,59.22696629213483,6
0.05,445,94,26450,59.30493273542601,7
0.05,446,96,26546,59.38702460850112,6
0.05,447,93,26639,59.46205357142857,8
0.05,448,93,26732,59.53674832962138,8
0.05,449,93,26825,59.611111111111114,8
0.05,450,95,26920,59.689578713968956,7
0.05,451,94,27014,59.76548672566372,7
0.05,452,95,27109,59.84326710816777,6
0.05,453,90,27199,59.909691629955944,11
0.05,454,95,27294,59.98681318681319,7
0.05,455,94,27388,60.06140350877193,7
0.05,456,94,27482,60.13566739606127,7
0.05,457,94,27576,60.209606986899566,7
0.05,458,96,27672,60.287581699346404,6
0.05,459,95,27767,60.36304347826087,6
0.05,460,94,27861,60.43600867678959,8
0.05,461,94,27955,60.50865800865801,7
0.05,462,95,28050,60.58315334773218,6
0.05,463,94,28144,60.6551724137931,7
0.05,464,96,28240,60.73118279569893,6
0.05,465,90,28330,60.79399141630901,11
0.05,466,94,28424,60.86509635974304,11
0.05,467,95,28519,60.93803418803419,7
0.05,468,94,28613,61.008528784648185,7
0.05,469,93,28706,61.07659574468085,8
0.05,470,94,28800,61.146496815286625,8
0.05,471,25,28825,61.06991525423729,7
0.05,472,94,28919,61.13953488372093,7
0.05,473,92,29011,61.20464135021097,9
0.05,474,94,29105,61.27368421052632,7
0.05,475,94,29199,61.34243697478992,8
0.05,476,93,29292,61.40880503144654,8
0.05,477,91,29383,61.47071129707113,10
0.05,478,92,29475,61.53444676409186,9
0.05,479,89,29564,61.59166666666667,12
0.05,480,94,29658,61.65904365904366,7
0.05,481,25,29683,61.58298755186722,8
0.05,482,94,29777,61.65010351966874,7
0.05,483,90,29867,61.70867768595041,12
0.05,484,94,29961,61.77525773195876,7
0.05,485,96,30057,61.84567901234568,6
0.05,486,95,30152,61.91375770020534,7
0.05,487,96,30248,61.98360655737705,6
0.05,488,94,30342,62.04907975460123,7
0.05,489,93,30435,62.11224489795919,8
0.05,490,94,30529,62.17718940936864,7
0.05,491,93,30622,62.239837398373986,8
0.05,492,96,30718,62.308316430020284,6
0.05,493,92,30810,62.36842105263158,9
0.05,494,93,30903,62.43030303030303,8
0.05,495,92,30995,62.48991935483871,9
0.05,496,95,31090,62.55533199195171,6
0.05,497,96,31186,62.622489959839356,6
0.05,498,96,31282,62.68937875751503,6
0.05,499,94,31376,62.752,7
0.05,500,95,31471,62.81636726546906,6
0.05,501,92,31563,62.874501992031874,11
0.05,502,94,31657,62.93638170974155,7
0.05,503,91,31748,62.992063492063494,12
0.05,504,93,31841,63.05148514851485,8
0.05,505,95,31936,63.11462450592885,7
0.05,506,94,32030,63.175542406311635,7
0.05,507,94,32124,63.23622047244095,7
0.05,508,92,32216,63.29273084479372,9
0.05,509,21,32237,63.20980392156863,11
0.05,510,93,32330,63.268101761252446,8
0.05,511,94,32424,63.328125,7
0.05,512,91,32515,63.382066276803116,10
0.05,513,94,32609,63.44163424124513,7
0.05,514,85,32694,63.48349514563107,16
0.05,515,27,32721,63.41279069767442,6
0.05,516,95,32816,63.47388781431334,6
0.05,517,96,32912,63.536679536679536,6
0.05,518,25,32937,63.46242774566474,8
0.05,519,92,33029,63.51730769230769,9
0.05,520,94,33123,63.575815738963534,8
0.05,521,94,33217,63.63409961685824,9
0.05,522,95,33312,63.69407265774379,7
0.05,523,93,33405,63.75,8
0.05,524,94,33499,63.80761904761905,7
0.05,525,96,33595,63.868821292775664,6
0.05,526,93,33688,63.92409867172675,8
0.05,527,94,33782,63.98106060606061,8
0.05,528,95,33877,64.03969754253308,6
0.05,529,95,33972,64.09811320754717,6
0.05,530,94,34066,64.15442561205273,7
0.05,531,94,34160,64.21052631578948,7
0.05,532,95,34255,64.26829268292683,6
0.05,533,96,34351,64.32771535580524,6
0.05,534,95,34446,64.38504672897196,6
0.05,535,90,34536,64.43283582089552,11
0.05,536,93,34629,64.48603351955308,8
0.05,537,95,34724,64.54275092936803,7
0.05,538,92,34816,64.59369202226345,9
0.05,539,91,34907,64.64259259259259,10
0.05,540,96,35003,64.70055452865064,6
0.05,541,91,35094,64.74907749077491,10
0.05,542,93,35187,64.8011049723757,8
0.05,543,96,35283,64.85845588235294,6
0.05,544,96,35379,64.91559633027524,6
0.05,545,93,35472,64.96703296703296,8
0.05,546,94,35566,65.0201096892139,8
0.05,547,94,35660,65.07299270072993,7
0.05,548,93,35753,65.12386156648452,8
0.05,549,92,35845,65.17272727272727,9
0.05,550,92,35937,65.22141560798548,9
0.05,551,96,36033,65.27717391304348,6
0.05,552,91,36124,65.32368896925858,10
0.05,553,91,36215,65.37003610108303,10
0.05,554,92,36307,65.41801801801802,9
0.05,555,93,36400,65.46762589928058,8
0.05,556,93,36493,65.51705565529623,8
0.05,557,95,36588,65.56989247311827,7
0.05,558,94,36682,65.62075134168157,7
0.05,559,92,36774,65.66785714285714,9
0.05,560,93,36867,65.71657754010695,8
0.05,561,94,36961,65.76690391459074,7
0.05,562,94,37055,65.8170515097691,7
0.05,563,93,37148,65.86524822695036,8
0.05,564,92,37240,65.91150442477876,9
0.05,565,93,37333,65.95936395759718,8
0.05,566,93,37426,66.00705467372134,8
0.05,567,94,37520,66.05633802816901,7
0.05,568,94,37614,66.1054481546573,7
0.05,569,95,37709,66.1561403508772,6
0.05,570,92,37801,66.20140105078809,9
0.05,571,94,37895,66.25,7
0.05,572,96,37991,66.30191972076788,6
0.05,573,93,38084,66.34843205574913,8
0.05,574,90,38174,66.38956521739131,11
0.05,575,94,38268,66.4375,8
0.05,576,91,38359,66.48006932409012,10
0.05,577,94,38453,66.52768166089966,7
0.05,578,94,38547,66.57512953367876,7
0.05,579,93,38640,66.62068965517241,8
0.05,580,95,38735,66.66953528399311,6
0.05,581,96,38831,66.71993127147766,6
0.05,582,91,38922,66.76157804459692,10
0.05,583,93,39015,66.80650684931507,8
0.05,584,95,39110,66.85470085470085,7
0.05,585,93,39203,66.89931740614334,8
0.05,586,95,39298,66.94718909710392,8
0.05,587,22,39320,66.87074829931973,12
0.05,588,95,39415,66.91850594227505,7
0.05,589,96,39511,66.96779661016949,6
0.05,590,96,39607,67.01692047377327,6
0.05,591,94,39701,67.0625,8
0.05,592,92,39793,67.10455311973018,9
0.05,593,90,39883,67.14309764309765,11
0.05,594,93,39976,67.18655462184874,8
0.05,595,-48,39928,66.99328859060402,12
0.05,596,94,40022,67.03852596314908,7
0.05,597,94,40116,67.08361204013377,7
0.05,598,94,40210,67.12854757929883,7
0.05,599,93,40303,67.17166666666667,8
0.05,600,95,40398,67.2179700499168,7
0.05,601,96,40494,67.265780730897,6
0.05,602,94,40588,67.3101160862355,7
0.05,603,96,40684,67.35761589403974,6
0.05,604,18,40702,67.27603305785124,14
0.05,605,94,40796,67.32013201320132,7
0.05,606,95,40891,67.36573311367381,8
0.05,607,93,40984,67.40789473684211,8
0.05,608,91,41075,67.44663382594418,10
0.05,609,94,41169,67.49016393442623,7
0.05,610,92,41261,67.53027823240589,9
0.05,611,92,41353,67.5702614379085,9
0.05,612,92,41445,67.61011419249593,9
0.05,613,93,41538,67.6514657980456,8
0.05,614,96,41634,67.69756097560976,6
0.05,615,93,41727,67.73863636363636,8
0.05,616,94,41821,67.78119935170179,7
0.05,617,94,41915,67.82362459546925,7
0.05,618,88,42003,67.8562197092084,13
0.05,619,89,42092,67.89032258064516,12
0.05,620,96,42188,67.93558776167473,7
0.05,621,93,42281,67.97588424437299,8
0.05,622,93,42374,68.01605136436596,8
0.05,623,96,42470,68.06089743589743,6
0.05,624,93,42563,68.1008,8
0.05,625,96,42659,68.14536741214057,6
0.05,626,96,42755,68.18979266347688,6
0.05,627,92,42847,68.22770700636943,9
0.05,628,96,42943,68.27186009538951,6
0.05,629,94,43037,68.31269841269841,7
0.05,630,94,43131,68.35340729001585,7
0.05,631,95,43226,68.39556962025317,6
0.05,632,95,43321,68.43759873617694,6
0.05,633,96,43417,68.48107255520505,6
0.05,634,94,43511,68.52125984251968,7
0.05,635,92,43603,68.55817610062893,9
0.05,636,95,43698,68.59968602825745,6
0.05,637,96,43794,68.64263322884013,6
0.05,638,24,43818,68.57276995305165,9
0.05,639,90,43908,68.60625,11
0.05,640,91,43999,68.6411856474259,10
0.05,641,94,44093,68.68068535825545,7
0.05,642,94,44187,68.72006220839813,7
0.05,643,96,44283,68.76242236024845,6
0.05,644,96,44379,68.80465116279069,6
0.05,645,96,44475,68.8467492260062,6
0.05,646,94,44569,68.88562596599691,8
0.05,647,94,44663,68.92438271604938,7
0.05,648,95,44758,68.96456086286595,6
0.05,649,95,44853,69.00461538461539,7
0.05,650,94,44947,69.04301075268818,7
0.05,651,95,45042,69.08282208588957,6
0.05,652,90,45132,69.11485451761102,11
0.05,653,94,45226,69.15290519877676,7
0.05,654,24,45250,69.08396946564885,9
0.05,655,94,45344,69.1219512195122,7
0.05,656,91,45435,69.15525114155251,10
0.05,657,90,45525,69.18693009118542,11
0.05,658,95,45620,69.22610015174507,6
0.05,659,94,45714,69.26363636363637,8
0.05,660,94,45808,69.30105900151285,7
0.05,661,93,45901,69.33685800604229,8
0.05,662,93,45994,69.37254901960785,9
0.05,663,96,46090,69.41265060240964,7
0.05,664,96,46186,69.45263157894736,6
0.05,665,92,46278,69.48648648648648,10
0.05,666,96,46374,69.52623688155921,6
0.05,667,91,46465,69.55838323353294,10
0.05,668,94,46559,69.5949177877429,7
0.05,669,94,46653,69.63134328358208,7
0.05,670,93,46746,69.6661698956781,8
0.05,671,94,46840,69.70238095238095,7
0.05,672,94,46934,69.73848439821694,8
0.05,673,95,47029,69.77596439169139,6
0.05,674,95,47124,69.81333333333333,6
0.05,675,23,47147,69.74408284023669,10
0.05,676,93,47240,69.77843426883308,9
0.05,677,92,47332,69.81120943952803,9
0.05,678,94,47426,69.84683357879234,7
0.05,679,94,47520,69.88235294117646,7
0.05,680,94,47614,69.91776798825256,7
0.05,681,94,47708,69.95307917888563,7
0.05,682,21,47729,69.88140556368961,11
0.05,683,93,47822,69.91520467836257,8
0.05,684,92,47914,69.94744525547445,9
0.05,685,94,48008,69.98250728862973,7
0.05,686,96,48104,70.02037845705968,7
0.05,687,90,48194,70.04941860465117,12
0.05,688,92,48286,70.08127721335269,9
0.05,689,90,48376,70.11014492753623,11
0.05,690,94,48470,70.14471780028944,7
0.05,691,96,48566,70.1820809248555,6
0.05,692,94,48660,70.21645021645021,7
0.05,693,94,48754,70.2507204610951,7
0.05,694,96,48850,70.28776978417267,6
0.05,695,93,48943,70.32040229885058,8
0.05,696,92,49035,70.35150645624103,9
0.05,697,94,49129,70.38538681948424,7
0.05,698,91,49220,70.41487839771102,10
0.05,699,24,49244,70.34857142857143,9
0.05,700,94,49338,70.38231098430813,7
0.05,701,93,49431,70.41452991452991,8
0.05,702,94,49525,70.44807965860598,7
0.05,703,94,49619,70.4815340909091,7
0.05,704,95,49714,70.51631205673759,6
0.05,705,95,49809,70.55099150141643,6
0.05,706,94,49903,70.58415841584159,7
0.05,707,96,49999,70.62005649717514,6
0.05,708,94,50093,70.65303244005642,7
0.05,709,96,50189,70.6887323943662,6
0.05,710,92,50281,70.71870604781998,9
0.05,711,95,50376,70.75280898876404,6
0.05,712,94,50470,70.78541374474054,7
0.05,713,92,50562,70.81512605042016,9
0.05,714,96,50658,70.85034965034966,6
0.05,715,95,50753,70.8840782122905,7
0.05,716,92,50845,70.91352859135286,9
0.05,717,26,50871,70.85097493036211,7
0.05,718,94,50965,70.88317107093185,7
0.05,719,96,51061,70.91805555555555,6
0.05,720,94,51155,70.9500693481276,7
0.05,721,93,51248,70.98060941828255,8
0.05,722,94,51342,71.01244813278008,7
0.05,723,96,51438,71.04696132596685,6
0.05,724,94,51532,71.07862068965517,7
0.05,725,94,51626,71.11019283746556,7
0.05,726,96,51722,71.14442916093535,6
0.05,727,96,51818,71.17857142857143,6
0.05,728,94,51912,71.20987654320987,7
0.05,729,92,52004,71.23835616438356,10
0.05,730,96,52100,71.27222982216142,6
0.05,731,94,52194,71.30327868852459,7
0.05,732,94,52288,71.33424283765348,7
0.05,733,94,52382,71.36512261580381,7
0.05,734,94,52476,71.39591836734694,7
0.05,735,95,52571,71.42798913043478,6
0.05,736,92,52663,71.45590230664858,9
0.05,737,93,52756,71.48509485094851,8
0.05,738,94,52850,71.51556156968877,8
0.05,739,27,52877,71.4554054054054,6
0.05,740,93,52970,71.48448043184885,8
0.05,741,95,53065,71.51617250673854,6
0.05,742,96,53161,71.54912516823688,6
0.05,743,93,53254,71.57795698924731,8
0.05,744,94,53348,71.60805369127517,7
0.05,745,94,53442,71.63806970509384,7
0.05,746,96,53538,71.6706827309237,6
0.05,747,93,53631,71.69919786096257,8
0.05,748,27,53658,71.63951935914552,6
0.05,749,93,53751,71.668,8
0.05,750,92,53843,71.69507323568575,9
0.05,751,94,53937,71.7247340425532,7
0.05,752,94,54031,71.75431606905711,8
0.05,753,92,54123,71.78116710875332,9
0.05,754,92,54215,71.80794701986756,9
0.05,755,93,54308,71.83597883597884,8
0.05,756,93,54401,71.86393659180978,9
0.05,757,95,54496,71.89445910290237,7
0.05,758,94,54590,71.9235836627141,7
0.05,759,92,54682,71.95,9
0.05,760,27,54709,71.89093298291722,6
0.05,761,94,54803,71.91994750656168,8
0.05,762,90,54893,71.94364351245085,11
0.05,763,94,54987,71.97251308900523,8
0.05,764,93,55080,72.0,8
0.05,765,95,55175,72.03002610966057,6
0.05,766,94,55269,72.05867014341591,7
0.05,767,96,55365,72.08984375,7
0.05,768,93,55458,72.11703511053317,8
0.05,769,93,55551,72.14415584415585,8
0.05,770,96,55647,72.1750972762646,6
0.05,771,94,55741,72.20336787564767,7
0.05,772,91,55832,72.22768434670117,10
0.05,773,91,55923,72.25193798449612,10
0.05,774,93,56016,72.27870967741936,8
0.05,775,91,56107,72.3028350515464,11
0.05,776,93,56200,72.32947232947232,8
0.05,777,94,56294,72.3573264781491,9
0.05,778,93,56387,72.38382541720154,8
0.05,779,95,56482,72.41282051282052,7
0.05,780,95,56577,72.44174135723432,6
0.05,781,94,56671,72.4693094629156,7
0.05,782,96,56767,72.49936143039591,6
0.05,783,93,56860,72.52551020408163,8
0.05,784,96,56956,72.55541401273885,6
0.05,785,91,57047,72.57888040712469,10
0.05,786,23,57070,72.51588310038119,10
0.05,787,92,57162,72.54060913705584,9
0.05,788,93,57255,72.56653992395437,8
0.05,789,23,57278,72.50379746835443,10
0.05,790,95,57373,72.5322376738306,6
0.05,791,93,57466,72.5580808080808,8
0.05,792,96,57562,72.58764186633039,6
0.05,793,94,57656,72.6146095717884,7
0.05,794,92,57748,72.63899371069182,9
0.05,795,94,57842,72.66582914572864,7
0.05,796,94,57936,72.69259723964868,7
0.05,797,92,58028,72.71679197994987,9
0.05,798,92,58120,72.74092615769712,10
0.05,799,95,58215,72.76875,6
0.05,800,95,58310,72.79650436953808,7
0.05,801,92,58402,72.82044887780549,9
0.05,802,91,58493,72.84308841843088,10
0.05,803,94,58587,72.86940298507463,7
0.05,804,94,58681,72.89565217391305,7
0.05,805,96,58777,72.92431761786601,6
0.05,806,94,58871,72.95043370508054,7
0.05,807,95,58966,72.97772277227723,6
0.05,808,96,59062,73.0061804697157,6
0.05,809,94,59156,73.0320987654321,7
0.05,810,96,59252,73.06041923551172,6
0.05,811,95,59347,73.08743842364532,6
0.05,812,94,59441,73.11316113161132,7
0.05,813,94,59535,73.13882063882063,8
0.05,814,93,59628,73.16319018404909,8
0.05,815,94,59722,73.18872549019608,7
0.05,816,93,59815,73.21297429620563,8
0.05,817,90,59905,73.23349633251834,11
0.05,818,94,59999,73.25885225885226,7
0.05,819,95,60094,73.28536585365853,6
0.05,820,96,60190,73.3130328867235,6
0.05,821,93,60283,73.33698296836982,8
0.05,822,94,60377,73.36208991494532,7
0.05,823,92,60469,73.38470873786407,10
0.05,824,94,60563,73.40969696969697,7
0.05,825,94,60657,73.43462469733656,7
0.05,826,90,60747,73.4546553808948,11
0.05,827,94,60841,73.47946859903382,7
0.05,828,94,60935,73.50422195416164,7
0.05,829,91,61026,73.52530120481927,10
0.05,830,94,61120,73.54993983152828,7
0.05,831,89,61209,73.56850961538461,12
0.05,832,95,61304,73.59423769507804,6
0.05,833,93,61397,73.61750599520384,8
0.05,834,94,61491,73.64191616766468,7
0.05,835,95,61586,73.66746411483254,7
0.05,836,91,61677,73.68817204301075,10
0.05,837,93,61770,73.71121718377088,8
0.05,838,94,61864,73.73539928486294,8
0.05,839,94,61958,73.75952380952381,7
0.05,840,94,62052,73.78359096313912,8
0.05,841,96,62148,73.80997624703087,6
0.05,842,91,62239,73.83036773428232,10
0.05,843,94,62333,73.85426540284361,7
0.05,844,93,62426,73.87692307692308,8
0.05,845,96,62522,73.903073286052,6
0.05,846,27,62549,73.84769775678866,6
0.05,847,94,62643,73.87146226415095,7
0.05,848,93,62736,73.89399293286219,8
0.05,849,93,62829,73.9164705882353,8
0.05,850,93,62922,73.93889541715629,8
0.05,851,96,63018,73.96478873239437,6
0.05,852,95,63113,73.989449003517,6
0.05,853,95,63208,74.01405152224824,6
0.05,854,91,63299,74.03391812865497,10
0.05,855,93,63392,74.05607476635514,8
0.05,856,91,63483,74.07584597432906,10
0.05,857,96,63579,74.1013986013986,6
0.05,858,94,63673,74.12456344586728,7
0.05,859,19,63692,74.06046511627908,14
0.05,860,95,63787,74.08478513356562,6
0.05,861,95,63882,74.10904872389791,6
0.05,862,92,63974,74.1297798377752,9
0.05,863,95,64069,74.15393518518519,6
0.05,864,94,64163,74.17687861271676,8
0.05,865,95,64258,74.20092378752886,6
0.05,866,92,64350,74.22145328719724,9
0.05,867,93,64443,74.24308755760369,8
0.05,868,94,64537,74.26582278481013,7
0.05,869,95,64632,74.28965517241379,7
0.05,870,92,64724,74.30998851894374,9
0.05,871,96,64820,74.3348623853211,6
0.05,872,93,64913,74.35624284077892,9
0.05,873,92,65005,74.37643020594966,9
0.05,874,94,65099,74.39885714285714,7
0.05,875,88,65187,74.41438356164383,13
0.05,876,94,65281,74.43671607753706,8
0.05,877,95,65376,74.46013667425969,7
0.05,878,93,65469,74.48122866894198,8
0.05,879,96,65565,74.50568181818181,6
0.05,880,25,65590,74.4494892167991,8
0.05,881,92,65682,74.46938775510205,9
0.05,882,94,65776,74.49150622876557,8
0.05,883,95,65871,74.51470588235294,8
0.05,884,92,65963,74.53446327683616,9
0.05,885,95,66058,74.55756207674943,6
0.05,886,95,66153,74.58060879368658,6
0.05,887,94,66247,74.60247747747748,7
0.05,888,95,66342,74.62542182227222,6
0.05,889,94,66436,74.64719101123596,7
0.05,890,93,66529,74.66778900112233,8
0.05,891,93,66622,74.68834080717488,8
0.05,892,93,66715,74.70884658454648,8
0.05,893,95,66810,74.73154362416108,6
0.05,894,96,66906,74.75530726256983,6
0.05,895,95,67001,74.77790178571429,6
0.05,896,94,67095,74.79933110367892,7
0.05,897,94,67189,74.8207126948775,8
0.05,898,95,67284,74.84315906562847,6
0.05,899,96,67380,74.86666666666666,6
0.05,900,91,67471,74.88457269700334,10
0.05,901,96,67567,74.9079822616408,6
0.05,902,91,67658,74.92580287929125,10
0.05,903,93,67751,74.945796460177,8
0.05,904,94,67845,74.96685082872928,7
0.05,905,22,67867,74.9083885209713,12
0.05,906,94,67961,74.92943770672547,7
0.05,907,93,68054,74.94933920704845,8
0.05,908,92,68146,74.96809680968097,9
0.05,909,95,68241,74.99010989010989,6
0.05,910,89,68330,75.00548847420417,12
0.05,911,94,68424,75.02631578947368,7
0.05,912,21,68445,74.96714129244249,12
0.05,913,94,68539,74.98796498905908,7
0.05,914,94,68633,75.00874316939891,7
0.05,915,93,68726,75.02838427947599,8
0.05,916,95,68821,75.05016357688113,6
0.05,917,96,68917,75.07298474945534,6
0.05,918,91,69008,75.09031556039173,10
0.05,919,95,69103,75.11195652173913,6
0.05,920,94,69197,75.13246471226927,7
0.05,921,94,69291,75.1529284164859,8
0.05,922,92,69383,75.17118093174432,10
0.05,923,93,69476,75.19047619047619,8
0.05,924,21,69497,75.1318918918919,11
0.05,925,91,69588,75.14902807775378,10
0.05,926,95,69683,75.17044228694714,6
0.05,927,96,69779,75.19288793103448,6
0.05,928,96,69875,75.21528525296017,6
0.05,929,95,69970,75.23655913978494,6
0.05,930,94,70064,75.25671321160043,8
0.05,931,95,70159,75.27789699570816,7
0.05,932,93,70252,75.29689174705251,8
0.05,933,93,70345,75.31584582441114,8
0.05,934,27,70372,75.26417112299465,6
0.05,935,93,70465,75.28311965811966,8
0.05,936,93,70558,75.30202774813233,8
0.05,937,93,70651,75.32089552238806,8
0.05,938,95,70746,75.34185303514377,6
0.05,939,94,70840,75.36170212765957,7
0.05,940,96,70936,75.3836344314559,6
0.05,941,93,71029,75.40233545647558,8
0.05,942,94,71123,75.4220572640509,7
0.05,943,94,71217,75.4417372881356,7
0.05,944,89,71306,75.45608465608466,12
0.05,945,25,71331,75.40274841437632,8
0.05,946,95,71426,75.4234424498416,6
0.05,947,96,71522,75.44514767932489,6
0.05,948,96,71618,75.4668071654373,6
0.05,949,92,71710,75.48421052631579,9
0.05,950,93,71803,75.50262881177707,8
0.05,951,94,71897,75.5220588235294,7
0.05,952,96,71993,75.54354669464848,6
0.05,953,93,72086,75.56184486373165,8
0.05,954,91,72177,75.5780104712042,10
0.05,955,95,72272,75.59832635983264,6
0.05,956,94,72366,75.61755485893417,7
0.05,957,27,72393,75.56680584551148,6
0.05,958,94,72487,75.58602711157455,7
0.05,959,93,72580,75.60416666666667,8
0.05,960,94,72674,75.62330905306972,7
0.05,961,95,72769,75.64345114345114,6
0.05,962,95,72864,75.66355140186916,6
0.05,963,94,72958,75.68257261410788,7
0.05,964,95,73053,75.70259067357513,6
0.05,965,94,73147,75.7215320910973,7
0.05,966,94,73241,75.74043433298863,7
0.05,967,96,73337,75.76136363636364,6
0.05,968,93,73430,75.77915376676987,8
0.05,969,89,73519,75.79278350515465,12
0.05,970,92,73611,75.80947476828013,9
0.05,971,93,73704,75.82716049382717,8
0.05,972,95,73799,75.84686536485097,7
0.05,973,96,73895,75.86755646817248,7
0.05,974,93,73988,75.88512820512821,8
0.05,975,92,74080,75.90163934426229,9
0.05,976,95,74175,75.92118730808598,7
0.05,977,96,74271,75.94171779141104,7
0.05,978,95,74366,75.9611848825332,7
0.05,979,95,74461,75.98061224489796,7
0.05,980,95,74556,76.0,6
0.05,981,96,74652,76.020366598778,6
0.05,982,94,74746,76.03865717192268,7
0.05,983,92,74838,76.0548780487805,9
0.05,984,95,74933,76.0741116751269,7
0.05,985,94,75027,76.0922920892495,8
0.05,986,92,75119,76.10840932117527,9
0.05,987,91,75210,76.12348178137651,10
0.05,988,96,75306,76.14357937310415,6
0.05,989,94,75400,76.16161616161617,7
0.05,990,94,75494,76.17961654894046,7
0.05,991,95,75589,76.19858870967742,6
0.05,992,92,75681,76.21450151057402,9
0.05,993,96,75777,76.2344064386318,6
0.05,994,95,75872,76.2532663316583,6
0.05,995,94,75966,76.2710843373494,7
0.05,996,94,76060,76.28886659979939,8
0.05,997,92,76152,76.30460921843688,9
0.05,998,96,76248,76.32432432432432,6
0.05,999,95,76343,76.343,6
0.05,1000,92,76435,76.35864135864136,9
0.05,1001,93,76528,76.37524950099801,8
0.05,1002,96,76624,76.39481555333998,6
0.05,1003,94,76718,76.41235059760956,7
0.05,1004,92,76810,76.42786069651741,9
0.05,1005,95,76905,76.44632206759444,6
0.05,1006,95,77000,76.46474677259185,6
0.05,1007,93,77093,76.4811507936508,8
0.05,1008,91,77184,76.49554013875124,10
0.05,1009,90,77274,76.50891089108912,11
0.05,1010,95,77369,76.52720079129574,7
0.05,1011,96,77465,76.54644268774703,6
0.05,1012,95,77560,76.56465942744323,6
0.05,1013,94,77654,76.58185404339251,7
0.05,1014,94,77748,76.59901477832513,7
0.05,1015,94,77842,76.61614173228347,7
0.05,1016,95,77937,76.63421828908555,6
0.05,1017,94,78031,76.65127701375246,7
0.05,1018,91,78122,76.66535819430814,10
0.05,1019,96,78218,76.6843137254902,6
0.05,1020,94,78312,76.70127326150832,7
0.05,1021,94,78406,76.71819960861056,7
0.05,1022,94,78500,76.73509286412512,7
0.05,1023,95,78595,76.7529296875,6
0.05,1024,94,78689,76.76975609756097,7
0.05,1025,91,78780,76.78362573099415,10
0.05,1026,94,78874,76.80038948393378,7
0.05,1027,94,78968,76.8171206225681,8
0.05,1028,93,79061,76.83284742468416,8
0.05,1029,96,79157,76.85145631067961,6
0.05,1030,96,79253,76.87002909796314,6
0.05,1031,95,79348,76.8875968992248,7
0.05,1032,95,79443,76.90513068731849,6
0.05,1033,92,79535,76.91972920696325,9
0.05,1034,95,79630,76.93719806763285,6
0.05,1035,96,79726,76.95559845559846,6
0.05,1036,92,79818,76.97010607521698,9
0.05,1037,96,79914,76.98843930635839,6
0.05,1038,96,80010,77.00673724735323,6
0.05,1039,94,80104,77.02307692307693,7
0.05,1040,96,80200,77.04130643611911,6
0.05,1041,93,80293,77.05662188099808,8
0.05,1042,96,80389,77.07478427612656,6
0.05,1043,94,80483,77.09099616858238,8
0.05,1044,93,80576,77.10622009569379,8
0.05,1045,24,80600,77.05544933078394,9
0.05,1046,96,80696,77.0735434574976,6
0.05,1047,94,80790,77.08969465648855,7
0.05,1048,93,80883,77.10486177311725,8
0.05,1049,95,80978,77.12190476190476,6
0.05,1050,93,81071,77.13701236917221,9
0.05,1051,94,81165,77.15304182509506,7
0.05,1052,92,81257,77.16714150047483,9
0.05,1053,88,81345,77.1774193548387,13
0.05,1054,95,81440,77.19431279620854,6
0.05,1055,94,81534,77.21022727272727,7
0.05,1056,94,81628,77.22611163670766,7
0.05,1057,93,81721,77.24102079395085,9
0.05,1058,94,81815,77.25684608120869,7
0.05,1059,95,81910,77.27358490566037,6
0.05,1060,95,82005,77.29029217719133,7
0.05,1061,94,82099,77.3060263653484,7
0.05,1062,90,82189,77.31796801505175,11
0.05,1063,96,82285,77.33552631578948,6
0.05,1064,94,82379,77.35117370892019,7
0.05,1065,93,82472,77.36585365853658,8
0.05,1066,94,82566,77.38144329896907,7
0.05,1067,93,82659,77.39606741573034,9
0.05,1068,91,82750,77.40879326473339,10
0.05,1069,91,82841,77.4214953271028,10
0.05,1070,96,82937,77.43884220354809,6
0.05,1071,95,83032,77.45522388059702,6
0.05,1072,26,83058,77.40726933830382,7
0.05,1073,95,83153,77.42364990689013,6
0.05,1074,92,83245,77.43720930232558,9
0.05,1075,95,83340,77.45353159851301,7
0.05,1076,94,83434,77.46889507892294,7
0.05,1077,27,83461,77.42207792207792,6
0.05,1078,94,83555,77.43744207599629,7
0.05,1079,94,83649,77.45277777777778,7
0.05,1080,95,83744,77.46901017576319,6
0.05,1081,93,83837,77.48336414048059,8
0.05,1082,93,83930,77.49769159741459,8
0.05,1083,95,84025,77.51383763837639,6
0.05,1084,94,84119,77.52903225806452,8
0.05,1085,92,84211,77.54235727440147,9
0.05,1086,94,84305,77.557497700092,7
0.05,1087,95,84400,77.57352941176471,7
0.05,1088,92,84492,77.58677685950413,9
0.05,1089,93,84585,77.60091743119266,8
0.05,1090,94,84679,77.61594867094409,8
0.05,1091,93,84772,77.63003663003663,8
0.05,1092,93,84865,77.64409881061299,8
0.05,1093,95,84960,77.6599634369287,8
0.05,1094,93,85053,77.67397260273972,8
0.05,1095,94,85147,77.68886861313868,7
0.05,1096,91,85238,77.70100273473109,10
0.05,1097,95,85333,77.7167577413479,7
0.05,1098,96,85429,77.73339399454049,6
0.05,1099,95,85524,77.74909090909091,6
0.05,1100,93,85617,77.76294277929155,8
0.05,1101,93,85710,77.77676950998185,8
0.05,1102,94,85804,77.79147778785132,8
0.05,1103,94,85898,77.80615942028986,8
0.05,1104,95,85993,77.82171945701357,6
0.05,1105,94,86087,77.83634719710669,7
0.05,1106,95,86182,77.85185185185185,6
0.05,1107,94,86276,77.86642599277978,7
0.05,1108,96,86372,77.88277727682598,6
0.05,1109,93,86465,77.8963963963964,8
0.05,1110,91,86556,77.90819081908191,10
0.05,1111,92,86648,77.92086330935251,9
0.05,1112,95,86743,77.93620844564241,6
0.05,1113,94,86837,77.95062836624776,7
0.05,1114,94,86931,77.96502242152467,7
0.05,1115,92,87023,77.97759856630825,9
0.05,1116,94,87117,77.99194270367055,7
0.05,1117,94,87211,78.00626118067979,7
0.05,1118,95,87306,78.02144772117963,6
0.05,1119,96,87402,78.0375,6
0.05,1120,93,87495,78.05084745762711,8
0.05,1121,96,87591,78.06684491978609,6
0.05,1122,95,87686,78.08192341941229,7
0.05,1123,93,87779,78.09519572953737,8
0.05,1124,95,87874,78.11022222222222,6
0.05,1125,94,87968,78.12433392539964,8
0.05,1126,92,88060,78.13664596273291,9
0.05,1127,96,88156,78.15248226950355,6
0.05,1128,91,88247,78.16386182462357,10
0.05,1129,94,88341,78.17787610619469,7
0.05,1130,93,88434,78.19098143236074,8
0.05,1131,94,88528,78.20494699646643,7
0.05,1132,95,88623,78.21977052074139,7
0.05,1133,95,88718,78.23456790123457,7
0.05,1134,92,88810,78.2466960352423,9
0.05,1135,94,88904,78.2605633802817,7
0.05,1136,90,88994,78.27088830255057,11
0.05,1137,93,89087,78.28383128295255,8
0.05,1138,92,89179,78.29587357330992,9
0.05,1139,96,89275,78.31140350877193,6
0.05,1140,95,89370,78.32602979842244,7
0.05,1141,96,89466,78.34150612959719,6
0.05,1142,92,89558,78.35345581802275,9
0.05,1143,94,89652,78.36713286713287,7
0.05,1144,96,89748,78.3825327510917,6
0.05,1145,95,89843,78.39703315881326,6
0.05,1146,94,89937,78.41063644289451,7
0.05,1147,92,90029,78.42247386759581,9
0.05,1148,94,90123,78.43603133159269,7
0.05,1149,93,90216,78.44869565217391,8
0.05,1150,95,90311,78.46307558644656,7
0.05,1151,93,90404,78.47569444444444,8
0.05,1152,91,90495,78.4865568083261,10
0.05,1153,94,90589,78.5,8
0.05,1154,92,90681,78.51168831168832,9
0.05,1155,94,90775,78.52508650519032,7
0.05,1156,96,90871,78.54019014693172,6
0.05,1157,94,90965,78.55354058721935,7
0.05,1158,95,91060,78.56773080241588,6
0.05,1159,93,91153,78.58017241379311,8
0.05,1160,95,91248,78.59431524547804,6
0.05,1161,95,91343,78.60843373493977,6
0.05,1162,94,91437,78.62166809974205,7
0.05,1163,92,91529,78.63316151202748,9
0.05,1164,95,91624,78.64721030042918,6
0.05,1165,96,91720,78.66209262435677,6
0.05,1166,94,91814,78.67523564695801,7
0.05,1167,93,91907,78.6875,8
0.05,1168,95,92002,78.70145423438836,7
0.05,1169,95,92097,78.71538461538462,6
0.05,1170,95,92192,78.72929120409906,7
0.05,1171,95,92287,78.74317406143345,6
0.05,1172,94,92381,78.75618073316284,7
0.05,1173,93,92474,78.76831345826236,8
0.05,1174,92,92566,78.7795744680851,9
0.05,1175,93,92659,78.79166666666667,9
0.05,1176,93,92752,78.80373831775701,8
0.05,1177,93,92845,78.8157894736842,8
0.05,1178,27,92872,78.7718405428329,7
0.05,1179,94,92966,78.78474576271186,8
0.05,1180,93,93059,78.79678238780694,8
0.05,1181,93,93152,78.80879864636209,8
0.05,1182,90,93242,78.81825866441251,11
0.05,1183,95,93337,78.83192567567568,9
0.05,1184,92,93429,78.84303797468354,9
0.05,1185,95,93524,78.8566610455312,6
0.05,1186,96,93620,78.87110362257793,6
0.05,1187,27,93647,78.82744107744108,6
0.05,1188,94,93741,78.84020185029436,7
0.05,1189,94,93835,78.8529411764706,7
0.05,1190,94,93929,78.8656591099916,8
0.05,1191,95,94024,78.87919463087249,8
0.05,1192,93,94117,78.89103101424979,8
0.05,1193,94,94211,78.9036850921273,7
0.05,1194,92,94303,78.91464435146443,9
0.05,1195,95,94398,78.92809364548495,8
0.05,1196,92,94490,78.9390142021721,9
0.05,1197,94,94584,78.95158597662771,7
0.05,1198,96,94680,78.96580483736447,6
0.05,1199,95,94775,78.97916666666667,6
0.05,1200,93,94868,78.99084096586178,8
0.05,1201,95,94963,79.00415973377704,7
0.05,1202,96,95059,79.01828761429759,6
0.05,1203,94,95153,79.03073089700996,7
0.05,1204,94,95247,79.04315352697095,7
0.05,1205,94,95341,79.05555555555556,7
0.05,1206,94,95435,79.06793703396852,7
0.05,1207,27,95462,79.0248344370861,6
0.05,1208,92,95554,79.03556658395368,9
0.05,1209,93,95647,79.04710743801652,8
0.05,1210,95,95742,79.06028075970272,6
0.05,1211,94,95836,79.07260726072607,7
0.05,1212,94,95930,79.08491343775762,7
0.05,1213,96,96026,79.0988467874794,7
0.05,1214,96,96122,79.11275720164609,6
0.05,1215,96,96218,79.12664473684211,6
0.05,1216,93,96311,79.1380443714051,8
0.05,1217,95,96406,79.15106732348112,6
0.05,1218,95,96501,79.16406890894176,6
0.05,1219,95,96596,79.17704918032787,6
0.05,1220,92,96688,79.1875511875512,9
0.05,1221,94,96782,79.19967266775778,7
0.05,1222,96,96878,79.21340964840556,6
0.05,1223,95,96973,79.22630718954248,7
0.05,1224,94,97067,79.23836734693877,7
0.05,1225,94,97161,79.25040783034258,7
0.05,1226,27,97188,79.20782396088019,6
0.05,1227,94,97282,79.21986970684038,7
0.05,1228,23,97305,79.17412530512613,10
0.05,1229,93,97398,79.18536585365854,8
0.05,1230,96,97494,79.19902518277823,6
0.05,1231,94,97588,79.21103896103897,7
0.05,1232,93,97681,79.22222222222223,9
0.05,1233,25,97706,79.17828200972447,7
0.05,1234,96,97802,79.1919028340081,6
0.05,1235,94,97896,79.20388349514563,7
0.05,1236,89,97985,79.21180274858528,12
0.05,1237,93,98078,79.22294022617125,8
0.05,1238,95,98173,79.23567393058919,6
0.05,1239,95,98268,79.2483870967742,6
0.05,1240,-46,98222,79.14746172441579,10
0.05,1241,94,98316,79.15942028985508,7
0.05,1242,94,98410,79.1713596138375,7
0.05,1243,92,98502,79.18167202572347,9
0.05,1244,95,98597,79.19437751004016,6
0.05,1245,94,98691,79.20626003210273,7
0.05,1246,93,98784,79.21732157177226,8
0.05,1247,95,98879,79.22996794871794,6
0.05,1248,93,98972,79.24099279423538,8
0.05,1249,92,99064,79.2512,9
0.05,1250,92,99156,79.26139088729016,9
0.05,1251,94,99250,79.27316293929712,7
0.05,1252,92,99342,79.28332003192338,9
0.05,1253,92,99434,79.29346092503987,9
0.05,1254,94,99528,79.30517928286852,7
0.05,1255,94,99622,79.31687898089172,7
0.05,1256,94,99716,79.3285600636436,7
0.05,1257,93,99809,79.33942766295708,8
0.05,1258,94,99903,79.35107227958697,7
0.05,1259,94,99997,79.3626984126984,7
0.05,1260,91,100088,79.37192704203014,10
0.05,1261,94,100182,79.38351822503962,8
0.05,1262,95,100277,79.39588281868566,6
0.05,1263,95,100372,79.40822784810126,6
0.05,1264,92,100464,79.41818181818182,11
0.05,1265,94,100558,79.42969984202212,7
0.05,1266,94,100652,79.44119968429361,7
0.05,1267,93,100745,79.4518927444795,8
0.05,1268,96,100841,79.46493301812451,6
0.05,1269,93,100934,79.4755905511811,8
0.05,1270,95,101029,79.48780487804878,7
0.05,1271,94,101123,79.49921383647799,7
0.05,1272,94,101217,79.51060487038492,7
0.05,1273,96,101313,79.52354788069074,6
0.05,1274,92,101405,79.53333333333333,9
0.05,1275,94,101499,79.54467084639498,7
0.05,1276,96,101595,79.55755677368833,6
0.05,1277,91,101686,79.56651017214398,10
0.05,1278,92,101778,79.57623143080532,9
0.05,1279,93,101871,79.58671875,8
0.05,1280,93,101964,79.59718969555036,8
0.05,1281,93,102057,79.60764430577223,8
0.05,1282,93,102150,79.61808261886205,9
0.05,1283,94,102244,79.62928348909658,7
0.05,1284,95,102339,79.64124513618677,6
0.05,1285,92,102431,79.65085536547434,9
0.05,1286,93,102524,79.66122766122766,8
0.05,1287,96,102620,79.67391304347827,6
0.05,1288,93,102713,79.68425135764159,8
0.05,1289,93,102806,79.69457364341085,8
0.05,1290,95,102901,79.70642912470953,6
0.05,1291,96,102997,79.71904024767802,6
0.05,1292,96,103093,79.73163186388244,6
0.05,1293,95,103188,79.74343122102009,6
0.05,1294,91,103279,79.75212355212355,13
0.05,1295,95,103374,79.76388888888889,6
0.05,1296,93,103467,79.77409406322282,8
0.05,1297,26,103493,79.7326656394453,7
0.05,1298,95,103588,79.74441878367975,6
0.05,1299,95,103683,79.75615384615385,6
0.05,1300,89,103772,79.76325903151422,12
0.05,1301,95,103867,79.77496159754224,6
0.05,1302,94,103961,79.78587874136608,7
0.05,1303,93,104054,79.79601226993866,9
0.05,1304,96,104150,79.80842911877394,6
0.05,1305,92,104242,79.8177641653905,9
0.05,1306,93,104335,79.82785003825555,8
0.05,1307,24,104359,79.78516819571865,9
0.05,1308,94,104453,79.79602750190986,8
0.05,1309,94,104547,79.80687022900763,7
0.05,1310,94,104641,79.81769641495042,7
0.05,1311,22,104663,79.7736280487805,11
0.05,1312,95,104758,79.78522467631379,6
0.05,1313,93,104851,79.79528158295281,8
0.05,1314,96,104947,79.80760456273764,6
0.05,1315,95,105042,79.81914893617021,6
0.05,1316,92,105134,79.82839787395596,9
0.05,1317,95,105229,79.83990895295904,6
0.05,1318,92,105321,79.84912812736921,9
0.05,1319,95,105416,79.86060606060606,6
0.05,1320,96,105512,79.87282361847086,7
0.05,1321,96,105608,79.88502269288956,6
0.05,1322,95,105703,79.89644746787604,6
0.05,1323,94,105797,79.9070996978852,8
0.05,1324,95,105892,79.91849056603773,7
0.05,1325,94,105986,79.92911010558069,7
0.05,1326,95,106081,79.94046721929163,6
0.05,1327,95,106176,79.95180722891567,7
0.05,1328,88,106264,79.95786305492852,13
0.05,1329,95,106359,79.96917293233082,6
0.05,1330,95,106454,79.98046581517656,7
0.05,1331,88,106542,79.98648648648648,14
0.05,1332,93,106635,79.99624906226556,8
0.05,1333,94,106729,80.00674662668666,7
0.05,1334,92,106821,80.01573033707865,9
0.05,1335,93,106914,80.02544910179641,8
0.05,1336,24,106938,79.98354525056095,9
0.05,1337,94,107032,79.99402092675635,7
0.05,1338,94,107126,80.00448095593727,7
0.05,1339,93,107219,80.0141791044776,9
0.05,1340,96,107315,80.02609992542878,6
0.05,1341,93,107408,80.03576751117734,8
0.05,1342,94,107502,80.04616530156366,7
0.05,1343,94,107596,80.05654761904762,7
0.05,1344,95,107691,80.06765799256506,6
0.05,1345,92,107783,80.07652303120356,9
0.05,1346,91,107874,80.08463251670379,10
0.05,1347,93,107967,80.09421364985164,8
0.05,1348,93,108060,80.10378057820608,8
0.05,1349,91,108151,80.11185185185185,10
0.05,1350,95,108246,80.12287194670614,6
0.05,1351,95,108341,80.13387573964496,7
0.05,1352,93,108434,80.14338507021434,8
0.05,1353,96,108530,80.15509601181684,6
0.05,1354,94,108624,80.16531365313654,7
0.05,1355,96,108720,80.17699115044248,6
0.05,1356,93,108813,80.1864406779661,8
0.05,1357,95,108908,80.19734904270987,6
0.05,1358,92,109000,80.20603384841796,9
0.05,1359,94,109094,80.21617647058824,7
0.05,1360,94,109188,80.22630418809699,7
0.05,1361,96,109284,80.23788546255507,6
0.05,1362,95,109379,80.24871606749817,6
0.05,1363,95,109474,80.25953079178886,7
0.05,1364,92,109566,80.26813186813187,9
0.05,1365,93,109659,80.27745241581259,8
0.05,1366,94,109753,80.2874908558888,7
0.05,1367,96,109849,80.29897660818713,6
0.05,1368,94,109943,80.30898466033601,7
0.05,1369,96,110039,80.32043795620437,6
0.05,1370,94,110133,80.33041575492341,7
0.05,1371,95,110228,80.34110787172011,6
0.05,1372,96,110324,80.35251274581209,6
0.05,1373,93,110417,80.36171761280931,8
0.05,1374,96,110513,80.3730909090909,6
0.05,1375,94,110607,80.38299418604652,7
0.05,1376,92,110699,80.39143064633261,10
0.05,1377,91,110790,80.39912917271408,10
0.05,1378,95,110885,80.40971718636693,6
0.05,1379,94,110979,80.41956521739131,7
0.05,1380,95,111074,80.43012309920347,7
0.05,1381,95,111169,80.44066570188133,6
0.05,1382,93,111262,80.44974692697035,8
0.05,1383,94,111356,80.45953757225433,7
0.05,1384,96,111452,80.47075812274369,6
0.05,1385,91,111543,80.47835497835497,10
0.05,1386,96,111639,80.48954578226387,6
0.05,1387,94,111733,80.4992795389049,7
0.05,1388,91,111824,80.50683945284378,10
0.05,1389,90,111914,80.5136690647482,11
0.05,1390,91,112005,80.52120776419842,10
0.05,1391,92,112097,80.5294540229885,9
0.05,1392,94,112191,80.53912419239052,7
0.05,1393,92,112283,80.54734576757532,9
0.05,1394,93,112376,80.55627240143369,8
0.05,1395,93,112469,80.56518624641834,8
0.05,1396,93,112562,80.57408732999284,8
0.05,1397,93,112655,80.5829756795422,8
0.05,1398,93,112748,80.59185132237312,8
0.05,1399,90,112838,80.59857142857143,11
0.05,1400,27,112865,80.56031406138473,6
0.05,1401,93,112958,80.56918687589159,9
0.05,1402,96,113054,80.58018531717748,6
0.05,1403,96,113150,80.59116809116809,6
0.05,1404,96,113246,80.60213523131672,6
0.05,1405,95,113341,80.61237553342816,6
0.05,1406,96,113437,80.62331201137171,6
0.05,1407,92,113529,80.63139204545455,9
0.05,1408,92,113621,80.63946061036197,9
0.05,1409,89,113710,80.64539007092199,12
0.05,1410,96,113806,80.65627214741318,6
0.05,1411,93,113899,80.66501416430594,8
0.05,1412,96,113995,80.6758669497523,6
0.05,1413,94,114089,80.68528995756718,7
0.05,1414,95,114184,80.69540636042403,6
0.05,1415,96,114280,80.70621468926554,6
0.05,1416,93,114373,80.71489061397318,8
0.05,1417,25,114398,80.6755994358251,8
0.05,1418,89,114487,80.6814658210007,12
0.05,1419,92,114579,80.68943661971831,9
0.05,1420,94,114673,80.6988036593948,7
0.05,1421,94,114767,80.70815752461323,8
0.05,1422,95,114862,80.71820098383697,6
0.05,1423,90,114952,80.7247191011236,11
0.05,1424,92,115044,80.73263157894736,9
0.05,1425,94,115138,80.74193548387096,7
0.05,1426,95,115233,80.75192711983182,6
0.05,1427,91,115324,80.75910364145658,11
0.05,1428,96,115420,80.76976906927922,6
0.05,1429,94,115514,80.77902097902098,7
0.05,1430,94,115608,80.78825995807128,7
0.05,1431,93,115701,80.79678770949721,8
0.05,1432,95,115796,80.80669923237963,6
0.05,1433,91,115887,80.81380753138075,10
0.05,1434,95,115982,80.82369337979094,6
0.05,1435,95,116077,80.83356545961003,6
0.05,1436,95,116172,80.84342379958247,7
0.05,1437,94,116266,80.85257301808066,7
0.05,1438,91,116357,80.85962473940236,10
0.05,1439,93,116450,80.86805555555556,8
0.05,1440,95,116545,80.87786259541984,6
0.05,1441,93,116638,80.8862690707351,8
0.05,1442,95,116733,80.8960498960499,6
0.05,1443,96,116829,80.90650969529086,6
0.05,1444,95,116924,80.91626297577855,7
0.05,1445,24,116948,80.87690179806363,9
0.05,1446,95,117043,80.8866620594333,6
0.05,1447,95,117138,80.896408839779,6
0.05,1448,91,117229,80.90338164251207,10
0.05,1449,95,117324,80.91310344827586,6
0.05,1450,93,117417,80.92143349414197,8
0.05,1451,96,117513,80.93181818181819,6
0.05,1452,92,117605,80.93943565037853,9
0.05,1453,94,117699,80.9484181568088,7
0.05,1454,94,117793,80.9573883161512,7
0.05,1455,95,117888,80.96703296703296,7
0.05,1456,92,117980,80.97460535346603,9
0.05,1457,92,118072,80.98216735253773,9
0.05,1458,95,118167,80.99177518848526,7
0.05,1459,95,118262,81.0013698630137,6
0.05,1460,96,118358,81.0116358658453,6
0.05,1461,92,118450,81.01915184678522,9
0.05,1462,93,118543,81.02734107997266,8
0.05,1463,95,118638,81.03688524590164,6
0.05,1464,95,118733,81.04641638225256,7
0.05,1465,89,118822,81.0518417462483,12
0.05,1466,93,118915,81.05998636673483,8
0.05,1467,89,119004,81.06539509536785,12
0.05,1468,93,119097,81.07351940095303,9
0.05,1469,95,119192,81.08299319727891,6
0.05,1470,93,119285,81.0910944935418,8
0.05,1471,93,119378,81.0991847826087,8
0.05,1472,27,119405,81.06245756958587,7
0.05,1473,95,119500,81.0719131614654,6
0.05,1474,92,119592,81.07932203389831,9
0.05,1475,93,119685,81.08739837398375,8
0.05,1476,94,119779,81.09614082599865,7
0.05,1477,92,119871,81.10351826792963,9
0.05,1478,96,119967,81.11359026369168,6
0.05,1479,95,120062,81.12297297297297,6
0.05,1480,96,120158,81.13301823092505,6
0.05,1481,96,120254,81.14304993252361,6
0.05,1482,93,120347,81.15104517869185,9
0.05,1483,93,120440,81.15902964959568,8
0.05,1484,94,120534,81.16767676767677,7
0.05,1485,95,120629,81.17698519515478,6
0.05,1486,94,120723,81.18560860793544,7
0.05,1487,93,120816,81.19354838709677,8
0.05,1488,94,120910,81.20214909335124,8
0.05,1489,96,121006,81.21208053691275,6
0.05,1490,95,121101,81.22132796780684,7
0.05,1491,95,121196,81.23056300268097,7
0.05,1492,95,121291,81.2397856664434,6
0.05,1493,96,121387,81.24966532797858,6
0.05,1494,95,121482,81.25886287625418,6
0.05,1495,95,121577,81.26804812834224,8
0.05,1496,94,121671,81.27655310621242,7
0.05,1497,93,121764,81.28437917222963,8
0.05,1498,94,121858,81.29286190793863,8
0.05,1499,95,121953,81.302,7
0.05,1500,93,122046,81.30979347101932,8
0.05,1501,96,122142,81.31957390146471,6
0.05,1502,96,122238,81.32934131736526,6
0.05,1503,94,122332,81.3377659574468,7
0.05,1504,94,122426,81.34617940199335,8
0.05,1505,96,122522,81.35590969455511,6
0.05,1506,94,122616,81.364299933643,7
0.05,1507,92,122708,81.37135278514589,9
0.05,1508,94,122802,81.37972166998011,7
0.05,1509,94,122896,81.38807947019868,7
0.05,1510,94,122990,81.3964262078094,7
0.05,1511,94,123084,81.4047619047619,7
0.05,1512,95,123179,81.4137475214805,7
0.05,1513,84,123263,81.41545574636724,17
0.05,1514,94,123357,81.42376237623762,7
0.05,1515,96,123453,81.43337730870712,6
0.05,1516,16,123469,81.39024390243902,16
0.05,1517,92,123561,81.39723320158103,9
0.05,1518,93,123654,81.40487162606978,8
0.05,1519,92,123746,81.41184210526316,9
0.05,1520,96,123842,81.42143326758712,6
0.05,1521,94,123936,81.42969776609723,7
0.05,1522,24,123960,81.39198949441891,9
0.05,1523,95,124055,81.4009186351706,7
0.05,1524,22,124077,81.36196721311475,11
0.05,1525,93,124170,81.36959370904324,8
0.05,1526,95,124265,81.37851997380484,6
0.05,1527,92,124357,81.38547120418848,9
0.05,1528,22,124379,81.34663178548071,10
0.05,1529,25,124404,81.30980392156863,8
0.05,1530,91,124495,81.31613324624429,10
0.05,1531,95,124590,81.32506527415144,6
0.05,1532,94,124684,81.33333333333333,7
0.05,1533,25,124709,81.29661016949153,8
0.05,1534,92,124801,81.30358306188926,9
0.05,1535,95,124896,81.3125,6
0.05,1536,94,124990,81.32075471698113,7
0.05,1537,95,125085,81.3296488946684,7
0.05,1538,95,125180,81.33853151397011,6
0.05,1539,94,125274,81.34675324675325,7
0.05,1540,92,125366,81.35366645035691,9
0.05,1541,91,125457,81.35992217898833,10
0.05,1542,95,125552,81.36876215165262,7
0.05,1543,92,125644,81.37564766839378,9
0.05,1544,95,125739,81.38446601941747,6
0.05,1545,27,125766,81.34928848641655,6
0.05,1546,96,125862,81.35875888817066,6
0.05,1547,95,125957,81.36757105943153,7
0.05,1548,96,126053,81.37701743060039,6
0.05,1549,95,126148,81.38580645161291,8
0.05,1550,94,126242,81.39393939393939,7
0.05,1551,94,126336,81.4020618556701,7
0.05,1552,92,126428,81.40888602704443,9
0.05,1553,92,126520,81.41570141570142,9
0.05,1554,94,126614,81.42379421221865,8
0.05,1555,94,126708,81.4318766066838,7
0.05,1556,94,126802,81.43994861913937,7
0.05,1557,95,126897,81.44865211810013,6
0.05,1558,96,126993,81.45798588839,6
0.05,1559,94,127087,81.46602564102564,7
0.05,1560,92,127179,81.4727738629084,9
0.05,1561,91,127270,81.47887323943662,10
0.05,1562,91,127361,81.4849648112604,11
0.05,1563,94,127455,81.49296675191816,7
0.05,1564,94,127549,81.50095846645367,7
0.05,1565,94,127643,81.50893997445722,8
0.05,1566,94,127737,81.51691129546904,7
0.05,1567,92,127829,81.52359693877551,9
0.05,1568,94,127923,81.53154875717017,7
0.05,1569,92,128015,81.53821656050955,10
0.05,1570,94,128109,81.54614894971355,7
0.05,1571,94,128203,81.55407124681933,7
0.05,1572,92,128295,81.56071201525747,9
0.05,1573,89,128384,81.56543837357052,12
0.05,1574,92,128476,81.57206349206349,9
0.05,1575,93,128569,81.57931472081218,8
0.05,1576,96,128665,81.58845909955612,6
0.05,1577,94,128759,81.59632446134347,7
0.05,1578,94,128853,81.60417986067131,7
0.05,1579,96,128949,81.6132911392405,6
0.05,1580,92,129041,81.61986084756484,9
0.05,1581,96,129137,81.62895069532237,6
0.05,1582,94,129231,81.6367656348705,7
0.05,1583,96,129327,81.64583333333333,6
0.05,1584,92,129419,81.65236593059937,9
0.05,1585,95,129514,81.66078184110971,6
0.05,1586,96,129610,81.6698172652804,6
0.05,1587,96,129706,81.67884130982368,6
0.05,1588,93,129799,81.68596601636249,8
0.05,1589,94,129893,81.6937106918239,7
0.05,1590,94,129987,81.70144563167818,7
0.05,1591,94,130081,81.70917085427136,7
0.05,1592,94,130175,81.71688637790332,7
0.05,1593,27,130202,81.68255959849435,6
0.05,1594,95,130297,81.69090909090909,6
0.05,1595,94,130391,81.6986215538847,7
0.05,1596,94,130485,81.70632435817157,7
0.05,1597,91,130576,81.71214017521902,10
0.05,1598,95,130671,81.7204502814259,6
0.05,1599,27,130698,81.68625,6
0.05,1600,95,130793,81.6945658963148,7
0.05,1601,95,130888,81.70287141073658,6
0.05,1602,95,130983,81.71116656269494,7
0.05,1603,90,131073,81.71633416458853,11
0.05,1604,93,131166,81.7233644859813,8
0.05,1605,96,131262,81.73225404732254,6
0.05,1606,95,131357,81.74051026757934,6
0.05,1607,94,131451,81.7481343283582,7
0.05,1608,96,131547,81.75699192044749,6
0.05,1609,96,131643,81.76583850931677,6
0.05,1610,23,131666,81.72936064556177,10
0.05,1611,94,131760,81.73697270471465,7
0.05,1612,96,131856,81.74581525108493,6
0.05,1613,95,131951,81.75402726146221,6
0.05,1614,95,132046,81.76222910216718,6
0.05,1615,94,132140,81.76980198019803,7
0.05,1616,24,132164,81.73407544836117,9
0.05,1617,96,132260,81.74289245982695,6
0.05,1618,95,132355,81.75108091414454,6
0.05,1619,94,132449,81.75864197530865,8
0.05,1620,95,132544,81.76681061073411,6
0.05,1621,94,132638,81.77435265104809,7
0.05,1622,95,132733,81.78250154035736,7
0.05,1623,96,132829,81.79125615763547,6
0.05,1624,93,132922,81.79815384615385,8
0.05,1625,92,133014,81.80442804428044,9
0.05,1626,27,133041,81.77074370006146,6
0.05,1627,96,133137,81.77948402948402,6
0.05,1628,91,133228,81.78514426028238,10
0.05,1629,94,133322,81.79263803680982,7
0.05,1630,93,133415,81.79950950337216,8
0.05,1631,94,133509,81.80698529411765,7
0.05,1632,96,133605,81.8156766687079,7
0.05,1633,95,133700,81.82374541003672,6
0.05,1634,95,133795,81.83180428134557,6
0.05,1635,94,133889,81.83924205378973,7
0.05,1636,96,133985,81.84789248625535,6
0.05,1637,91,134076,81.85347985347985,10
0.05,1638,95,134171,81.8615009151922,6
0.05,1639,94,134265,81.8689024390244,8
0.05,1640,93,134358,81.87568555758683,8
0.05,1641,94,134452,81.8830694275274,7
0.05,1642,92,134544,81.88922702373706,9
0.05,1643,95,134639,81.89720194647202,7
0.05,1644,95,134734,81.90516717325228,6
0.05,1645,93,134827,81.91190765492102,8
0.05,1646,95,134922,81.91985428051002,6
0.05,1647,94,135016,81.92718446601941,7
0.05,1648,95,135111,81.93511218920558,7
0.05,1649,93,135204,81.94181818181818,8
0.05,1650,95,135299,81.94972743791641,7
0.05,1651,21,135320,81.91283292978208,11
0.05,1652,94,135414,81.92014519056261,7
0.05,1653,91,135505,81.92563482466747,10
0.05,1654,95,135600,81.93353474320242,7
0.05,1655,93,135693,81.94021739130434,8
0.05,1656,27,135720,81.90706095353048,6
0.05,1657,94,135814,81.91435464414958,7
0.05,1658,90,135904,81.91922845087402,11
0.05,1659,92,135996,81.92530120481928,9
0.05,1660,93,136089,81.9319686935581,8
0.05,1661,94,136183,81.93922984356198,7
0.05,1662,95,136278,81.94708358388455,6
0.05,1663,95,136373,81.95492788461539,7
0.05,1664,90,136463,81.95975975975976,11
0.05,1665,95,136558,81.96758703481393,7
0.05,1666,95,136653,81.9754049190162,6
0.05,1667,94,136747,81.9826139088729,7
0.05,1668,93,136840,81.98921509886159,8
0.05,1669,90,136930,81.9940119760479,11
0.05,1670,92,137022,82.0,9
0.05,1671,95,137117,82.00777511961722,6
0.05,1672,96,137213,82.01613867304243,6
0.05,1673,95,137308,82.02389486260454,7
0.05,1674,94,137402,82.0310447761194,7
0.05,1675,92,137494,82.03699284009546,9
0.05,1676,91,137585,82.04233750745378,10
0.05,1677,91,137676,82.0476758045292,10
0.05,1678,95,137771,82.0553901131626,6
0.05,1679,95,137866,82.06309523809524,6
0.05,1680,-48,137818,81.9857227840571,12
0.05,1681,90,137908,81.99048751486326,11
0.05,1682,93,138001,81.99702911467617,8
0.05,1683,93,138094,82.00356294536817,9
0.05,1684,93,138187,82.01008902077152,8
0.05,1685,91,138278,82.01542111506524,10
0.05,1686,94,138372,82.02252519264968,7
0.05,1687,93,138465,82.02902843601896,8
0.05,1688,95,138560,82.03670811130847,6
0.05,1689,94,138654,82.04378698224852,7
0.05,1690,94,138748,82.0508574807806,7
0.05,1691,88,138836,82.05437352245863,13
0.05,1692,95,138931,82.06202008269344,7
0.05,1693,96,139027,82.0702479338843,6
0.05,1694,94,139121,82.07728613569321,8
0.05,1695,96,139217,82.08549528301887,6
0.05,1696,96,139313,82.0936947554508,6
0.05,1697,95,139408,82.10129564193169,7
0.05,1698,94,139502,82.10829899941142,7
0.05,1699,92,139594,82.11411764705882,9
0.05,1700,95,139689,82.12169312169313,6
0.05,1701,26,139715,82.08871915393655,7
0.05,1702,94,139809,82.09571344685848,7
0.05,1703,92,139901,82.10152582159624,9
0.05,1704,95,139996,82.10909090909091,6
0.05,1705,95,140091,82.11664712778429,7
0.05,1706,92,140183,82.12243702401875,9
0.05,1707,96,140279,82.13056206088993,6
0.05,1708,94,140373,82.13750731421884,7
0.05,1709,94,140467,82.14444444444445,7
0.05,1710,93,140560,82.15078901227352,8
0.05,1711,95,140655,82.15829439252336,7
0.05,1712,27,140682,82.1260945709282,6
0.05,1713,90,140772,82.13068844807468,11
0.05,1714,91,140863,82.13586005830904,10
0.05,1715,92,140955,82.14160839160839,9
0.05,1716,93,141048,82.14793244030285,8
0.05,1717,94,141142,82.15483119906868,7
0.05,1718,94,141236,82.16172193135544,7
0.05,1719,95,141331,82.16918604651163,7
0.05,1720,96,141427,82.17722254503195,6
0.05,1721,94,141521,82.18408826945412,7
0.05,1722,27,141548,82.15206035983749,6
0.05,1723,92,141640,82.15777262180974,9
0.05,1724,91,141731,82.16289855072463,10
0.05,1725,96,141827,82.17091541135574,6
0.05,1726,92,141919,82.17660683265778,9
0.05,1727,93,142012,82.18287037037037,8
0.05,1728,20,142032,82.14690572585309,13
0.05,1729,96,142128,82.1549132947977,6
0.05,1730,26,142154,82.12247255921433,7
0.05,1731,94,142248,82.12933025404158,7
0.05,1732,94,142342,82.13618003462204,7
0.05,1733,96,142438,82.1441753171857,6
0.05,1734,94,142532,82.15100864553314,7
0.05,1735,95,142627,82.15841013824885,6
0.05,1736,96,142723,82.1663788140472,6
0.05,1737,94,142817,82.17318757192174,7
0.05,1738,94,142911,82.17998849913744,7
0.05,1739,96,143007,82.18793103448276,6
0.05,1740,93,143100,82.19414129810454,8
0.05,1741,94,143194,82.20091848450058,7
0.05,1742,96,143290,82.20883534136546,6
0.05,1743,95,143385,82.21616972477064,6
0.05,1744,94,143479,82.22292263610315,7
0.05,1745,92,143571,82.22852233676976,9
0.05,1746,93,143664,82.23468803663422,8
0.05,1747,94,143758,82.24141876430205,7
0.05,1748,96,143854,82.24928530588907,6
0.05,1749,93,143947,82.25542857142857,8
0.05,1750,94,144041,82.2621359223301,7
0.05,1751,94,144135,82.26883561643835,7
0.05,1752,94,144229,82.27552766685682,7
0.05,1753,95,144324,82.28278221208666,7
0.05,1754,93,144417,82.28888888888889,8
0.05,1755,96,144513,82.29669703872437,6
0.05,1756,94,144607,82.30335799658509,7
0.05,1757,95,144702,82.31058020477816,6
0.05,1758,96,144798,82.31836270608301,6
0.05,1759,93,144891,82.32443181818182,8
0.05,1760,92,144983,82.32992617830779,9
0.05,1761,94,145077,82.33654937570942,7
0.05,1762,94,145171,82.34316505955758,7
0.05,1763,94,145265,82.34977324263039,8
0.05,1764,92,145357,82.35524079320113,9
0.05,1765,24,145381,82.32219705549264,9
0.05,1766,94,145475,82.32880588568194,7
0.05,1767,95,145570,82.33597285067873,6
0.05,1768,96,145666,82.34369700395703,6
0.05,1769,91,145757,82.34858757062148,10
0.05,1770,94,145851,82.35516657255788,7
0.05,1771,95,145946,82.36230248306998,6
0.05,1772,94,146040,82.3688663282572,7
0.05,1773,93,146133,82.37485907553551,8
0.05,1774,93,146226,82.38084507042254,8
0.05,1775,94,146320,82.38738738738739,7
0.05,1776,95,146415,82.39448508722566,6
0.05,1777,94,146509,82.40101237345331,7
0.05,1778,93,146602,82.40697020798201,8
0.05,1779,91,146693,82.411797752809,10
0.05,1780,96,146789,82.41942728804042,6
0.05,1781,94,146883,82.42592592592592,7
0.05,1782,96,146979,82.43353897924845,6
0.05,1783,93,147072,82.43946188340807,8
0.05,1784,96,147168,82.44705882352942,6
0.05,1785,91,147259,82.4518477043673,10
0.05,1786,-46,147213,82.3799664241746,10
0.05,1787,94,147307,82.38646532438479,7
0.05,1788,95,147402,82.39351593068754,6
0.05,1789,93,147495,82.39944134078212,8
0.05,1790,96,147591,82.4070351758794,6
0.05,1791,95,147686,82.4140625,7
0.05,1792,90,147776,82.41829336307863,11
0.05,1793,90,147866,82.42251950947603,11
0.05,1794,94,147960,82.42896935933148,7
0.05,1795,92,148052,82.43429844097996,9
0.05,1796,24,148076,82.40178074568726,10
0.05,1797,95,148171,82.40878754171301,6
0.05,1798,25,148196,82.3768760422457,8
0.05,1799,94,148290,82.38333333333334,7
0.05,1800,95,148385,82.39033870072183,7
0.05,1801,95,148480,82.39733629300777,6
0.05,1802,94,148574,82.40377149195785,7
0.05,1803,95,148669,82.41075388026607,6
0.05,1804,94,148763,82.41717451523546,7
0.05,1805,96,148859,82.42469545957918,7
0.05,1806,91,148950,82.4294410625346,10
0.05,1807,96,149046,82.43694690265487,7
0.05,1808,94,149140,82.44333886124932,7
0.05,1809,96,149236,82.45082872928177,6
0.05,1810,96,149332,82.45831032578685,6
0.05,1811,95,149427,82.46523178807946,6
0.05,1812,93,149520,82.47104247104247,8
0.05,1813,95,149615,82.4779492833517,7
0.05,1814,93,149708,82.48374655647383,8
0.05,1815,95,149803,82.49063876651982,6
0.05,1816,94,149897,82.4969730324711,7
0.05,1817,94,149991,82.503300330033,7
0.05,1818,95,150086,82.51017042330952,6
0.05,1819,94,150180,82.51648351648352,7
0.05,1820,95,150275,82.52333882482152,7
0.05,1821,95,150370,82.53018660812295,7
0.05,1822,94,150464,82.5364783324191,7
0.05,1823,95,150559,82.54331140350877,7
0.05,1824,94,150653,82.54958904109589,7
0.05,1825,95,150748,82.55640744797371,7
0.05,1826,96,150844,82.56376573617953,6
0.05,1827,94,150938,82.57002188183807,9
0.05,1828,91,151029,82.57463094587206,10
0.05,1829,94,151123,82.58087431693988,7
0.05,1830,25,151148,82.54942654287275,8
0.05,1831,95,151243,82.55622270742359,6
0.05,1832,94,151337,82.56246590289143,7
0.05,1833,94,151431,82.56870229007633,7
0.05,1834,94,151525,82.57493188010899,7
0.05,1835,92,151617,82.58006535947712,9
0.05,1836,94,151711,82.58628198149157,7
0.05,1837,96,151807,82.59357997823722,6
0.05,1838,96,151903,82.60087003806416,6
0.05,1839,94,151997,82.60706521739131,7
0.05,1840,94,152091,82.6132536664856,7
0.05,1841,92,152183,82.61834961997829,9
0.05,1842,95,152278,82.62506782419968,8
0.05,1843,96,152374,82.63232104121475,6
0.05,1844,93,152467,82.63794037940379,8
0.05,1845,93,152560,82.64355362946912,8
0.05,1846,94,152654,82.64970221981592,7
0.05,1847,20,152674,82.61580086580086,12
0.05,1848,94,152768,82.62195781503516,7
0.05,1849,94,152862,82.62810810810811,7
0.05,1850,95,152957,82.634792004322,6
0.05,1851,95,153052,82.6414686825054,6
0.05,1852,94,153146,82.64759848893686,7
0.05,1853,95,153241,82.65426105717368,6
0.05,1854,94,153335,82.66037735849056,7
0.05,1855,96,153431,82.66756465517241,6
0.05,1856,94,153525,82.67366720516962,7
0.05,1857,91,153616,82.67814854682454,10
0.05,1858,93,153709,82.68370091447015,8
0.05,1859,94,153803,82.68978494623656,7
0.05,1860,93,153896,82.69532509403547,8
0.05,1861,93,153989,82.70085929108485,9
0.05,1862,92,154081,82.70585077831454,9
0.05,1863,95,154176,82.71244635193133,7
0.05,1864,94,154270,82.71849865951742,7
0.05,1865,93,154363,82.7240085744909,8
0.05,1866,96,154459,82.73111944295661,7
0.05,1867,94,154553,82.73715203426124,7
0.05,1868,95,154648,82.74371321562333,6
0.05,1869,95,154743,82.75026737967914,6
0.05,1870,94,154837,82.75628006413683,7
0.05,1871,96,154933,82.7633547008547,6
0.05,1872,94,155027,82.76935397757609,7
0.05,1873,95,155122,82.77588046958378,6
0.05,1874,95,155217,82.7824,6
0.05,1875,96,155313,82.78944562899787,6
0.05,1876,92,155405,82.79435269046351,9
0.05,1877,93,155498,82.79978700745474,8
0.05,1878,93,155591,82.80521554018095,8
0.05,1879,95,155686,82.81170212765957,7
0.05,1880,95,155781,82.81818181818181,6
0.05,1881,96,155877,82.82518597236982,6
0.05,1882,96,155973,82.83218268720127,6
0.05,1883,96,156069,82.83917197452229,6
0.05,1884,94,156163,82.84509283819628,7
0.05,1885,92,156255,82.84994697773065,9
0.05,1886,94,156349,82.85585585585585,7
0.05,1887,94,156443,82.86175847457628,7
0.05,1888,92,156535,82.86659608258337,9
0.05,1889,94,156629,82.87248677248677,7
0.05,1890,93,156722,82.87784241142253,8
0.05,1891,95,156817,82.88424947145877,7
0.05,1892,94,156911,82.89012150026413,7
0.05,1893,95,157006,82.89651531151003,7
0.05,1894,95,157101,82.90290237467019,6
0.05,1895,93,157194,82.90822784810126,8
0.05,1896,91,157285,82.9124934106484,10
0.05,1897,92,157377,82.9172813487882,9
0.05,1898,95,157472,82.92364402317008,6
0.05,1899,93,157565,82.92894736842105,8
0.05,1900,96,157661,82.93582325092056,6
0.05,1901,90,157751,82.93953732912723,11
0.05,1902,95,157846,82.94587493431425,7
0.05,1903,92,157938,82.95063025210084,9
0.05,1904,95,158033,82.95695538057743,6
0.05,1905,96,158129,82.96379853095488,6
0.05,1906,91,158220,82.96801258521238,10
0.05,1907,94,158314,82.97379454926624,7
0.05,1908,93,158407,82.97904662126768,8
0.05,1909,96,158503,82.98586387434555,6
0.05,1910,94,158597,82.99162742019885,8
0.05,1911,96,158693,82.9984309623431,6
0.05,1912,94,158787,83.0041819132253,7
0.05,1913,94,158881,83.00992685475444,7
0.05,1914,95,158976,83.01618798955613,7
0.05,1915,91,159067,83.02035490605428,10
0.05,1916,90,159157,83.02399582681272,11
0.05,1917,94,159251,83.02971845672576,7
0.05,1918,94,159345,83.03543512245962,7
0.05,1919,94,159439,83.04114583333333,7
0.05,1920,27,159466,83.01197293076522,6
0.05,1921,93,159559,83.0171696149844,8
0.05,1922,95,159654,83.02340093603745,6
0.05,1923,92,159746,83.02806652806653,9
0.05,1924,95,159841,83.03428571428572,6
0.05,1925,95,159936,83.0404984423676,6
0.05,1926,95,160031,83.04670472236637,7
0.05,1927,93,160124,83.05186721991701,8
0.05,1928,96,160220,83.05857957490927,6
0.05,1929,26,160246,83.02901554404146,7
0.05,1930,90,160336,83.03262558259969,11
0.05,1931,-50,160286,82.96376811594203,14
0.05,1932,94,160380,82.96947749612002,7
0.05,1933,96,160476,82.97621509824198,6
0.05,1934,92,160568,82.98087855297157,9
0.05,1935,95,160663,82.9870867768595,6
0.05,1936,92,160755,82.99173980382034,9
0.05,1937,92,160847,82.99638802889577,9
0.05,1938,94,160941,83.00206291903042,8
0.05,1939,94,161035,83.00773195876289,7
0.05,1940,95,161130,83.01391035548686,6
0.05,1941,94,161224,83.01956745623069,7
0.05,1942,94,161318,83.02521873391662,8
0.05,1943,94,161412,83.03086419753086,7
0.05,1944,94,161506,83.03650385604114,7
0.05,1945,96,161602,83.0431654676259,6
0.05,1946,92,161694,83.04776579352851,9
0.05,1947,94,161788,83.05338809034907,7
0.05,1948,96,161884,83.06003078501796,6
0.05,1949,92,161976,83.06461538461538,9
0.05,1950,94,162070,83.07022039979498,7
0.05,1951,92,162162,83.07479508196721,9
0.05,1952,94,162256,83.08038914490527,7
0.05,1953,94,162350,83.08597748208803,7
0.05,1954,88,162438,83.08849104859335,13
0.05,1955,92,162530,83.09304703476482,9
0.05,1956,92,162622,83.09759836484415,9
0.05,1957,23,162645,83.06690500510726,10
0.05,1958,89,162734,83.06993363961205,12
0.05,1959,93,162827,83.075,8
0.05,1960,94,162921,83.08057113717491,7
0.05,1961,93,163014,83.08562691131499,10
0.05,1962,94,163108,83.09118695873663,7
0.05,1963,96,163204,83.09775967413442,6
0.05,1964,90,163294,83.10127226463105,11
0.05,1965,95,163389,83.10732451678535,6
0.05,1966,93,163482,83.11235383833248,8
0.05,1967,93,163575,83.1173780487805,8
0.05,1968,94,163669,83.12290502793296,7
0.05,1969,95,163764,83.12893401015228,6
0.05,1970,93,163857,83.13394216133942,8
0.05,1971,92,163949,83.13843813387425,9
0.05,1972,92,164041,83.14292954891029,9
0.05,1973,93,164134,83.14792299898683,9
0.05,1974,23,164157,83.11746835443039,10
0.05,1975,93,164250,83.12246963562752,8
0.05,1976,92,164342,83.12696004046535,9
0.05,1977,95,164437,83.1329625884732,7
0.05,1978,93,164530,83.13794845881759,8
0.05,1979,92,164622,83.14242424242424,9
0.05,1980,92,164714,83.14689550731954,9
0.05,1981,96,164810,83.15338042381433,6
0.05,1982,94,164904,83.15885022692889,7
0.05,1983,23,164927,83.12852822580645,10
0.05,1984,96,165023,83.13501259445844,6
0.05,1985,94,165117,83.1404833836858,7
0.05,1986,94,165211,83.14594866633115,7
0.05,1987,92,165303,83.15040241448692,9
0.05,1988,94,165397,83.15585721468075,7
0.05,1989,93,165490,83.1608040201005,8
0.05,1990,94,165584,83.16624811652436,7
0.05,1991,94,165678,83.17168674698796,7
0.05,1992,94,165772,83.17711991971902,7
0.05,1993,94,165866,83.18254764292878,7
0.05,1994,96,165962,83.1889724310777,6
0.05,1995,92,166054,83.19338677354709,9
0.05,1996,96,166150,83.19979969954933,6
0.05,1997,92,166242,83.2042042042042,9
0.05,1998,92,166334,83.20860430215107,9
0.05,1999,94,166428,83.214,7
0.05,2000,88,166516,83.21639180409795,13
0.05,2001,93,166609,83.22127872127872,8
0.05,2002,91,166700,83.22516225661508,11
0.05,2003,93,166793,83.23003992015968,8
0.05,2004,96,166889,83.23640897755611,6
0.05,2005,94,166983,83.24177467597208,7
0.05,2006,92,167075,83.2461385151968,9
0.05,2007,92,167167,83.25049800796813,9
0.05,2008,91,167258,83.25435540069687,10
0.05,2009,93,167351,83.2592039800995,8
0.05,2010,27,167378,83.2312282446544,6
0.05,2011,94,167472,83.23658051689861,7
0.05,2012,96,167568,83.24292101341281,6
0.05,2013,93,167661,83.24776564051639,9
0.05,2014,95,167756,83.25359801488834,7
0.05,2015,94,167850,83.25892857142857,7
0.05,2016,94,167944,83.26425384234011,7
0.05,2017,92,168036,83.26858275520317,9
0.05,2018,94,168130,83.27389796929172,7
0.05,2019,86,168216,83.27524752475247,15
0.05,2020,94,168310,83.28055418109847,7
0.05,2021,93,168403,83.28536102868448,8
0.05,2022,92,168495,83.28966880869996,9
0.05,2023,94,168589,83.2949604743083,7
0.05,2024,93,168682,83.29975308641976,8
0.05,2025,94,168776,83.3050345508391,7
0.05,2026,93,168869,83.30981746423285,9
0.05,2027,96,168965,83.31607495069034,6
0.05,2028,96,169061,83.32232626909808,6
0.05,2029,94,169155,83.32758620689656,7
0.05,2030,94,169249,83.33284096504185,7
0.05,2031,89,169338,83.33562992125984,12
0.05,2032,92,169430,83.33989178553861,9
0.05,2033,96,169526,83.34611602753196,6
0.05,2034,93,169619,83.35085995085996,8
0.05,2035,94,169713,83.35609037328095,7
0.05,2036,94,169807,83.36131566028473,7
0.05,2037,92,169899,83.36555446516192,9
0.05,2038,93,169992,83.37027954879844,8
0.05,2039,94,170086,83.37549019607843,7
0.05,2040,94,170180,83.38069573738363,7
0.05,2041,94,170274,83.38589618021547,7
0.05,2042,94,170368,83.3910915320607,7
0.05,2043,92,170460,83.39530332681018,9
0.05,2044,94,170554,83.40048899755502,7
0.05,2045,92,170646,83.40469208211144,9
0.05,2046,92,170738,83.40889106008794,9
0.05,2047,94,170832,83.4140625,8
0.05,2048,94,170926,83.41922889214251,7
0.05,2049,96,171022,83.42536585365853,6
0.05,2050,95,171117,83.43100926377377,6
0.05,2051,92,171209,83.43518518518519,9
0.05,2052,96,171305,83.44130540672187,6
0.05,2053,94,171399,83.44644595910418,7
0.05,2054,94,171493,83.45158150851582,7
0.05,2055,93,171586,83.45622568093385,8
0.05,2056,94,171680,83.46135148274186,7
0.05,2057,96,171776,83.46744412050535,6
0.05,2058,95,171871,83.47304516755706,7
0.05,2059,93,171964,83.47766990291262,8
0.05,2060,95,172059,83.48326055312955,7
0.05,2061,94,172153,83.48836081474296,7
0.05,2062,94,172247,83.49345613184683,7
0.05,2063,94,172341,83.49854651162791,7
0.05,2064,92,172433,83.50266343825666,9
0.05,2065,92,172525,83.50677637947724,9
0.05,2066,86,172611,83.50798258345428,15
0.05,2067,91,172702,83.51160541586073,10
0.05,2068,96,172798,83.5176413726438,6
0.05,2069,92,172890,83.52173913043478,9
0.05,2070,96,172986,83.52776436504104,7
0.05,2071,94,173080,83.53281853281854,7
0.05,2072,92,173172,83.5369030390738,9
0.05,2073,94,173266,83.54194792671167,7
0.05,2074,95,173361,83.54746987951808,7
0.05,2075,96,173457,83.55346820809248,6
0.05,2076,94,173551,83.55849783341358,7
0.05,2077,95,173646,83.56400384985562,6
0.05,2078,95,173741,83.56950456950457,6
0.05,2079,94,173835,83.57451923076923,7
0.05,2080,-53,173782,83.50888995675156,16
0.05,2081,94,173876,83.51392891450529,7
0.05,2082,92,173968,83.51800288046087,9
0.05,2083,92,174060,83.52207293666027,9
0.05,2084,96,174156,83.52805755395683,6
0.05,2085,94,174250,83.53307766059444,7
0.05,2086,96,174346,83.53905126976521,6
0.05,2087,23,174369,83.51005747126437,10
0.05,2088,94,174463,83.51507898516036,7
0.05,2089,92,174555,83.51913875598086,9
0.05,2090,24,174579,83.49067431850789,9
0.05,2091,94,174673,83.49569789674952,7
0.05,2092,96,174769,83.50167224080268,6
0.05,2093,93,174862,83.5062082139446,8
0.05,2094,96,174958,83.51217183770883,6
0.05,2095,89,175047,83.51479007633588,12
0.05,2096,95,175142,83.52026704816404,6
0.05,2097,94,175236,83.5252621544328,7
0.05,2098,91,175327,83.52882324916627,11
0.05,2099,94,175421,83.53380952380952,7
0.05,2100,95,175516,83.53926701570681,6
0.05,2101,26,175542,83.51189343482397,7
0.05,2102,91,175633,83.51545411317166,10
0.05,2103,24,175657,83.48716730038022,9
0.05,2104,94,175751,83.49216152019002,7
0.05,2105,93,175844,83.49667616334283,9
0.05,2106,94,175938,83.5016611295681,7
0.05,2107,96,176034,83.50759013282732,6
0.05,2108,94,176128,83.51256519677572,7
0.05,2109,95,176223,83.51800947867298,6
0.05,2110,95,176318,83.52344860255803,6
0.05,2111,92,176410,83.52746212121212,9
0.05,2112,93,176503,83.53194510175106,8
0.05,2113,94,176597,83.53689687795648,7
0.05,2114,94,176691,83.54184397163121,7
0.05,2115,93,176784,83.54631379962193,8
0.05,2116,88,176872,83.5484175720359,13
0.05,2117,94,176966,83.5533522190746,7
0.05,2118,94,177060,83.55828220858896,7
0.05,2119,90,177150,83.56132075471699,11
0.05,2120,94,177244,83.56624233851957,7
0.05,2121,96,177340,83.57210179076343,6
0.05,2122,94,177434,83.57701365991521,7
0.05,2123,95,177529,83.58239171374764,7
0.05,2124,93,177622,83.58682352941176,8
0.05,2125,90,177712,83.5898400752587,11
0.05,2126,92,177804,83.5937940761636,9
0.05,2127,93,177897,83.59821428571429,8
0.05,2128,93,177990,83.60263034288398,8
0.05,2129,92,178082,83.60657276995305,9
0.05,2130,93,178175,83.61098076020647,8
0.05,2131,92,178267,83.61491557223265,9
0.05,2132,95,178362,83.62025316455696,6
0.05,2133,95,178457,83.62558575445173,6
0.05,2134,95,178552,83.63091334894614,7
0.05,2135,94,178646,83.63576779026218,7
0.05,2136,94,178740,83.64061768834816,7
0.05,2137,96,178836,83.64639850327409,6
0.05,2138,92,178928,83.6503038803179,9
0.05,2139,94,179022,83.65514018691589,7
0.05,2140,93,179115,83.65950490425035,8
0.05,2141,96,179211,83.66526610644257,6
0.05,2142,94,179305,83.67008866075595,7
0.05,2143,96,179401,83.67583955223881,6
0.05,2144,94,179495,83.68065268065268,7
0.05,2145,94,179589,83.68546132339236,7
0.05,2146,93,179682,83.6897997205403,8
0.05,2147,25,179707,83.66247672253259,8
0.05,2148,94,179801,83.66728711028385,7
0.05,2149,95,179896,83.67255813953489,6
0.05,2150,90,179986,83.67549976754998,11
0.05,2151,94,180080,83.68029739776952,7
0.05,2152,95,180175,83.6855550394798,6
0.05,2153,22,180197,83.6569173630455,10
0.05,2154,93,180290,83.66125290023201,8
0.05,2155,96,180386,83.66697588126159,6
0.05,2156,94,180480,83.67176634214186,7
0.05,2157,96,180576,83.67747914735867,6
0.05,2158,92,180668,83.6813339509032,9
0.05,2159,25,180693,83.65416666666667,8
0.05,2160,93,180786,83.65849143914855,8
0.05,2161,92,180878,83.66234967622572,9
0.05,2162,96,180974,83.66805362921868,6
0.05,2163,94,181068,83.6728280961183,7
0.05,2164,96,181164,83.67852193995381,6
0.05,2165,96,181260,83.6842105263158,6
0.05,2166,96,181356,83.68989386248269,6
0.05,2167,95,181451,83.69511070110701,7
0.05,2168,94,181545,83.69986168741356,7
0.05,2169,91,181636,83.70322580645161,10
0.05,2170,94,181730,83.70796867802856,7
0.05,2171,95,181825,83.71316758747697,6
0.05,2172,89,181914,83.71560055223193,12
0.05,2173,94,182008,83.72033118675253,7
0.05,2174,27,182035,83.69425287356322,6
0.05,2175,94,182129,83.69898897058823,7
0.05,2176,22,182151,83.67064768029398,11
0.05,2177,24,182175,83.64325068870524,8
0.05,2178,92,182267,83.64708581918312,9
0.05,2179,94,182361,83.65183486238531,7
0.05,2180,94,182455,83.65657955066483,7
0.05,2181,94,182549,83.66131989000917,7
0.05,2182,93,182642,83.66559780119103,8
0.05,2183,95,182737,83.67078754578755,6
0.05,2184,94,182831,83.67551487414188,7
0.05,2185,93,182924,83.67978042086001,8
0.05,2186,92,183016,83.68358481938729,9
0.05,2187,94,183110,83.68829981718464,8
0.05,2188,94,183204,83.69301050708086,7
0.05,2189,94,183298,83.69771689497716,7
0.05,2190,94,183392,83.70241898676403,7
0.05,2191,93,183485,83.70666058394161,8
0.05,2192,93,183578,83.7108983128135,8
0.05,2193,95,183673,83.71604375569736,7
0.05,2194,94,183767,83.72072892938496,7
0.05,2195,25,183792,83.69398907103825,8
0.05,2196,95,183887,83.69913518434228,6
0.05,2197,93,183980,83.70336669699726,8
0.05,2198,94,184074,83.70804911323329,7
0.05,2199,93,184167,83.71227272727273,8
0.05,2200,91,184258,83.71558382553386,10
0.05,2201,96,184354,83.7211625794732,6
0.05,2202,89,184443,83.72355878347707,12
0.05,2203,96,184539,83.72912885662431,6
0.05,2204,94,184633,83.73378684807257,7
0.05,2205,21,184654,83.70534904805078,12
0.05,2206,93,184747,83.70956048935206,9
0.05,2207,93,184840,83.71376811594203,8
0.05,2208,94,184934,83.71842462652783,7
0.05,2209,95,185029,83.7235294117647,6
0.05,2210,90,185119,83.72636815920399,11
0.05,2211,91,185210,83.72965641952983,10
0.05,2212,95,185305,83.73474920921825,6
0.05,2213,91,185396,83.73803071364047,10
0.05,2214,96,185492,83.74356659142212,6
0.05,2215,95,185587,83.74864620938628,6
0.05,2216,90,185677,83.75146594497068,11
0.05,2217,95,185772,83.75653742110009,7
0.05,2218,94,185866,83.7611536728256,7
0.05,2219,94,185960,83.76576576576576,7
0.05,2220,89,186049,83.76812246735705,12
0.05,2221,95,186144,83.77317731773178,6
0.05,2222,94,186238,83.77777777777777,7
0.05,2223,92,186330,83.78147482014388,9
0.05,2224,94,186424,83.78606741573034,8
0.05,2225,93,186517,83.79020664869722,8
0.05,2226,94,186611,83.79479119892231,7
0.05,2227,92,186703,83.79847396768402,9
0.05,2228,94,186797,83.8030506953791,7
0.05,2229,96,186893,83.8085201793722,6
0.05,2230,94,186987,83.81308830121021,7
0.05,2231,90,187077,83.81586021505376,11
0.05,2232,96,187173,83.82131661442006,6
0.05,2233,25,187198,83.79498657117279,8
0.05,2234,92,187290,83.79865771812081,9
0.05,2235,96,187386,83.804114490161,7
0.05,2236,96,187482,83.8095663835494,6
0.05,2237,93,187575,83.81367292225201,8
0.05,2238,94,187669,83.81822242072354,7
0.05,2239,94,187763,83.82276785714286,8
0.05,2240,96,187859,83.82820169567158,6
0.05,2241,95,187954,83.83318465655664,7
0.05,2242,93,188047,83.8372715113687,8
0.05,2243,96,188143,83.84269162210339,6
0.05,2244,94,188237,83.84721603563474,7
0.05,2245,95,188332,83.85218165627782,6
0.05,2246,92,188424,83.8558077436582,9
0.05,2247,92,188516,83.85943060498221,9
0.05,2248,91,188607,83.86260560248999,10
0.05,2249,94,188701,83.86711111111111,7
0.05,2250,96,188797,83.8725011106175,6
0.05,2251,93,188890,83.8765541740675,8
0.05,2252,92,188982,83.88015978695073,9
0.05,2253,95,189077,83.88509316770187,7
0.05,2254,95,189172,83.890022172949,6
0.05,2255,95,189267,83.89494680851064,6
0.05,2256,93,189360,83.89898094816128,8
0.05,2257,95,189455,83.90389725420727,7
0.05,2258,93,189548,83.90792386011509,8
0.05,2259,95,189643,83.91283185840707,6
0.05,2260,95,189738,83.91773551525874,6
0.05,2261,94,189832,83.92219274977896,7
0.05,2262,92,189924,83.92576226248343,9
0.05,2263,94,190018,83.93021201413427,7
0.05,2264,94,190112,83.93465783664459,7
0.05,2265,93,190205,83.9386584289497,9
0.05,2266,87,190292,83.94000882223203,14
0.05,2267,94,190386,83.94444444444444,7
0.05,2268,96,190482,83.94975760246805,6
0.05,2269,94,190576,83.95418502202644,7
0.05,2270,95,190671,83.95904887714663,7
0.05,2271,95,190766,83.96390845070422,6
0.05,2272,94,190860,83.96832380114387,7
0.05,2273,23,190883,83.9415127528584,10
0.05,2274,93,190976,83.94549450549451,8
0.05,2275,26,191002,83.92003514938489,6
0.05,2276,27,191029,83.89503732981994,6
0.05,2277,96,191125,83.90035118525022,6
0.05,2278,94,191219,83.90478279947345,7
0.05,2279,94,191313,83.90921052631579,8
0.05,2280,90,191403,83.91188075405523,11
0.05,2281,95,191498,83.91673970201578,6
0.05,2282,92,191590,83.92028033289532,9
0.05,2283,94,191684,83.92469352014011,8
0.05,2284,94,191778,83.92910284463895,7
0.05,2285,94,191872,83.93350831146107,7
0.05,2286,93,191965,83.93747267162222,8
0.05,2287,91,192056,83.94055944055944,10
0.05,2288,91,192147,83.94364351245085,10
0.05,2289,94,192241,83.94803493449781,7
0.05,2290,91,192332,83.9511130510694,10
0.05,2291,93,192425,83.95506108202443,8
0.05,2292,94,192519,83.95944177932839,7
0.05,2293,92,192611,83.96294681778552,9
0.05,2294,91,192702,83.96601307189542,10
0.05,2295,92,192794,83.96951219512195,9
0.05,2296,96,192890,83.97474967348715,6
0.05,2297,94,192984,83.97911227154047,7
0.05,2298,95,193079,83.98390604610701,6
0.05,2299,96,193175,83.98913043478261,7
0.05,2300,95,193270,83.99391568883094,7
0.05,2301,95,193365,83.998696785404,6
0.05,2302,94,193459,84.0030395136778,7
0.05,2303,96,193555,84.00824652777777,6
0.05,2304,95,193650,84.01301518438179,6
0.05,2305,95,193745,84.01777970511709,6
0.05,2306,96,193841,84.0229735587343,6
0.05,2307,95,193936,84.02772963604853,7
0.05,2308,94,194030,84.03204850584669,7
0.05,2309,90,194120,84.03463203463204,11
0.05,2310,93,194213,84.03851146689745,8
0.05,2311,94,194307,84.04282006920415,7
0.05,2312,88,194395,84.04453091223519,13
0.05,2313,92,194487,84.04796888504754,9
0.05,2314,95,194582,84.05269978401728,7
0.05,2315,93,194675,84.05656303972366,8
0.05,2316,95,194770,84.06128614587828,7
0.05,2317,92,194862,84.06471095772217,9
0.05,2318,95,194957,84.0694264769297,6
0.05,2319,95,195052,84.07413793103449,7
0.05,2320,23,195075,84.04782421370099,10
0.05,2321,91,195166,84.05081826012058,10
0.05,2322,94,195260,84.05510116229014,7
0.05,2323,96,195356,84.06024096385542,6
0.05,2324,91,195447,84.06322580645161,10
0.05,2325,92,195539,84.06663800515908,9
0.05,2326,96,195635,84.07176622260421,6
0.05,2327,94,195729,84.07603092783505,7
0.05,2328,94,195823,84.08029197080292,7
0.05,2329,93,195916,84.08412017167382,8
0.05,2330,95,196011,84.08880308880309,7
0.05,2331,96,196107,84.09391080617496,6
0.05,2332,94,196201,84.09815687955422,7
0.05,2333,92,196293,84.10154241645245,10
0.05,2334,96,196389,84.1066381156317,6
0.05,2335,95,196484,84.11130136986301,6
0.05,2336,93,196577,84.11510483525888,8
0.05,2337,93,196670,84.11890504704876,8
0.05,2338,96,196766,84.12398460880718,6
0.05,2339,96,196862,84.12905982905983,6
0.05,2340,91,196953,84.13199487398548,10
0.05,2341,94,197047,84.13620836891546,7
0.05,2342,19,197066,84.10840802390098,14
0.05,2343,96,197162,84.11348122866895,6
0.05,2344,96,197258,84.1185501066098,6
0.05,2345,93,197351,84.12233589087809,8
0.05,2346,94,197445,84.12654452492544,7
0.05,2347,96,197541,84.13160136286201,6
0.05,2348,95,197636,84.13622818220519,6
0.05,2349,27,197663,84.11191489361703,6
0.05,2350,92,197755,84.11527009783072,9
0.05,2351,91,197846,84.11819727891157,10
0.05,2352,94,197940,84.1223969400765,7
0.05,2353,93,198033,84.12616822429906,8
0.05,2354,93,198126,84.12993630573249,8
0.05,2355,94,198220,84.13412563667232,7
0.05,2356,93,198313,84.13788714467543,8
0.05,2357,95,198408,84.14249363867684,6
0.05,2358,94,198502,84.14667231877914,8
0.05,2359,94,198596,84.15084745762712,8
0.05,2360,92,198688,84.15417196103346,9
0.05,2361,27,198715,84.12997459779848,6
0.05,2362,92,198807,84.13330512060939,9
0.05,2363,94,198901,84.13747884940778,8
0.05,2364,93,198994,84.14122621564482,8
0.05,2365,96,199090,84.1462383770076,7
0.05,2366,93,199183,84.14997887621462,8
0.05,2367,94,199277,84.15413851351352,7
0.05,2368,93,199370,84.15787252005066,8
0.05,2369,95,199465,84.16244725738396,7
0.05,2370,94,199559,84.16659637283847,7
0.05,2371,94,199653,84.17074198988196,7
0.05,2372,93,199746,84.17446270543616,8
0.05,2373,93,199839,84.1781802864364,8
0.05,2374,96,199935,84.18315789473684,6
0.05,2375,96,200031,84.18813131313131,6
0.05,2376,94,200125,84.19225915018932,7
0.05,2377,25,200150,84.16736753574432,8
0.05,2378,95,200245,84.17192097519967,7
0.05,2379,93,200338,84.17563025210085,8
0.05,2380,94,200432,84.17975640487191,7
0.05,2381,95,200527,84.18429890848027,7
0.05,2382,93,200620,84.18799832144356,8
0.05,2383,94,200714,84.19211409395973,7
0.05,2384,95,200809,84.19664570230609,6
0.05,2385,93,200902,84.20033528918692,10
0.05,2386,93,200995,84.20402178466695,8
0.05,2387,93,201088,84.20770519262982,8
0.05,2388,94,201182,84.21180410213478,7
0.05,2389,95,201277,84.2163179916318,6
0.05,2390,91,201368,84.21915516520285,10
0.05,2391,94,201462,84.22324414715719,7
0.05,2392,95,201557,84.22774759715838,6
0.05,2393,96,201653,84.23266499582289,6
0.05,2394,93,201746,84.23632567849687,8
0.05,2395,95,201841,84.24081803005008,7
0.05,2396,94,201935,84.24488944513976,7
0.05,2397,24,201959,84.21976647206004,9
0.05,2398,94,202053,84.22384326802835,7
0.05,2399,94,202147,84.22791666666667,7
0.05,2400,96,202243,84.23281965847563,6
0.05,2401,95,202338,84.23730224812657,6
0.05,2402,94,202432,84.24136496046609,7
0.05,2403,95,202527,84.24584026622296,7
0.05,2404,22,202549,84.21995841995842,11
0.05,2405,94,202643,84.22402327514547,7
0.05,2406,92,202735,84.22725384295804,9
0.05,2407,94,202829,84.23131229235881,7
0.05,2408,95,202924,84.23578248235782,6
0.05,2409,94,203018,84.23983402489627,8
0.05,2410,89,203107,84.24180837826628,12
0.05,2411,93,203200,84.24543946932006,9
0.05,2412,95,203295,84.24989639452963,8
0.05,2413,95,203390,84.25434962717482,6
0.05,2414,94,203484,84.2583850931677,7
0.05,2415,94,203578,84.26241721854305,7
0.05,2416,93,203671,84.26603227141084,9
0.05,2417,96,203767,84.27088502894955,6
0.05,2418,95,203862,84.27532038032244,6
0.05,2419,94,203956,84.2793388429752,7
0.05,2420,94,204050,84.28335398595621,7
0.05,2421,95,204145,84.28777869529314,7
0.05,2422,96,204241,84.29261246388774,6
0.05,2423,92,204333,84.29579207920793,9
0.05,2424,96,204429,84.30061855670102,6
0.05,2425,93,204522,84.30420445177246,8
0.05,2426,94,204616,84.30819942315615,7
0.05,2427,93,204709,84.31177924217462,8
0.05,2428,94,204803,84.31576780568135,7
0.05,2429,93,204896,84.31934156378601,9
0.05,2430,92,204988,84.32250102838339,9
0.05,2431,92,205080,84.32565789473684,9
0.05,2432,95,205175,84.33004521167283,6
0.05,2433,95,205270,84.33442892358258,6
0.05,2434,94,205364,84.33839835728953,9
0.05,2435,94,205458,84.3423645320197,8
0.05,2436,93,205551,84.3459171112023,8
0.05,2437,24,205575,84.32116488925348,9
0.05,2438,93,205668,84.32472324723247,8
0.05,2439,96,205764,84.3295081967213,6
0.05,2440,94,205858,84.33346988938959,7
0.05,2441,92,205950,84.33660933660934,9
0.05,2442,96,206046,84.34138354482194,6
0.05,2443,90,206136,84.34369885433715,11
0.05,2444,89,206225,84.34560327198363,12
0.05,2445,95,206320,84.34995911692559,6
0.05,2446,92,206412,84.35308541070698,9
0.05,2447,94,206506,84.35702614379085,7
0.05,2448,96,206602,84.36178031849735,6
0.05,2449,95,206697,84.3661224489796,6
0.05,2450,91,206788,84.3688290493676,10
0.05,2451,93,206881,84.37234910277324,8
0.05,2452,96,206977,84.37708927843457,6
0.05,2453,96,207073,84.38182559087204,6
0.05,2454,91,207164,84.38452138492872,10
0.05,2455,96,207260,84.38925081433224,6
0.05,2456,95,207355,84.3935693935694,6
0.05,2457,92,207447,84.3966639544345,9
0.05,2458,96,207543,84.4013826758845,6
0.05,2459,95,207638,84.40569105691057,6
0.05,2460,94,207732,84.4095895977245,7
0.05,2461,95,207827,84.41389114541023,6
0.05,2462,96,207923,84.4185952090946,6
0.05,2463,94,208017,84.42248376623377,7
0.05,2464,96,208113,84.42718052738337,6
0.05,2465,93,208206,84.43065693430657,8
0.05,2466,94,208300,84.4345358735306,7
0.05,2467,94,208394,84.43841166936791,7
0.05,2468,93,208487,84.44187930336169,8
0.05,2469,95,208582,84.44615384615385,7
0.05,2470,93,208675,84.4496155402671,8
0.05,2471,94,208769,84.4534789644013,7
0.05,2472,96,208865,84.45814799838253,7
0.05,2473,95,208960,84.4624090541633,7
0.05,2474,91,209051,84.4650505050505,10
0.05,2475,94,209145,84.468901453958,7
0.05,2476,95,209240,84.47315300767058,6
0.05,2477,95,209335,84.4774011299435,6
0.05,2478,94,209429,84.48124243646632,7
0.05,2479,94,209523,84.48508064516129,8
0.05,2480,92,209615,84.48810963321242,9
0.05,2481,92,209707,84.4911361804996,9
0.05,2482,94,209801,84.49496576721708,7
0.05,2483,95,209896,84.49919484702093,6
0.05,2484,94,209990,84.50301810865191,7
0.05,2485,94,210084,84.50683829444891,8
0.05,2486,85,210169,84.50703659026941,16
0.05,2487,90,210259,84.50924437299035,11
0.05,2488,95,210354,84.51345922057051,6
0.05,2489,94,210448,84.51726907630523,7
0.05,2490,96,210544,84.52187876354877,6
0.05,2491,96,210640,84.52648475120385,7
0.05,2492,26,210666,84.50300842358604,7
0.05,2493,94,210760,84.50681635926223,8
0.05,2494,91,210851,84.50941883767536,10
0.05,2495,94,210945,84.51322115384616,7
0.05,2496,94,211039,84.51702042450941,8
0.05,2497,92,211131,84.52001601281025,9
0.05,2498,96,211227,84.52460984393757,6
0.05,2499,92,211319,84.5276,9
0.05,2500,94,211413,84.53138744502199,7
0.05,2501,24,211437,84.50719424460432,9
0.05,2502,20,211457,84.4814222932481,12
0.05,2503,94,211551,84.48522364217253,7
0.05,2504,96,211647,84.48982035928144,6
0.05,2505,92,211739,84.4928172386273,9
0.05,2506,90,211829,84.49501396090946,11
0.05,2507,90,211919,84.49720893141946,11
0.05,2508,95,212014,84.50139497807892,6
0.05,2509,96,212110,84.50597609561753,6
0.05,2510,93,212203,84.50935882118678,8
0.05,2511,93,212296,84.51273885350318,8
0.05,2512,96,212392,84.51730998806208,6
0.05,2513,95,212487,84.52147971360382,6
0.05,2514,94,212581,84.52524850894632,7
0.05,2515,94,212675,84.52901430842607,7
0.05,2516,96,212771,84.53357171235598,6
0.05,2517,95,212866,84.53772835583797,7
0.05,2518,94,212960,84.5414847161572,7
0.05,2519,94,213054,84.54523809523809,7
0.05,2520,95,213149,84.54938516461722,6
0.05,2521,91,213240,84.55194290245836,10
0.05,2522,93,213333,84.55529131985732,8
0.05,2523,95,213428,84.5594294770206,6
0.05,2524,92,213520,84.56237623762377,9
0.05,2525,95,213615,84.56650831353919,6
0.05,2526,95,213710,84.57063711911357,6
0.05,2527,93,213803,84.57397151898734,8
0.05,2528,94,213897,84.57769869513642,7
0.05,2529,94,213991,84.58142292490119,7
0.05,2530,94,214085,84.58514421177401,7
0.05,2531,93,214178,84.58846761453397,8
0.05,2532,95,214273,84.59257797078563,6
0.05,2533,93,214366,84.59589581689029,9
0.05,2534,93,214459,84.5992110453649,9
0.05,2535,27,214486,84.57649842271293,6
0.05,2536,89,214575,84.57824201813165,12
0.05,2537,95,214670,84.58234830575256,6
0.05,2538,96,214766,84.58684521465143,6
0.05,2539,94,214860,84.59055118110236,9
0.05,2540,94,214954,84.59425423061786,7
0.05,2541,94,215048,84.59795436664044,7
0.05,2542,93,215141,84.60125835627213,8
0.05,2543,27,215168,84.57861635220125,6
0.05,2544,95,215263,84.58271119842829,6
0.05,2545,93,215356,84.586017282011,8
0.05,2546,91,215447,84.58853553199843,10
0.05,2547,91,215538,84.59105180533751,10
0.05,2548,95,215633,84.59513534719498,6
0.05,2549,94,215727,84.59882352941176,7
0.05,2550,96,215823,84.60329282634261,6
0.05,2551,95,215918,84.60736677115987,6
0.05,2552,96,216014,84.61182922052487,6
0.05,2553,96,216110,84.61628817541111,6
0.05,2554,95,216205,84.62035225048923,7
0.05,2555,95,216300,84.6244131455399,6
0.05,2556,96,216396,84.62886194759484,6
0.05,2557,96,216492,84.63330727130571,6
0.05,2558,95,216587,84.63735834310278,6
0.05,2559,96,216683,84.641796875,6
0.05,2560,95,216778,84.6458414681765,6
0.05,2561,94,216872,84.64949258391881,8
0.05,2562,95,216967,84.65353101833789,7
0.05,2563,94,217061,84.65717628705148,8
0.05,2564,95,217156,84.66120857699805,7
0.05,2565,92,217248,84.66406858924395,9
0.05,2566,95,217343,84.66809505259057,6
0.05,2567,94,217437,84.67172897196262,8
0.05,2568,93,217530,84.67497080576099,8
0.05,2569,96,217626,84.67937743190662,6
0.05,2570,96,217722,84.68378063010502,6
0.05,2571,96,217818,84.68818040435458,6
0.05,2572,95,217913,84.69218810726778,7
0.05,2573,95,218008,84.6961926961927,8
0.05,2574,92,218100,84.69902912621359,9
0.05,2575,95,218195,84.70302795031056,6
0.05,2576,94,218289,84.70663562281723,7
0.05,2577,95,218384,84.71062839410396,6
0.05,2578,93,218477,84.71384257464133,8
0.05,2579,27,218504,84.69147286821705,6
0.05,2580,96,218600,84.69585432003099,6
0.05,2581,89,218689,84.69752130131681,12
0.05,2582,92,218781,84.70034843205575,10
0.05,2583,96,218877,84.70472136222911,6
0.05,2584,93,218970,84.70793036750483,8
0.05,2585,92,219062,84.7107501933488,10
0.05,2586,93,219155,84.71395438732122,8
0.05,2587,95,219250,84.7179289026275,6
0.05,2588,93,219343,84.72112784859019,8
0.05,2589,91,219434,84.72355212355212,10
0.05,2590,94,219528,84.72713238131995,7
0.05,2591,94,219622,84.73070987654322,7
0.05,2592,-46,219576,84.68029309679908,9
0.05,2593,92,219668,84.68311488049345,10
0.05,2594,92,219760,84.6859344894027,9
0.05,2595,95,219855,84.68990755007704,6
0.05,2596,93,219948,84.69310743165191,8
0.05,2597,94,220042,84.69668976135489,7
0.05,2598,25,220067,84.673720661793,8
0.05,2599,92,220159,84.67653846153846,9
0.05,2600,-47,220112,84.62591311034218,10
0.05,2601,94,220206,84.62951575710991,7
0.05,2602,94,220300,84.63311563580484,7
0.05,2603,90,220390,84.63517665130568,11
0.05,2604,95,220485,84.63915547024952,7
0.05,2605,20,220505,84.61435149654643,13
0.05,2606,92,220597,84.61718450326045,9
0.05,2607,94,220691,84.62078220858896,7
0.05,2608,94,220785,84.62437715599847,8
0.05,2609,91,220876,84.62681992337164,10
0.05,2610,96,220972,84.63117579471466,6
0.05,2611,95,221067,84.63514548238898,7
0.05,2612,24,221091,84.61194029850746,9
0.05,2613,94,221185,84.61553175210406,7
0.05,2614,94,221279,84.61912045889102,7
0.05,2615,27,221306,84.59709480122324,6
0.05,2616,94,221400,84.60068781047,8
0.05,2617,91,221491,84.60313216195568,10
0.05,2618,93,221584,84.60633829705995,8
0.05,2619,94,221678,84.60992366412214,7
0.05,2620,94,221772,84.61350629530713,7
0.05,2621,92,221864,84.61632341723875,9
0.05,2622,93,221957,84.61951963400686,8
0.05,2623,92,222049,84.62233231707317,9
0.05,2624,95,222144,84.62628571428571,6
0.05,2625,96,222240,84.63061690784463,6
0.05,2626,94,222334,84.6341834792539,7
0.05,2627,96,222430,84.63850837138509,6
0.05,2628,94,222524,84.64206922784328,7
0.05,2629,88,222612,84.64334600760456,13
0.05,2630,95,222707,84.64728240212847,7
0.05,2631,96,222803,84.65159574468085,7
0.05,2632,95,222898,84.65552601595138,6
0.05,2633,93,222991,84.6586940015186,9
0.05,2634,92,223083,84.66148007590132,9
0.05,2635,95,223178,84.66540212443095,6
0.05,2636,94,223272,84.66894197952219,7
0.05,2637,94,223366,84.67247915087188,7
0.05,2638,91,223457,84.67487684729063,10
0.05,2639,92,223549,84.67765151515151,9
0.05,2640,95,223644,84.68156001514578,8
0.05,2641,95,223739,84.68546555639666,6
0.05,2642,93,223832,84.68861142640938,8
0.05,2643,94,223926,84.69213313161876,7
0.05,2644,95,224021,84.6960302457467,7
0.05,2645,95,224116,84.69992441421013,6
0.05,2646,94,224210,84.70343785417454,7
0.05,2647,96,224306,84.70770392749245,6
0.05,2648,95,224401,84.7115892789732,7
0.05,2649,95,224496,84.7154716981132,7
0.05,2650,94,224590,84.718973972086,7
0.05,2651,94,224684,84.72247360482655,9
0.05,2652,92,224776,84.72521673577083,9
0.05,2653,94,224870,84.7287113790505,7
0.05,2654,93,224963,84.73182674199623,8
0.05,2655,95,225058,84.73569277108433,6
0.05,2656,94,225152,84.73917952578095,7
0.05,2657,95,225247,84.74303987960873,7
0.05,2658,96,225343,84.74727341105678,6
0.05,2659,96,225439,84.7515037593985,7
0.05,2660,95,225534,84.75535512965051,6
0.05,2661,94,225628,84.7588279489106,7
0.05,2662,93,225721,84.761922643635,8
0.05,2663,96,225817,84.76614114114115,6
0.05,2664,27,225844,84.74446529080676,6
0.05,2665,95,225939,84.74831207801951,6
0.05,2666,21,225960,84.7244094488189,12
0.05,2667,92,226052,84.7271364317841,9
0.05,2668,93,226145,84.73023604346197,9
0.05,2669,94,226239,84.73370786516854,7
0.05,2670,91,226330,84.73605391239236,10
0.05,2671,94,226424,84.73952095808383,7
0.05,2672,25,226449,84.71717171717172,8
0.05,2673,92,226541,84.71989528795811,9
0.05,2674,96,226637,84.72411214953271,6
0.05,2675,95,226732,84.72795216741405,7
0.05,2676,96,226828,84.73216286888308,6
0.05,2677,96,226924,84.73637042569081,6
0.05,2678,93,227017,84.73945502053004,8
0.05,2679,92,227109,84.74216417910448,9
0.05,2680,94,227203,84.745617306975,8
0.05,2681,96,227299,84.74981357196123,6
0.05,2682,95,227394,84.75363399180023,7
0.05,2683,92,227486,84.75633383010432,9
0.05,2684,96,227582,84.76052141527002,6
0.05,2685,96,227678,84.76470588235294,6
0.05,2686,95,227773,84.76851507257165,7
0.05,2687,94,227867,84.7719494047619,7
0.05,2688,91,227958,84.77426552621793,10
0.05,2689,25,227983,84.75204460966543,8
0.05,2690,95,228078,84.75585284280936,6
0.05,2691,96,228174,84.76002971768202,6
0.05,2692,95,228269,84.76383215744522,6
0.05,2693,19,228288,84.73942093541203,13
0.05,2694,94,228382,84.74285714285715,7
0.05,2695,96,228478,84.74703264094956,6
0.05,2696,94,228572,84.75046347793845,7
0.05,2697,95,228667,84.75426241660489,7
0.05,2698,96,228763,84.75842904779547,6
0.05,2699,95,228858,84.76222222222222,6
0.05,2700,93,228951,84.76527212143651,8
0.05,2701,95,229046,84.76905995558845,6
0.05,2702,96,229142,84.7732149463559,6
0.05,2703,94,229236,84.7766272189349,7
0.05,2704,93,229329,84.77966728280961,8
0.05,2705,94,229423,84.7830746489283,7
0.05,2706,96,229519,84.78721832286664,6
0.05,2707,24,229543,84.76477104874446,9
0.05,2708,24,229567,84.74234034699151,9
0.05,2709,95,229662,84.7461254612546,6
0.05,2710,90,229752,84.74806344522317,11
0.05,2711,93,229845,84.75110619469027,8
0.05,2712,94,229939,84.7545152967195,7
0.05,2713,96,230035,84.75865880619013,6
0.05,2714,94,230129,84.76206261510129,7
0.05,2715,93,230222,84.76509572901325,8
0.05,2716,91,230313,84.76739050423261,10
0.05,2717,95,230408,84.77115526122148,6
0.05,2718,95,230503,84.7749172489886,6
0.05,2719,94,230597,84.77830882352941,7
0.05,2720,94,230691,84.78169790518191,7
0.05,2721,93,230784,84.78471711976488,8
0.05,2722,93,230877,84.78773411678296,8
0.05,2723,94,230971,84.79111600587372,7
0.05,2724,96,231067,84.79522935779816,6
0.05,2725,94,231161,84.79860601614087,7
0.05,2726,93,231254,84.8016134946828,9
0.05,2727,22,231276,84.77859237536657,10
0.05,2728,92,231368,84.78123854891902,9
0.05,2729,95,231463,84.78498168498169,6
0.05,2730,95,231558,84.78872207982424,7
0.05,2731,94,231652,84.79209370424597,7
0.05,2732,96,231748,84.79619465788511,6
0.05,2733,94,231842,84.79956108266276,7
0.05,2734,95,231937,84.80329067641682,6
0.05,2735,93,232030,84.80628654970761,8
0.05,2736,93,232123,84.80928023383267,8
0.05,2737,24,232147,84.78707085463843,9
0.05,2738,94,232241,84.79043446513326,7
0.05,2739,90,232331,84.79233576642336,11
0.05,2740,92,232423,84.79496534111638,9
0.05,2741,94,232517,84.79832239241429,7
0.05,2742,93,232610,84.80131243164419,8
0.05,2743,96,232706,84.80539358600583,6
0.05,2744,93,232799,84.80837887067395,9
0.05,2745,93,232892,84.81136198106337,8
0.05,2746,94,232986,84.81470695303967,7
0.05,2747,22,233008,84.79184861717613,10
0.05,2748,94,233102,84.79519825391051,7
0.05,2749,93,233195,84.79818181818182,8
0.05,2750,94,233289,84.80152671755725,7
0.05,2751,96,233385,84.80559593023256,6
0.05,2752,94,233479,84.808935706502,7
0.05,2753,95,233574,84.81263616557735,7
0.05,2754,93,233667,84.81560798548094,9
0.05,2755,95,233762,84.81930333817127,6
0.05,2756,93,233855,84.82227058396808,8
0.05,2757,89,233944,84.82378535170413,12
0.05,2758,94,234038,84.82711127220007,7
0.05,2759,94,234132,84.83043478260869,7
0.05,2760,94,234226,84.83375588554871,7
0.05,2761,93,234319,84.83671252715423,8
0.05,2762,95,234414,84.84039087947883,6
0.05,2763,92,234506,84.84298118668596,9
0.05,2764,92,234598,84.84556962025316,9
0.05,2765,96,234694,84.84960231381055,6
0.05,2766,94,234788,84.85290928803758,7
0.05,2767,95,234883,84.85657514450867,6
0.05,2768,96,234979,84.86059949440231,6
0.05,2769,94,235073,84.86389891696751,7
0.05,2770,93,235166,84.86683507758931,8
0.05,2771,92,235258,84.86940836940838,9
0.05,2772,96,235354,84.8734222863325,6
0.05,2773,92,235446,84.8759913482336,9
0.05,2774,93,235539,84.87891891891891,8
0.05,2775,94,235633,84.882204610951,7
0.05,2776,94,235727,84.88548793662225,7
0.05,2777,93,235820,84.88840892728582,8
0.05,2778,93,235913,84.89132781576106,8
0.05,2779,94,236007,84.89460431654676,7
0.05,2780,95,236102,84.89823804386911,6
0.05,2781,94,236196,84.90150970524802,7
0.05,2782,91,236287,84.90370104204096,10
0.05,2783,94,236381,84.9069683908046,7
0.05,2784,94,236475,84.91023339317773,7
0.05,2785,93,236568,84.91313711414215,8
0.05,2786,93,236661,84.91603875134554,8
0.05,2787,90,236751,84.91786226685797,11
0.05,2788,92,236843,84.9204015776264,9
0.05,2789,96,236939,84.92437275985662,6
0.05,2790,-53,236886,84.87495521318523,17
0.05,2791,94,236980,84.878223495702,7
0.05,2792,94,237074,84.88148943788042,7
0.05,2793,25,237099,84.86005726556908,8
0.05,2794,94,237193,84.86332737030412,7
0.05,2795,94,237287,84.86659513590844,7
0.05,2796,95,237382,84.87021809081159,7
0.05,2797,95,237477,84.87383845604003,6
0.05,2798,94,237571,84.87709896391569,7
0.05,2799,95,237666,84.88071428571429,6
0.05,2800,94,237760,84.88397001071046,7
0.05,2801,95,237855,84.88758029978587,6
0.05,2802,94,237949,84.89083125222976,7
0.05,2803,92,238041,84.89336661911555,9
0.05,2804,94,238135,84.89661319073083,7
0.05,2805,95,238230,84.90021382751247,6
0.05,2806,96,238326,84.90416815105094,6
0.05,2807,94,238420,84.9074074074074,7
0.05,2808,94,238514,84.91064435742257,7
0.05,2809,96,238610,84.91459074733096,6
0.05,2810,93,238703,84.91746709356102,8
0.05,2811,94,238797,84.92069701280228,7
0.05,2812,94,238891,84.92392463562034,7
0.05,2813,27,238918,84.90334044065388,6
0.05,2814,94,239012,84.90657193605684,7
0.05,2815,96,239108,84.91051136363636,6
0.05,2816,94,239202,84.91373801916933,7
0.05,2817,94,239296,84.91696238466997,7
0.05,2818,94,239390,84.92018446257538,7
0.05,2819,96,239486,84.92411347517731,6
0.05,2820,94,239580,84.92733073378234,7
0.05,2821,96,239676,84.93125442948264,6
0.05,2822,93,239769,84.93411264612115,8
0.05,2823,93,239862,84.93696883852691,8
0.05,2824,24,239886,84.9153982300885,9
0.05,2825,93,239979,84.91825902335457,8
0.05,2826,94,240073,84.92147152458436,7
0.05,2827,23,240096,84.8995756718529,9
0.05,2828,94,240190,84.90279250618593,7
0.05,2829,94,240284,84.9060070671378,7
0.05,2830,90,240374,84.90780642882373,11
0.05,2831,92,240466,84.91031073446328,9
0.05,2832,95,240561,84.91387222026121,6
0.05,2833,92,240653,84.91637261820748,9
0.05,2834,27,240680,84.89594356261023,6
0.05,2835,95,240775,84.89950634696756,7
0.05,2836,95,240870,84.90306661966866,6
0.05,2837,91,240961,84.90521494009866,10
0.05,2838,93,241054,84.90806622050017,8
0.05,2839,95,241149,84.91161971830986,6
0.05,2840,96,241245,84.9155227032735,6
0.05,2841,95,241340,84.91907107670654,6
0.05,2842,94,241434,84.92226521280338,7
0.05,2843,94,241528,84.9254571026723,7
0.05,2844,93,241621,84.92829525483305,8
0.05,2845,92,241713,84.93078004216444,9
0.05,2846,94,241807,84.93396557780119,7
0.05,2847,95,241902,84.9375,7
0.05,2848,94,241996,84.94068094068093,7
0.05,2849,93,242089,84.94350877192983,8
0.05,2850,96,242185,84.94738688179586,6
0.05,2851,94,242279,84.95056100981768,8
0.05,2852,94,242373,84.95373291272345,7
0.05,2853,93,242466,84.95655220742817,8
0.05,2854,94,242560,84.95971978984238,7
0.05,2855,90,242650,84.96148459383754,11
0.05,2856,95,242745,84.9649982499125,6
0.05,2857,94,242839,84.96815955213437,7
0.05,2858,94,242933,84.97131864288212,7
0.05,2859,92,243025,84.97377622377623,9
0.05,2860,93,243118,84.97658161481999,8
0.05,2861,92,243210,84.979035639413,9
0.05,2862,94,243304,84.98218651763884,7
0.05,2863,94,243398,84.98533519553072,7
0.05,2864,94,243492,84.98848167539268,7
0.05,2865,93,243585,84.99127704117237,8
0.05,2866,94,243679,84.99441925357516,7
0.05,2867,96,243775,84.99825662482566,6
0.05,2868,93,243868,85.0010456605089,8
0.05,2869,93,243961,85.00383275261323,8
0.05,2870,94,244055,85.00696621386277,7
0.05,2871,94,244149,85.01009749303621,7
0.05,2872,94,244243,85.01322659241211,7
0.05,2873,95,244338,85.01670146137788,6
0.05,2874,96,244434,85.02052173913043,6
0.05,2875,94,244528,85.02364394993046,7
0.05,2876,90,244618,85.02537365311088,11
0.05,2877,96,244714,85.02918693537178,6
0.05,2878,92,244806,85.03160819729072,9
0.05,2879,94,244900,85.03472222222223,8
0.05,2880,95,244995,85.03818118708782,6
0.05,2881,95,245090,85.04163775156141,6
0.05,2882,93,245183,85.04439819632327,8
0.05,2883,94,245277,85.04750346740639,7
0.05,2884,92,245369,85.04991334488734,9
0.05,2885,94,245463,85.05301455301455,7
0.05,2886,94,245557,85.0561136127468,7
0.05,2887,94,245651,85.0592105263158,7
0.05,2888,93,245744,85.0619591554171,8
0.05,2889,93,245837,85.06470588235294,8
0.05,2890,96,245933,85.06848841231408,6
0.05,2891,22,245955,85.04668049792531,11
0.05,2892,94,246049,85.0497753197373,7
0.05,2893,94,246143,85.05286800276434,7
0.05,2894,94,246237,85.0559585492228,7
0.05,2895,94,246331,85.05904696132596,7
0.05,2896,95,246426,85.06247842595789,6
0.05,2897,95,246521,85.06590752242926,6
0.05,2898,27,246548,85.04587788892722,6
0.05,2899,95,246643,85.04931034482759,7
0.05,2900,95,246738,85.05274043433299,6
0.05,2901,92,246830,85.0551343900758,10
0.05,2902,95,246925,85.0585601102308,7
0.05,2903,95,247020,85.06198347107438,7
0.05,2904,94,247114,85.06506024096386,7
0.05,2905,96,247210,85.06882312456986,6
0.05,2906,93,247303,85.07155142758857,8
0.05,2907,92,247395,85.07393397524072,9
0.05,2908,92,247487,85.07631488484014,10
0.05,2909,92,247579,85.0786941580756,9
0.05,2910,93,247672,85.08141532119546,9
0.05,2911,94,247766,85.08447802197803,7
0.05,2912,94,247860,85.0875386199794,7
0.05,2913,93,247953,85.09025394646534,8
0.05,2914,96,248049,85.09399656946827,6
0.05,2915,87,248136,85.09465020576131,14
0.05,2916,94,248230,85.09770311964347,7
0.05,2917,93,248323,85.10041124057574,8
0.05,2918,92,248415,85.10277492291881,9
0.05,2919,96,248511,85.10650684931507,7
0.05,2920,95,248606,85.10989387196166,6
0.05,2921,95,248701,85.1132785763176,6
0.05,2922,93,248794,85.1159767362299,8
0.05,2923,95,248889,85.11935704514364,6
0.05,2924,95,248984,85.12273504273504,7
0.05,2925,93,249077,85.12542720437457,8
0.05,2926,91,249168,85.12743423300307,10
0.05,2927,93,249261,85.13012295081967,8
0.05,2928,94,249355,85.1331512461591,8
0.05,2929,95,249450,85.13651877133105,7
0.05,2930,90,249540,85.1381780962129,11
0.05,2931,24,249564,85.11732605729877,9
0.05,2932,94,249658,85.12035458574839,7
0.05,2933,94,249752,85.12338104976142,8
0.05,2934,94,249846,85.12640545144804,7
0.05,2935,95,249941,85.12976839237058,6
0.05,2936,92,250033,85.13210759278175,9
0.05,2937,92,250125,85.13444520081688,9
0.05,2938,95,250220,85.13780197346036,6
0.05,2939,96,250316,85.14149659863945,6
0.05,2940,95,250411,85.14484869092145,6
0.05,2941,95,250506,85.14819850441876,9
0.05,2942,94,250600,85.15120625212369,7
0.05,2943,96,250696,85.15489130434783,6
0.05,2944,91,250787,85.15687606112054,10
0.05,2945,93,250880,85.15953835709436,8
0.05,2946,92,250972,85.16185951815406,9
0.05,2947,93,251065,85.1645183175034,8
0.05,2948,94,251159,85.16751441166497,7
0.05,2949,92,251251,85.16983050847458,9
0.05,2950,93,251344,85.17248390376143,8
0.05,2951,91,251435,85.17445799457994,10
0.05,2952,94,251529,85.17744666440908,7
0.05,2953,95,251624,85.18077183480027,6
0.05,2954,92,251716,85.18307952622673,9
0.05,2955,95,251811,85.186400541272,6
0.05,2956,95,251906,85.1897193101116,6
0.05,2957,96,252002,85.19337390128466,6
0.05,2958,93,252095,85.1960121662724,10
0.05,2959,96,252191,85.19966216216216,6
0.05,2960,94,252285,85.20263424518744,7
0.05,2961,94,252379,85.20560432140445,7
0.05,2962,87,252466,85.20620992237598,14
0.05,2963,95,252561,85.20951417004049,6
0.05,2964,96,252657,85.21315345699831,6
0.05,2965,95,252752,85.21645313553607,7
0.05,2966,92,252844,85.21873946747556,9
0.05,2967,95,252939,85.22203504043127,6
0.05,2968,94,253033,85.22499157965645,7
0.05,2969,93,253126,85.22760942760942,8
0.05,2970,89,253215,85.22887916526422,12
0.05,2971,95,253310,85.2321668909825,6
0.05,2972,95,253405,85.23545240497813,6
0.05,2973,95,253500,85.23873570948219,6
0.05,2974,95,253595,85.24201680672269,6
0.05,2975,90,253685,85.24361559139786,11
0.05,2976,96,253781,85.24722875377897,6
0.05,2977,93,253874,85.24983210208194,8
0.05,2978,94,253968,85.25276938569989,7
0.05,2979,93,254061,85.25536912751677,8
0.05,2980,94,254155,85.25830258302582,9
0.05,2981,93,254248,85.26089872568745,8
0.05,2982,91,254339,85.26282266174992,10
0.05,2983,93,254432,85.26541554959786,9
0.05,2984,92,254524,85.2676716917923,9
0.05,2985,23,254547,85.24681848626926,9
0.05,2986,95,254642,85.25008369601606,6
0.05,2987,95,254737,85.2533467202142,6
0.05,2988,95,254832,85.25660756105721,7
0.05,2989,96,254928,85.26020066889632,6
0.05,2990,96,255024,85.26379137412236,7
0.05,2991,94,255118,85.26671122994652,7
0.05,2992,95,255213,85.26996324757768,6
0.05,2993,94,255307,85.27287909151637,7
0.05,2994,94,255401,85.27579298831385,7
0.05,2995,95,255496,85.27903871829105,6
0.05,2996,95,255591,85.28228228228228,7
0.05,2997,95,255686,85.28552368245496,7
0.05,2998,95,255781,85.28876292097365,6
0.05,2999,22,255803,85.26766666666667,10
0.05,3000,94,255897,85.2705764745085,8
0.05,3001,92,255989,85.2728181212525,9
0.05,3002,94,256083,85.27572427572427,7
0.05,3003,91,256174,85.27762982689747,10
0.05,3004,92,256266,85.27986688851914,9
0.05,3005,95,256361,85.2831004657352,6
0.05,3006,94,256455,85.28599933488526,7
0.05,3007,91,256546,85.28789893617021,10
0.05,3008,91,256637,85.28979727484214,10
0.05,3009,92,256729,85.29202657807309,9
0.05,3010,91,256820,85.29392228495516,11
0.05,3011,95,256915,85.29714475431607,6
0.05,3012,92,257007,85.29936939926984,9
0.05,3013,95,257102,85.30258792302588,6
0.05,3014,95,257197,85.30580431177447,6
0.05,3015,96,257293,85.309350132626,6
0.05,3016,95,257388,85.31256214782897,6
0.05,3017,94,257482,85.31544068919814,7
0.05,3018,94,257576,85.3183173236171,7
0.05,3019,94,257670,85.32119205298014,7
0.05,3020,95,257765,85.32439589539888,6
0.05,3021,94,257859,85.32726671078755,7
0.05,3022,94,257953,85.33013562686074,7
0.05,3023,93,258046,85.33267195767196,8
0.05,3024,95,258141,85.33586776859504,7
0.05,3025,95,258236,85.33906146728354,6
0.05,3026,96,258332,85.34258341592336,6
0.05,3027,92,258424,85.3447820343461,9
0.05,3028,94,258518,85.34763948497854,7
0.05,3029,92,258610,85.34983498349835,9
0.05,3030,95,258705,85.3530188056747,6
0.05,3031,92,258797,85.3552110817942,9
0.05,3032,95,258892,85.35839103198154,6
0.05,3033,96,258988,85.3618984838497,6
0.05,3034,96,259084,85.36540362438221,6
0.05,3035,96,259180,85.36890645586298,6
0.05,3036,94,259274,85.37174843595653,7
0.05,3037,25,259299,85.35187623436471,8
0.05,3038,95,259394,85.35505100361961,6
0.05,3039,92,259486,85.35723684210527,9
0.05,3040,93,259579,85.3597500822098,8
0.05,3041,27,259606,85.34056541748849,6
0.05,3042,93,259699,85.34308248439041,8
0.05,3043,91,259790,85.34494086727989,10
0.05,3044,26,259816,85.32545155993432,7
0.05,3045,94,259910,85.32829940906106,7
0.05,3046,94,260004,85.33114538890712,7
0.05,3047,94,260098,85.33398950131233,7
0.05,3048,94,260192,85.33683174811414,7
0.05,3049,96,260288,85.34032786885246,6
0.05,3050,94,260382,85.34316617502458,7
0.05,3051,96,260478,85.34665792922674,6
0.05,3052,95,260573,85.34981984932853,6
0.05,3053,95,260668,85.35297969875573,6
0.05,3054,91,260759,85.35482815057283,10
0.05,3055,93,260852,85.35732984293193,8
0.05,3056,94,260946,85.36015701668302,7
0.05,3057,94,261040,85.3629823413996,7
0.05,3058,94,261134,85.36580581889507,7
0.05,3059,92,261226,85.36797385620915,9
0.05,3060,94,261320,85.37079385821627,7
0.05,3061,94,261414,85.3736120182887,7
0.05,3062,25,261439,85.35390140385243,8
0.05,3063,95,261534,85.3570496083551,6
0.05,3064,93,261627,85.35954323001631,8
0.05,3065,95,261722,85.36268754076973,6
0.05,3066,93,261815,85.3651776980763,8
0.05,3067,95,261910,85.36831812255541,6
0.05,3068,89,261999,85.36950146627566,12
0.05,3069,93,262092,85.37198697068403,8
0.05,3070,95,262187,85.37512211006187,6
0.05,3071,95,262282,85.37825520833333,7
0.05,3072,94,262376,85.38106085258705,8
0.05,3073,94,262470,85.38386467143786,8
0.05,3074,94,262564,85.38666666666667,7
0.05,3075,94,262658,85.38946684005201,7
0.05,3076,95,262753,85.39259018524537,6
0.05,3077,96,262849,85.39603638726446,6
0.05,3078,93,262942,85.3985060084443,8
0.05,3079,93,263035,85.40097402597402,8
0.05,3080,94,263129,85.40376501135995,7
0.05,3081,93,263222,85.40622972096041,8
0.05,3082,95,263317,85.40934155043789,6
0.05,3083,91,263408,85.41115434500648,10
0.05,3084,96,263504,85.41458670988655,6
0.05,3085,94,263598,85.41736876215165,8
0.05,3086,92,263690,85.41950113378685,9
0.05,3087,94,263784,85.42227979274611,7
0.05,3088,93,263877,85.42473292327614,9
0.05,3089,94,263971,85.4275080906149,7
0.05,3090,92,264063,85.42963442251698,9
0.05,3091,92,264155,85.43175937904269,9
0.05,3092,95,264250,85.43485289363078,7
0.05,3093,94,264344,85.43762120232708,7
0.05,3094,91,264435,85.43941841680129,10
0.05,3095,94,264529,85.4421834625323,7
0.05,3096,91,264620,85.44397804326768,10
0.05,3097,95,264715,85.44706262104583,6
0.05,3098,96,264811,85.45046789286867,6
0.05,3099,96,264907,85.45387096774193,6
0.05,3100,95,265002,85.4569493711706,8
0.05,3101,94,265096,85.45970341715022,7
0.05,3102,96,265192,85.46310022558814,6
0.05,3103,95,265287,85.46617268041237,7
0.05,3104,94,265381,85.46892109500806,7
0.05,3105,94,265475,85.47166773985833,7
0.05,3106,96,265571,85.4750563244287,6
0.05,3107,93,265664,85.47747747747748,8
0.05,3108,96,265760,85.48086201350917,6
0.05,3109,25,265785,85.46141479099678,7
0.05,3110,94,265879,85.46415943426551,7
0.05,3111,94,265973,85.46690231362467,7
0.05,3112,92,266065,85.46900096370061,9
0.05,3113,91,266156,85.47077713551703,10
0.05,3114,90,266246,85.47223113964687,11
0.05,3115,94,266340,85.47496790757381,7
0.05,3116,23,266363,85.4549246069939,10
0.05,3117,94,266457,85.45766516998076,7
0.05,3118,93,266550,85.4600833600513,8
0.05,3119,93,266643,85.4625,8
0.05,3120,93,266736,85.46491509131688,8
0.05,3121,94,266830,85.46764894298526,7
0.05,3122,93,266923,85.47006083893692,8
0.05,3123,93,267016,85.47247119078105,8
0.05,3124,95,267111,85.47552,6
0.05,3125,94,267205,85.47824696097248,7
0.05,3126,94,267299,85.48097217780621,7
0.05,3127,94,267393,85.4836956521739,7
0.05,3128,95,267488,85.48673697666986,6
0.05,3129,92,267580,85.4888178913738,9
0.05,3130,95,267675,85.49185563717663,6
0.05,3131,93,267768,85.49425287356321,8
0.05,3132,92,267860,85.49632939674433,10
0.05,3133,94,267954,85.49904275686025,7
0.05,3134,91,268045,85.50079744816587,10
0.05,3135,94,268139,85.50350765306122,7
0.05,3136,93,268232,85.50589735416003,8
0.05,3137,96,268328,85.50924155513066,7
0.05,3138,92,268420,85.51130933418285,9
0.05,3139,94,268514,85.51401273885351,7
0.05,3140,94,268608,85.51671442215854,7
0.05,3141,93,268701,85.51909611712286,9
0.05,3142,93,268794,85.52147629653197,8
0.05,3143,96,268890,85.52480916030534,6
0.05,3144,92,268982,85.5268680445151,9
0.05,3145,93,269075,85.52924348378893,8
0.05,3146,92,269167,85.53129965046075,9
0.05,3147,96,269263,85.534625158831,6
0.05,3148,93,269356,85.5369958717053,9
0.05,3149,94,269450,85.53968253968254,7
0.05,3150,93,269543,85.5420501428118,8
0.05,3151,91,269634,85.54378172588832,10
0.05,3152,93,269727,85.54614652711703,8
0.05,3153,94,269821,85.54882688649334,7
0.05,3154,96,269917,85.55213946117274,6
0.05,3155,26,269943,85.53326996197718,7
0.05,3156,96,270039,85.53658536585365,6
0.05,3157,94,270133,85.5392653578214,7
0.05,3158,94,270227,85.54194365305476,7
0.05,3159,94,270321,85.54462025316455,8
0.05,3160,90,270411,85.54602973742486,11
0.05,3161,93,270504,85.54838709677419,8
0.05,3162,94,270598,85.55105912108758,7
0.05,3163,93,270691,85.55341340075853,8
0.05,3164,92,270783,85.55545023696682,9
0.05,3165,92,270875,85.55748578648137,10
0.05,3166,93,270968,85.55983580675718,8
0.05,3167,94,271062,85.5625,7
0.05,3168,96,271158,85.56579362574945,6
0.05,3169,95,271253,85.56876971608833,8
0.05,3170,94,271347,85.57142857142857,7
0.05,3171,93,271440,85.57377049180327,8
0.05,3172,95,271535,85.57674125433344,6
0.05,3173,95,271630,85.57971014492753,6
0.05,3174,93,271723,85.58204724409448,8
0.05,3175,94,271817,85.58469773299748,7
0.05,3176,95,271912,85.58766131570664,7
0.05,3177,95,272007,85.5906230333543,6
0.05,3178,95,272102,85.59358288770053,9
0.05,3179,96,272198,85.59685534591195,6
0.05,3180,94,272292,85.59949701351776,7
0.05,3181,93,272385,85.60182275298554,8
0.05,3182,89,272474,85.602890355011,12
0.05,3183,94,272568,85.60552763819095,7
0.05,3184,94,272662,85.60816326530612,7
0.05,3185,93,272755,85.61048336472065,8
0.05,3186,94,272849,85.61311578286791,7
0.05,3187,93,272942,85.61543287327478,8
0.05,3188,94,273036,85.61806208842897,7
0.05,3189,94,273130,85.62068965517241,7
0.05,3190,94,273224,85.62331557505485,7
0.05,3191,94,273318,85.62593984962406,7
0.05,3192,94,273412,85.62856248042593,8
0.05,3193,25,273437,85.60958046336881,8
0.05,3194,94,273531,85.61220657276995,7
0.05,3195,94,273625,85.6148310387985,8
0.05,3196,93,273718,85.61714106975289,8
0.05,3197,96,273814,85.62038774233896,6
0.05,3198,95,273909,85.62331978743357,8
0.05,3199,96,274005,85.6265625,6
0.05,3200,96,274101,85.62980318650422,6
0.05,3201,92,274193,85.6317926296065,9
0.05,3202,94,274287,85.63440524508273,7
0.05,3203,92,274379,85.63639200998752,9
0.05,3204,94,274473,85.6390015600624,7
0.05,3205,93,274566,85.64129756706176,8
0.05,3206,94,274660,85.64390396008731,7
0.05,3207,96,274756,85.64713216957605,6
0.05,3208,93,274849,85.64942349641633,8
0.05,3209,91,274940,85.65109034267913,10
0.05,3210,95,275035,85.65400186857677,7
0.05,3211,95,275130,85.65691158156912,7
0.05,3212,92,275222,85.65888577653284,10
0.05,3213,95,275317,85.66179215930305,6
0.05,3214,90,275407,85.66314152410575,11
0.05,3215,94,275501,85.66573383084577,7
0.05,3216,94,275595,85.66832452595585,7
0.05,3217,91,275686,85.6699813548788,10
0.05,3218,94,275780,85.67256912084498,7
0.05,3219,93,275873,85.67484472049689,8
0.05,3220,92,275965,85.67680844458243,9
0.05,3221,22,275987,85.6570453134699,11
0.05,3222,95,276082,85.65994415141172,6
0.05,3223,95,276177,85.662841191067,6
0.05,3224,94,276271,85.66542635658915,7
0.05,3225,96,276367,85.66862988220707,6
0.05,3226,92,276459,85.67059188100403,9
0.05,3227,92,276551,85.67255266418836,9
0.05,3228,93,276644,85.67482192629296,8
0.05,3229,94,276738,85.67739938080496,8
0.05,3230,91,276829,85.67904673475704,10
0.05,3231,95,276924,85.6819306930693,6
0.05,3232,95,277019,85.68481286730591,6
0.05,3233,95,277114,85.68769325912183,6
0.05,3234,95,277209,85.69057187017002,6
0.05,3235,94,277303,85.69313967861558,7
0.05,3236,96,277399,85.69632375656472,6
0.05,3237,94,277493,85.69888820259419,7
0.05,3238,91,277584,85.7005248533498,10
0.05,3239,93,277677,85.70277777777778,8
0.05,3240,94,277771,85.7053378586856,7
0.05,3241,94,277865,85.70789636027143,7
0.05,3242,94,277959,85.7104532839963,7
0.05,3243,94,278053,85.71300863131935,7
0.05,3244,94,278147,85.715562403698,8
0.05,3245,93,278240,85.71780653111522,8
0.05,3246,92,278332,85.71974129966122,9
0.05,3247,85,278417,85.7195197044335,16
0.05,3248,94,278511,85.72206832871653,7
0.05,3249,25,278536,85.70338461538462,8
0.05,3250,94,278630,85.70593663488158,7
0.05,3251,93,278723,85.70817958179582,8
0.05,3252,94,278817,85.71072855825392,7
0.05,3253,93,278910,85.71296865396435,8
0.05,3254,93,279003,85.7152073732719,8
0.05,3255,94,279097,85.71775184275184,7
0.05,3256,94,279191,85.72029474976972,7
0.05,3257,91,279282,85.7219152854512,10
0.05,3258,95,279377,85.72476219699294,6
0.05,3259,94,279471,85.72730061349694,7
0.05,3260,93,279564,85.72953081876724,9
0.05,3261,96,279660,85.73267933782955,6
0.05,3262,92,279752,85.73460006129329,9
0.05,3263,95,279847,85.7374387254902,6
0.05,3264,95,279942,85.74027565084226,6
0.05,3265,93,280035,85.74249846907531,8
0.05,3266,95,280130,85.74533210896847,7
0.05,3267,95,280225,85.74816401468789,6
0.05,3268,92,280317,85.75007647598655,9
0.05,3269,93,280410,85.75229357798165,8
0.05,3270,93,280503,85.75450932436564,8
0.05,3271,95,280598,85.75733496332518,6
0.05,3272,95,280693,85.76015887564925,6
0.05,3273,93,280786,85.7623701893708,8
0.05,3274,94,280880,85.76488549618321,7
0.05,3275,95,280975,85.76770451770452,6
0.05,3276,94,281069,85.77021666158072,7
0.05,3277,94,281163,85.77272727272727,8
0.05,3278,94,281257,85.77523635254651,7
0.05,3279,93,281350,85.77743902439025,8
0.05,3280,95,281445,85.78024992380372,6
0.05,3281,94,281539,85.78275441803778,7
0.05,3282,94,281633,85.7852573865367,7
0.05,3283,92,281725,85.78714981729598,9
0.05,3284,95,281820,85.78995433789954,6
0.05,3285,94,281914,85.79245283018868,7
0.05,3286,94,282008,85.7949498022513,7
0.05,3287,94,282102,85.79744525547446,7
0.05,3288,94,282196,85.79993919124354,7
0.05,3289,96,282292,85.80303951367782,6
0.05,3290,92,282384,85.8049225159526,9
0.05,3291,94,282478,85.80741190765492,7
0.05,3292,94,282572,85.80989978742788,7
0.05,3293,96,282668,85.81299332119005,6
0.05,3294,94,282762,85.8154779969651,7
0.05,3295,95,282857,85.8182645631068,6
0.05,3296,95,282952,85.82104943888383,6
0.05,3297,94,283046,85.82352941176471,7
0.05,3298,94,283140,85.82600788117611,7
0.05,3299,95,283235,85.82878787878788,7
0.05,3300,95,283330,85.83156619206301,7
0.05,3301,94,283424,85.83403997577226,7
0.05,3302,94,283518,85.83651226158038,7
0.05,3303,93,283611,85.8386803874092,8
0.05,3304,94,283705,85.84114977307111,7
0.05,3305,92,283797,85.84301270417423,9
0.05,3306,95,283892,85.84578167523435,6
0.05,3307,94,283986,85.84824667472793,7
0.05,3308,92,284078,85.8501057721366,9
0.05,3309,93,284171,85.85226586102719,8
0.05,3310,92,284263,85.85412262156449,9
0.05,3311,95,284358,85.85688405797102,6
0.05,3312,94,284452,85.8593419861153,7
0.05,3313,93,284545,85.86149668074835,8
0.05,3314,94,284639,85.86395173453997,7
0.05,3315,93,284732,85.86610373944511,8
0.05,3316,96,284828,85.86915887850468,6
0.05,3317,92,284920,85.8710066305003,9
0.05,3318,94,285014,85.87345586019886,7
0.05,3319,94,285108,85.87590361445783,7
0.05,3320,94,285202,85.87834989461005,7
0.05,3321,91,285293,85.87989163154727,10
0.05,3322,95,285388,85.88263617213362,6
0.05,3323,94,285482,85.88507821901324,7
0.05,3324,92,285574,85.88691729323308,9
0.05,3325,96,285670,85.88995790739627,6
0.05,3326,95,285765,85.892696122633,7
0.05,3327,94,285859,85.89513221153847,7
0.05,3328,95,285954,85.89786722739561,7
0.05,3329,92,286046,85.8996996996997,9
0.05,3330,92,286138,85.90153107175023,9
0.05,3331,92,286230,85.90336134453781,9
0.05,3332,94,286324,85.9057905790579,7
0.05,3333,94,286418,85.90821835632873,7
0.05,3334,96,286514,85.9112443778111,6
0.05,3335,94,286608,85.9136690647482,7
0.05,3336,95,286703,85.91639196883428,7
0.05,3337,96,286799,85.91941282204913,7
0.05,3338,91,286890,85.92093441150045,10
0.05,3339,96,286986,85.92395209580839,6
0.05,3340,95,287081,85.92666866207722,6
0.05,3341,93,287174,85.92878515858767,8
0.05,3342,92,287266,85.93060125635657,9
0.05,3343,96,287362,85.93361244019138,6
0.05,3344,94,287456,85.93602391629298,7
0.05,3345,94,287550,85.93843395098625,8
0.05,3346,95,287645,85.9411413205856,6
0.05,3347,94,287739,85.94354838709677,7
0.05,3348,92,287831,85.94535682293221,9
0.05,3349,96,287927,85.94835820895523,6
0.05,3350,91,288018,85.94986571172784,10
0.05,3351,95,288113,85.95256563245823,6
0.05,3352,90,288203,85.95377274082911,11
0.05,3353,94,288297,85.9561717352415,7
0.05,3354,94,288391,85.9585692995529,7
0.05,3355,94,288485,85.96096543504171,7
0.05,3356,93,288578,85.96306225796842,8
0.05,3357,95,288673,85.96575342465754,6
0.05,3358,96,288769,85.9687406966359,7
0.05,3359,92,288861,85.97053571428572,9
0.05,3360,92,288953,85.97232966379053,9
0.05,3361,94,289047,85.97471743010114,8
0.05,3362,92,289139,85.97650906928338,9
0.05,3363,95,289234,85.97919143876338,6
0.05,3364,96,289330,85.98216939078752,6
0.05,3365,94,289424,85.9845513963161,7
0.05,3366,94,289518,85.98693198693199,7
0.05,3367,21,289539,85.96763657957244,12
0.05,3368,93,289632,85.96972395369546,8
0.05,3369,92,289724,85.97151335311572,9
0.05,3370,93,289817,85.97359833877188,9
0.05,3371,94,289911,85.97597864768683,7
0.05,3372,96,290007,85.97895048917877,6
0.05,3373,94,290101,85.98132780082987,7
0.05,3374,92,290193,85.98311111111111,9
0.05,3375,94,290287,85.98548578199052,7
0.05,3376,27,290314,85.9680189517323,6
0.05,3377,94,290408,85.97039668442865,7
0.05,3378,94,290502,85.9727730097662,7
0.05,3379,95,290597,85.97544378698225,6
0.05,3380,93,290690,85.97752144335995,8
0.05,3381,93,290783,85.9795978710822,8
0.05,3382,24,290807,85.9612769731008,9
0.05,3383,96,290903,85.96424349881796,6
0.05,3384,93,290996,85.96632200886263,8
0.05,3385,95,291091,85.96898995865328,6
0.05,3386,96,291187,85.97195157956894,6
0.05,3387,93,291280,85.97402597402598,8
0.05,3388,95,291375,85.97668928887578,6
0.05,3389,93,291468,85.9787610619469,8
0.05,3390,96,291564,85.98171630787378,6
0.05,3391,95,291659,85.984375,6
0.05,3392,92,291751,85.98614795166519,9
0.05,3393,25,291776,85.96817913965822,8
0.05,3394,92,291868,85.96995581737849,9
0.05,3395,95,291963,85.9726148409894,6
0.05,3396,94,292057,85.97497792169561,7
0.05,3397,91,292148,85.97645673925838,11
0.05,3398,95,292243,85.97911150338335,6
0.05,3399,94,292337,85.9814705882353,7
0.05,3400,95,292432,85.9841223169656,8
0.05,3401,26,292458,85.96649029982363,7
0.05,3402,95,292553,85.96914487217161,6
0.05,3403,92,292645,85.97091656874265,9
0.05,3404,90,292735,85.97209985315712,11
0.05,3405,96,292831,85.97504403992954,6
0.05,3406,94,292925,85.97739947167597,7
0.05,3407,94,293019,85.97975352112677,7
0.05,3408,94,293113,85.98210618949838,7
0.05,3409,95,293208,85.98475073313783,6
0.05,3410,92,293300,85.98651421870419,10
0.05,3411,94,293394,85.98886283704572,7
0.05,3412,94,293488,85.9912100791093,7
0.05,3413,96,293584,85.9941417691857,6
0.05,3414,95,293679,85.99677891654466,7
0.05,3415,91,293770,85.99824355971897,10
0.05,3416,94,293864,86.00058530875036,7
0.05,3417,96,293960,86.00351082504389,6
0.05,3418,95,294055,86.00614214682656,7
0.05,3419,94,294149,86.00847953216375,7
0.05,3420,96,294245,86.01140017538731,6
0.05,3421,93,294338,86.01344243132671,8
0.05,3422,91,294429,86.01489921121824,10
0.05,3423,96,294525,86.01781542056075,6
0.05,3424,93,294618,86.01985401459854,8
0.05,3425,94,294712,86.02218330414478,7
0.05,3426,94,294806,86.02451123431572,7
0.05,3427,93,294899,86.02654609101516,8
0.05,3428,93,294992,86.02857976086322,8
0.05,3429,94,295086,86.03090379008746,7
0.05,3430,94,295180,86.03322646458759,7
0.05,3431,93,295273,86.03525641025641,8
0.05,3432,94,295367,86.03757646373434,7
0.05,3433,94,295461,86.03989516598719,7
0.05,3434,94,295555,86.04221251819506,7
0.05,3435,94,295649,86.04452852153668,7
0.05,3436,94,295743,86.04684317718942,7
0.05,3437,96,295839,86.04973821989529,6
0.05,3438,96,295935,86.05263157894737,7
0.05,3439,94,296029,86.05494186046512,7
0.05,3440,27,296056,86.03777971519906,6
0.05,3441,96,296152,86.04067402672865,6
0.05,3442,96,296248,86.04356665698519,6
0.05,3443,93,296341,86.04558652729385,8
0.05,3444,93,296434,86.04760522496372,8
0.05,3445,94,296528,86.04991294254208,7
0.05,3446,92,296620,86.0516391064694,9
0.05,3447,94,296714,86.05394431554524,7
0.05,3448,94,296808,86.05624818788054,7
0.05,3449,96,296904,86.0591304347826,6
0.05,3450,92,296996,86.06085192697769,9
0.05,3451,90,297086,86.0619930475087,12
0.05,3452,95,297181,86.06458152331307,6
0.05,3453,94,297275,86.06687898089172,7
0.05,3454,94,297369,86.06917510853835,8
0.05,3455,94,297463,86.0714699074074,7
0.05,3456,95,297558,86.0740526468036,6
0.05,3457,94,297652,86.07634470792365,7
0.05,3458,95,297747,86.0789245446661,6
0.05,3459,95,297842,86.08150289017341,6
0.05,3460,96,297938,86.08436867957238,6
0.05,3461,94,298032,86.08665511265164,7
0.05,3462,91,298123,86.08807392434305,10
0.05,3463,91,298214,86.08949191685912,10
0.05,3464,96,298310,86.09235209235209,6
0.05,3465,94,298404,86.09463358338142,7
0.05,3466,94,298498,86.09691375829247,8
0.05,3467,25,298523,86.07929642445214,8
0.05,3468,94,298617,86.08157970596714,7
0.05,3469,94,298711,86.08386167146973,7
0.05,3470,96,298807,86.08671852492077,6
0.05,3471,96,298903,86.08957373271889,6
0.05,3472,94,298997,86.09185142528074,7
0.05,3473,95,299092,86.0944156591825,6
0.05,3474,94,299186,86.09669064748202,7
0.05,3475,95,299281,86.09925201380898,6
0.05,3476,93,299374,86.10123669830314,8
0.05,3477,91,299465,86.10264519838988,10
0.05,3478,94,299559,86.10491520551882,7
0.05,3479,95,299654,86.10747126436782,7
0.05,3480,95,299749,86.11002585463947,6
0.05,3481,93,299842,86.11200459506031,9
0.05,3482,92,299934,86.11369509043928,9
0.05,3483,96,300030,86.11653272101033,6
0.05,3484,95,300125,86.11908177905309,7
0.05,3485,92,300217,86.12076878944349,9
0.05,3486,95,300312,86.12331517063379,6
0.05,3487,94,300406,86.12557339449542,7
0.05,3488,92,300498,86.12725709372313,9
0.05,3489,95,300593,86.1297994269341,6
0.05,3490,90,300683,86.13090804926955,11
0.05,3491,95,300778,86.13344788087056,7
0.05,3492,94,300872,86.13569997137131,7
0.05,3493,94,300966,86.13795077275329,7
0.05,3494,94,301060,86.14020028612303,7
0.05,3495,94,301154,86.14244851258582,7
0.05,3496,95,301249,86.14498141263941,6
0.05,3497,94,301343,86.14722698684963,7
0.05,3498,95,301438,86.14975707344956,6
0.05,3499,93,301531,86.15171428571429,8
0.05,3500,95,301626,86.15424164524421,6
0.05,3501,94,301720,86.15648201027984,7
0.05,3502,24,301744,86.1387382243791,9
0.05,3503,92,301836,86.14041095890411,9
0.05,3504,94,301930,86.14265335235378,7
0.05,3505,94,302024,86.14489446662864,7
0.05,3506,94,302118,86.14713430282292,7
0.05,3507,94,302212,86.14937286202965,7
0.05,3508,93,302305,86.15132516386434,8
0.05,3509,91,302396,86.15270655270655,10
0.05,3510,93,302489,86.15465679293648,8
0.05,3511,94,302583,86.15689066059225,7
0.05,3512,96,302679,86.1596925704526,6
0.05,3513,94,302773,86.16192373363688,8
0.05,3514,96,302869,86.1647226173542,6
0.05,3515,93,302962,86.16666666666667,8
0.05,3516,94,303056,86.16889394370202,7
0.05,3517,92,303148,86.17055144968732,9
0.05,3518,96,303244,86.17334470019892,6
0.05,3519,95,303339,86.17585227272727,6
0.05,3520,94,303433,86.17807441067879,7
0.05,3521,95,303528,86.18057921635435,7
0.05,3522,93,303621,86.1825149020721,8
0.05,3523,95,303716,86.18501702610669,6
0.05,3524,92,303808,86.18666666666667,9
0.05,3525,93,303901,86.18859897901305,8
0.05,3526,95,303996,86.19109724978736,6
0.05,3527,91,304087,86.19246031746032,10
0.05,3528,96,304183,86.19523944460187,7
0.05,3529,95,304278,86.19773371104816,7
0.05,3530,93,304371,86.19966015293119,8
0.05,3531,96,304467,86.2024348810872,6
0.05,3532,94,304561,86.20464194735352,7
0.05,3533,95,304656,86.20713073005093,6
0.05,3534,92,304748,86.2087694483734,9
0.05,3535,94,304842,86.21097285067873,7
0.05,3536,90,304932,86.21204410517387,11
0.05,3537,96,305028,86.21481062747314,6
0.05,3538,93,305121,86.21672788923425,8
0.05,3539,93,305214,86.2186440677966,8
0.05,3540,94,305308,86.22084157017791,7
0.05,3541,27,305335,86.20412196499153,7
0.05,3542,93,305428,86.20604007902907,8
0.05,3543,94,305522,86.20823927765237,7
0.05,3544,93,305615,86.21015514809591,8
0.05,3545,96,305711,86.21291596164693,6
0.05,3546,92,305803,86.21454750493375,9
0.05,3547,94,305897,86.21674182638105,7
0.05,3548,94,305991,86.2189349112426,7
0.05,3549,96,306087,86.22169014084507,6
0.05,3550,96,306183,86.22444381864264,7
0.05,3551,94,306277,86.22663288288288,7
0.05,3552,94,306371,86.22882071488883,7
0.05,3553,95,306466,86.23128868880136,6
0.05,3554,96,306562,86.23403656821378,6
0.05,3555,93,306655,86.2359392575928,8
0.05,3556,94,306749,86.23812201293225,10
0.05,3557,93,306842,86.24002248454188,8
0.05,3558,93,306935,86.24192188817084,8
0.05,3559,95,307030,86.24438202247191,7
0.05,3560,93,307123,86.24627913507442,8
0.05,3561,92,307215,86.2478944413251,9
0.05,3562,93,307308,86.24978950322762,8
0.05,3563,93,307401,86.2516835016835,8
0.05,3564,94,307495,86.2538569424965,7
0.05,3565,94,307589,86.25602916432977,9
0.05,3566,96,307685,86.2587608634707,6
0.05,3567,95,307780,86.26121076233184,8
0.05,3568,90,307870,86.26225833566825,11
0.05,3569,94,307964,86.26442577030812,7
0.05,3570,93,308057,86.2663119574349,8
0.05,3571,93,308150,86.26819708846584,8
0.05,3572,96,308246,86.27092079485027,6
0.05,3573,93,308339,86.27280358142137,8
0.05,3574,95,308434,86.27524475524476,6
0.05,3575,94,308528,86.27740492170022,8
0.05,3576,95,308623,86.27984344422701,7
0.05,3577,93,308716,86.28172163219676,8
0.05,3578,93,308809,86.28359877060632,8
0.05,3579,96,308905,86.28631284916202,6
0.05,3580,95,309000,86.28874616029042,7
0.05,3581,94,309094,86.29089893914015,7
0.05,3582,24,309118,86.27351381523863,9
0.05,3583,96,309214,86.27622767857143,7
0.05,3584,93,309307,86.27810320781032,8
0.05,3585,95,309402,86.28053541550474,6
0.05,3586,94,309496,86.28268748257597,7
0.05,3587,93,309589,86.28455964325529,8
0.05,3588,92,309681,86.28615213151295,9
0.05,3589,95,309776,86.28857938718663,6
0.05,3590,95,309871,86.29100529100529,6
0.05,3591,92,309963,86.29259465478842,9
0.05,3592,96,310059,86.2952964096855,6
0.05,3593,95,310154,86.29771841958821,6
0.05,3594,93,310247,86.29958275382475,8
0.05,3595,95,310342,86.3020022246941,6
0.05,3596,96,310438,86.30469835974424,6
0.05,3597,96,310534,86.30739299610894,6
0.05,3598,94,310628,86.30953042511808,7
0.05,3599,92,310720,86.31111111111112,9
0.05,3600,95,310815,86.31352402110525,6
0.05,3601,95,310910,86.31593559133815,6
0.05,3602,96,311006,86.31862336941438,6
0.05,3603,92,311098,86.32019977802442,9
0.05,3604,93,311191,86.32205270457698,8
0.05,3605,92,311283,86.32362728785358,9
0.05,3606,93,311376,86.32547823676185,8
0.05,3607,95,311471,86.32788248337029,6
0.05,3608,93,311564,86.32973122748683,8
0.05,3609,92,311656,86.33130193905818,9
0.05,3610,94,311750,86.33342564386597,7
0.05,3611,96,311846,86.3361018826135,6
0.05,3612,95,311941,86.33849986161086,6
0.05,3613,93,312034,86.34034311012728,8
0.05,3614,92,312126,86.34190871369294,9
0.05,3615,93,312219,86.34375,9
0.05,3616,96,312315,86.34641968482167,6
0.05,3617,95,312410,86.34881149806523,6
0.05,3618,95,312505,86.35120198949986,6
0.05,3619,94,312599,86.35331491712707,7
0.05,3620,93,312692,86.35515051090859,8
0.05,3621,93,312785,86.35698509110989,8
0.05,3622,92,312877,86.3585426442175,9
0.05,3623,95,312972,86.36092715231788,6
0.05,3624,95,313067,86.36331034482758,7
0.05,3625,92,313159,86.36486486486487,9
0.05,3626,94,313253,86.3669699476151,7
0.05,3627,95,313348,86.36934950385887,6
0.05,3628,92,313440,86.37090107467623,9
0.05,3629,96,313536,86.37355371900827,6
0.05,3630,94,313630,86.37565408978243,7
0.05,3631,92,313722,86.37720264317181,9
0.05,3632,95,313817,86.37957610789981,6
0.05,3633,94,313911,86.38167308750688,7
0.05,3634,90,314001,86.38266850068776,11
0.05,3635,95,314096,86.38503850385038,6
0.05,3636,92,314188,86.38658234808908,9
0.05,3637,93,314281,86.38840021990104,8
0.05,3638,96,314377,86.39104149491618,6
0.05,3639,94,314471,86.39313186813187,7
0.05,3640,93,314564,86.39494644328481,8
0.05,3641,94,314658,86.39703459637562,7
0.05,3642,94,314752,86.39912160307439,7
0.05,3643,93,314845,86.4009330406147,8
0.05,3644,93,314938,86.40274348422497,8
0.05,3645,95,315033,86.40510148107515,6
0.05,3646,94,315127,86.4071839868385,8
0.05,3647,92,315219,86.40871710526316,9
0.05,3648,92,315311,86.41024938339271,9
0.05,3649,94,315405,86.41232876712328,7
0.05,3650,95,315500,86.4146809093399,7
0.05,3651,94,315594,86.41675794085432,9
0.05,3652,94,315688,86.41883383520394,7
0.05,3653,92,315780,86.42036124794745,9
0.05,3654,94,315874,86.42243502051984,7
0.05,3655,90,315964,86.42341356673961,11
0.05,3656,96,316060,86.42603226688543,6
0.05,3657,92,316152,86.42755604155276,9
0.05,3658,93,316245,86.42935228204428,8
0.05,3659,92,316337,86.43087431693989,11
0.05,3660,94,316431,86.43294181917508,7
0.05,3661,95,316526,86.43528126706718,6
0.05,3662,95,316621,86.43761943761943,6
0.05,3663,93,316714,86.43941048034935,8
0.05,3664,93,316807,86.44120054570259,8
0.05,3665,93,316900,86.44298963447899,8
0.05,3666,96,316996,86.44559585492227,7
0.05,3667,92,317088,86.44711014176663,9
0.05,3668,93,317181,86.44889615699101,8
0.05,3669,94,317275,86.45095367847412,7
0.05,3670,94,317369,86.45301007899755,7
0.05,3671,96,317465,86.4556100217865,6
0.05,3672,94,317559,86.4576640348489,7
0.05,3673,96,317655,86.46026129559064,6
0.05,3674,94,317749,86.46231292517007,7
0.05,3675,94,317843,86.46436343852012,7
0.05,3676,92,317935,86.46586891487625,9
0.05,3677,95,318030,86.46818923327896,6
0.05,3678,95,318125,86.47050829029628,7
0.05,3679,94,318219,86.47255434782609,7
0.05,3680,94,318313,86.4745992936702,7
0.05,3681,94,318407,86.47664312873438,7
0.05,3682,94,318501,86.47868585392344,7
0.05,3683,95,318596,86.48099891422368,6
0.05,3684,94,318690,86.48303934871099,7
0.05,3685,95,318785,86.48534997287032,6
0.05,3686,94,318879,86.4873881204231,8
0.05,3687,93,318972,86.48915401301518,8
0.05,3688,94,319066,86.49119002439686,7
0.05,3689,96,319162,86.49376693766938,6
0.05,3690,92,319254,86.49525873746953,9
0.05,3691,95,319349,86.49756229685808,7
0.05,3692,94,319443,86.4995938261576,7
0.05,3693,25,319468,86.48294531672983,7
0.05,3694,95,319563,86.48525033829499,6
0.05,3695,95,319658,86.48755411255411,7
0.05,3696,95,319753,86.48985664051933,6
0.05,3697,20,319773,86.47187669010276,13
0.05,3698,94,319867,86.47391186807245,7
0.05,3699,91,319958,86.47513513513513,10
0.05,3700,95,320053,86.47743853012699,7
0.05,3701,95,320148,86.47974068071312,6
0.05,3702,90,320238,86.48069133135296,11
0.05,3703,93,320331,86.4824514038877,8
0.05,3704,95,320426,86.48475033738191,6
0.05,3705,95,320521,86.48704803022126,6
0.05,3706,95,320616,86.48934448340977,6
0.05,3707,94,320710,86.49137001078749,7
0.05,3708,92,320802,86.49285521703963,9
0.05,3709,92,320894,86.4943396226415,9
0.05,3710,93,320987,86.49609269738615,10
0.05,3711,23,321010,86.47898706896552,10
0.05,3712,96,321106,86.48155130622139,6
0.05,3713,95,321201,86.48384491114702,6
0.05,3714,94,321295,86.48586810228802,7
0.05,3715,93,321388,86.48762109795479,8
0.05,3716,95,321483,86.48991121872477,7
0.05,3717,94,321577,86.4919311457773,7
0.05,3718,94,321671,86.49394998655552,7
0.05,3719,96,321767,86.49650537634409,6
0.05,3720,93,321860,86.4982531577533,8
0.05,3721,94,321954,86.50026867275658,7
0.05,3722,92,322046,86.50174590384098,9
0.05,3723,93,322139,86.50349087003222,8
0.05,3724,94,322233,86.5055033557047,7
0.05,3725,92,322325,86.50697799248523,9
0.05,3726,92,322417,86.50845183793936,9
0.05,3727,96,322513,86.51099785407726,6
0.05,3728,95,322608,86.51327433628319,6
0.05,3729,93,322701,86.51501340482574,8
0.05,3730,96,322797,86.51755561511659,6
0.05,3731,94,322891,86.5195605573419,7
0.05,3732,94,322985,86.52156442539513,7
0.05,3733,94,323079,86.52356722013926,7
0.05,3734,95,323174,86.52583668005354,6
0.05,3735,94,323268,86.52783725910064,7
0.05,3736,94,323362,86.52983676746052,7
0.05,3737,94,323456,86.53183520599251,7
0.05,3738,95,323551,86.53410002674512,6
0.05,3739,95,323646,86.53636363636363,6
0.05,3740,94,323740,86.53835872761294,7
0.05,3741,93,323833,86.54008551576698,8
0.05,3742,92,323925,86.54154421586962,9
0.05,3743,93,324018,86.54326923076923,8
0.05,3744,93,324111,86.54499332443258,8
0.05,3745,95,324206,86.54725040042712,6
0.05,3746,96,324302,86.54977315185482,6
0.05,3747,92,324394,86.55122732123799,9
0.05,3748,93,324487,86.55294745265404,8
0.05,3749,93,324580,86.55466666666666,9
0.05,3750,95,324675,86.55691815515863,6
0.05,3751,93,324768,86.55863539445629,8
0.05,3752,93,324861,86.5603517186251,8
0.05,3753,95,324956,86.56259989344699,6
0.05,3754,95,325051,86.56484687083888,6
0.05,3755,27,325078,86.54898828541,6
0.05,3756,95,325173,86.551237689646,7
0.05,3757,94,325267,86.55321979776477,7
0.05,3758,95,325362,86.55546687948923,6
0.05,3759,92,325454,86.55691489361702,10
0.05,3760,27,325481,86.54107950013294,6
0.05,3761,96,325577,86.54359383306752,6
0.05,3762,94,325671,86.5455753388254,7
0.05,3763,92,325763,86.54702444208289,9
0.05,3764,96,325859,86.54953519256308,6
0.05,3765,95,325954,86.55177907594265,8
0.05,3766,94,326048,86.55375630475179,8
0.05,3767,21,326069,86.53635881104034,12
0.05,3768,93,326162,86.53807375961793,8
0.05,3769,95,326257,86.54031830238726,7
0.05,3770,22,326279,86.52320339432511,11
0.05,3771,94,326373,86.52518557794274,9
0.05,3772,92,326465,86.52663662867745,9
0.05,3773,95,326560,86.52888182299947,6
0.05,3774,95,326655,86.53112582781456,7
0.05,3775,90,326745,86.53204449152543,11
0.05,3776,90,326835,86.53296266878475,11
0.05,3777,94,326929,86.53493912122816,7
0.05,3778,96,327025,86.53744376819265,6
0.05,3779,93,327118,86.53915343915344,8
0.05,3780,94,327212,86.54112668606189,7
0.05,3781,91,327303,86.5423056583818,10
0.05,3782,95,327398,86.54454136928364,6
0.05,3783,95,327493,86.54677589852008,6
0.05,3784,96,327589,86.54927344782034,7
0.05,3785,93,327682,86.55097728473322,8
0.05,3786,96,327778,86.5534724055981,6
0.05,3787,93,327871,86.5551742344245,8
0.05,3788,91,327962,86.55634732119293,10
0.05,3789,94,328056,86.55831134564644,8
0.05,3790,94,328150,86.56027433394883,7
0.05,3791,91,328241,86.56144514767932,10
0.05,3792,94,328335,86.56340627471658,7
0.05,3793,92,328427,86.56483921982077,9
0.05,3794,92,328519,86.56627140974967,9
0.05,3795,96,328615,86.56875658587987,6
0.05,3796,92,328707,86.57018698972874,9
0.05,3797,95,328802,86.5724065297525,7
0.05,3798,96,328898,86.57488812845486,6
0.05,3799,92,328990,86.57631578947368,9
0.05,3800,96,329086,86.57879505393318,6
0.05,3801,96,329182,86.58127301420305,6
0.05,3802,92,329274,86.58269787010255,9
0.05,3803,95,329369,86.58491062039958,6
0.05,3804,94,329463,86.5868593955322,7
0.05,3805,96,329559,86.58933263268523,6
0.05,3806,93,329652,86.59101654846336,8
0.05,3807,94,329746,86.59296218487395,8
0.05,3808,91,329837,86.59411919138881,10
0.05,3809,93,329930,86.59580052493439,8
0.05,3810,91,330021,86.59695617948046,10
0.05,3811,93,330114,86.59863588667366,8
0.05,3812,96,330210,86.60110149488591,6
0.05,3813,95,330305,86.60330361824856,6
0.05,3814,95,330400,86.60550458715596,6
0.05,3815,95,330495,86.60770440251572,6
0.05,3816,96,330591,86.61016505108724,6
0.05,3817,94,330685,86.61210057621791,7
0.05,3818,96,330781,86.61455878502225,6
0.05,3819,96,330877,86.61701570680628,6
0.05,3820,25,330902,86.600889819419,8
0.05,3821,93,330995,86.6025641025641,8
0.05,3822,96,331091,86.60502223384776,6
0.05,3823,94,331185,86.60695606694561,7
0.05,3824,94,331279,86.60888888888888,7
0.05,3825,24,331303,86.59252483010978,9
0.05,3826,92,331395,86.59393781029527,9
0.05,3827,93,331488,86.59561128526646,8
0.05,3828,96,331584,86.59806738051711,6
0.05,3829,96,331680,86.60052219321149,6
0.05,3830,92,331772,86.60193161054555,9
0.05,3831,92,331864,86.60334029227558,9
0.05,3832,94,331958,86.6052700234803,7
0.05,3833,90,332048,86.60615545122587,11
0.05,3834,95,332143,86.6083441981747,6
0.05,3835,94,332237,86.61027111574556,7
0.05,3836,95,332332,86.61245764920511,7
0.05,3837,92,332424,86.61386138613861,9
0.05,3838,93,332517,86.61552487626986,8
0.05,3839,25,332542,86.59947916666667,8
0.05,3840,94,332636,86.60140588388441,7
0.05,3841,96,332732,86.60385216033316,7
0.05,3842,95,332827,86.60603695029924,7
0.05,3843,94,332921,86.6079604578564,7
0.05,3844,95,333016,86.61014304291287,6
0.05,3845,96,333112,86.61258450338013,6
0.05,3846,96,333208,86.6150246945672,6
0.05,3847,95,333303,86.61720374220374,6
0.05,3848,95,333398,86.6193816575734,7
0.05,3849,95,333493,86.62155844155843,6
0.05,3850,94,333587,86.62347442222799,7
0.05,3851,94,333681,86.6253894080997,7
0.05,3852,92,333773,86.62678432390345,9
0.05,3853,95,333868,86.62895692786715,6
0.05,3854,91,333959,86.63009079118028,10
0.05,3855,93,334052,86.63174273858921,8
0.05,3856,95,334147,86.63391236712471,6
0.05,3857,96,334243,86.63634007257646,6
0.05,3858,96,334339,86.63876651982379,6
0.05,3859,96,334435,86.64119170984456,6
0.05,3860,94,334529,86.64309764309765,7
0.05,3861,94,334623,86.64500258933195,7
0.05,3862,95,334718,86.6471654154802,6
0.05,3863,94,334812,86.64906832298136,7
0.05,3864,22,334834,86.63234152652005,11
0.05,3865,92,334926,86.63372995344025,9
0.05,3866,93,335019,86.63537626066719,8
0.05,3867,93,335112,86.63702171664943,8
0.05,3868,94,335206,86.63892478676661,7
0.05,3869,94,335300,86.64082687338501,7
0.05,3870,92,335392,86.64221131490571,9
0.05,3871,94,335486,86.64411157024793,7
0.05,3872,94,335580,86.64601084430674,7
0.05,3873,93,335673,86.64765100671141,8
0.05,3874,94,335767,86.64954838709677,7
0.05,3875,94,335861,86.6514447884417,7
0.05,3876,93,335954,86.6530822801135,8
0.05,3877,96,336050,86.65549252191852,6
0.05,3878,96,336146,86.65790152101057,6
0.05,3879,94,336240,86.65979381443299,7
0.05,3880,96,336336,86.66220046379799,6
0.05,3881,95,336431,86.66434827408553,6
0.05,3882,95,336526,86.66649497810971,9
0.05,3883,95,336621,86.66864057672502,7
0.05,3884,94,336715,86.67052767052768,7
0.05,3885,96,336811,86.67292846114256,6
0.05,3886,96,336907,86.67532801646514,6
0.05,3887,92,336999,86.6766975308642,9
0.05,3888,95,337094,86.67883774749293,6
0.05,3889,94,337188,86.68071979434447,7
0.05,3890,94,337282,86.68260087381135,8
0.05,3891,94,337376,86.68448098663926,7
0.05,3892,94,337470,86.68636013357307,7
0.05,3893,95,337565,86.6884951206985,6
0.05,3894,96,337661,86.69088575096278,6
0.05,3895,91,337752,86.69199178644764,11
0.05,3896,93,337845,86.69361046959199,8
0.05,3897,93,337938,86.69522832221652,8
0.05,3898,93,338031,86.69684534496025,8
0.05,3899,88,338119,86.69717948717948,13
0.05,3900,95,338214,86.69930786977697,6
0.05,3901,96,338310,86.70169144028704,6
0.05,3902,94,338404,86.70356136305406,7
0.05,3903,95,338499,86.70568647540983,7
0.05,3904,94,338593,86.70755441741358,7
0.05,3905,92,338685,86.70890937019969,9
0.05,3906,93,338778,86.7105195802406,8
0.05,3907,94,338872,86.71238485158649,7
0.05,3908,95,338967,86.7145049884881,6
0.05,3909,92,339059,86.71585677749361,9
0.05,3910,96,339155,86.71823063155203,6
0.05,3911,95,339250,86.72034764826176,6
0.05,3912,94,339344,86.7222080245336,7
0.05,3913,93,339437,86.72381195707716,9
0.05,3914,95,339532,86.72592592592592,6
0.05,3915,94,339626,86.72778345250255,7
0.05,3916,96,339722,86.73015062547869,6
0.05,3917,95,339817,86.73226135783563,6
0.05,3918,95,339912,86.73437101301353,6
0.05,3919,27,339939,86.71913265306122,6
0.05,3920,96,340035,86.72149961744454,6
0.05,3921,95,340130,86.72361040285568,7
0.05,3922,94,340224,86.7254652052001,7
0.05,3923,27,340251,86.71024464831804,6
0.05,3924,93,340344,86.71184713375796,8
0.05,3925,95,340439,86.71395822720326,6
0.05,3926,94,340533,86.71581359816653,7
0.05,3927,94,340627,86.71766802443992,7
0.05,3928,94,340721,86.71952150674471,7
0.05,3929,91,340812,86.7206106870229,10
0.05,3930,96,340908,86.72297125413381,6
0.05,3931,94,341002,86.72482197355036,7
0.05,3932,94,341096,86.72667175184338,7
0.05,3933,92,341188,86.7280122013218,9
0.05,3934,88,341276,86.72833545108006,13
0.05,3935,94,341370,86.73018292682927,7
0.05,3936,96,341466,86.73253746507493,6
0.05,3937,94,341560,86.73438293550025,7
0.05,3938,93,341653,86.73597359735973,8
0.05,3939,24,341677,86.72005076142132,9
0.05,3940,96,341773,86.72240548084243,6
0.05,3941,92,341865,86.72374429223744,9
0.05,3942,96,341961,86.7260968805478,6
0.05,3943,93,342054,86.72768762677485,8
0.05,3944,93,342147,86.72927756653992,8
0.05,3945,22,342169,86.71287379624937,10
0.05,3946,94,342263,86.71472004053712,7
0.05,3947,94,342357,86.71656534954407,7
0.05,3948,91,342448,86.7176500379843,10
0.05,3949,94,342542,86.71949367088608,7
0.05,3950,93,342635,86.72108327005822,8
0.05,3951,-46,342589,86.6875,10
0.05,3952,94,342683,86.68934986086516,7
0.05,3953,93,342776,86.69094587759231,8
0.05,3954,92,342868,86.69228824273073,9
0.05,3955,94,342962,86.69413549039433,7
0.05,3956,94,343056,86.69598180439728,7
0.05,3957,89,343145,86.69656392117231,12
0.05,3958,94,343239,86.6984086890629,7
0.05,3959,87,343326,86.69848484848485,14
0.05,3960,91,343417,86.69957081545064,10
0.05,3961,24,343441,86.68374558303887,9
0.05,3962,93,343534,86.6853393893515,8
0.05,3963,93,343627,86.68693239152371,8
0.05,3964,25,343652,86.67137452711223,9
0.05,3965,95,343747,86.67347453353504,6
0.05,3966,92,343839,86.67481724224855,10
0.05,3967,94,343933,86.67666330645162,7
0.05,3968,96,344029,86.67901234567901,6
0.05,3969,94,344123,86.68085642317381,8
0.05,3970,92,344215,86.68219592042307,9
0.05,3971,94,344309,86.68403826787512,7
0.05,3972,96,344405,86.68638308582935,6
0.05,3973,96,344501,86.68872672370408,6
0.05,3974,93,344594,86.6903144654088,8
0.05,3975,96,344690,86.69265593561369,6
0.05,3976,95,344785,86.69474478249937,6
0.05,3977,92,344877,86.69607843137256,9
0.05,3978,93,344970,86.69766272932898,8
0.05,3979,93,345063,86.69924623115578,8
0.05,3980,96,345159,86.70158251695554,6
0.05,3981,94,345253,86.70341536916122,8
0.05,3982,94,345347,86.70524730102937,8
0.05,3983,94,345441,86.707078313253,7
0.05,3984,93,345534,86.7086574654956,8
0.05,3985,27,345561,86.69367787255393,6
0.05,3986,92,345653,86.69500877853022,9
0.05,3987,96,345749,86.69734202607823,6
0.05,3988,96,345845,86.69967410378541,6
0.05,3989,94,345939,86.70150375939849,7
0.05,3990,96,346035,86.70383362565774,6
0.05,3991,95,346130,86.7059118236473,6
0.05,3992,93,346223,86.70748810418232,9
0.05,3993,92,346315,86.70881321982975,9
0.05,3994,94,346409,86.71063829787234,7
0.05,3995,95,346504,86.71271271271272,6
0.05,3996,92,346596,86.71403552664498,9
0.05,3997,94,346690,86.71585792896448,7
0.05,3998,93,346783,86.71742935733934,8
0.05,3999,91,346874,86.7185,10
0.05,4000,95,346969,86.72056985753562,6
0.05,4001,95,347064,86.72263868065967,6
0.05,4002,92,347156,86.72395703222583,9
0.05,4003,91,347247,86.72502497502498,10
0.05,4004,95,347342,86.7270911360799,7
0.05,4005,96,347438,86.72940589116325,6
0.05,4006,94,347532,86.73122036436237,7
0.05,4007,93,347625,86.73278443113773,8
0.05,4008,96,347721,86.73509603392367,6
0.05,4009,95,347816,86.73715710723192,6
0.05,4010,-44,347772,86.70456245325356,8
0.05,4011,95,347867,86.70663010967098,7
0.05,4012,92,347959,86.70794916521305,9
0.05,4013,95,348054,86.7100149476831,6
0.05,4014,96,348150,86.71232876712328,7
0.05,4015,91,348241,86.71339641434263,10
0.05,4016,92,348333,86.71471247199402,9
0.05,4017,94,348427,86.7165256346441,7
0.05,4018,26,348453,86.70141826324956,7
0.05,4019,94,348547,86.70323383084578,7
0.05,4020,94,348641,86.70504849539915,7
0.05,4021,96,348737,86.70735952262557,6
0.05,4022,95,348832,86.7094208302262,6
0.05,4023,89,348921,86.70999005964215,12
0.05,4024,92,349013,86.71130434782609,9
0.05,4025,95,349108,86.71336313959264,7
0.05,4026,94,349202,86.71517258505091,7
0.05,4027,94,349296,86.71698113207547,7
0.05,4028,95,349391,86.71903698188136,6
0.05,4029,95,349486,86.7210918114144,6
0.05,4030,95,349581,86.72314562143389,7
0.05,4031,24,349605,86.70758928571429,9
0.05,4032,95,349700,86.70964542524176,8
0.05,4033,93,349793,86.71120475954388,8
0.05,4034,94,349887,86.71301115241636,7
0.05,4035,94,349981,86.71481665014866,8
0.05,4036,94,350075,86.71662125340599,7
0.05,4037,92,350167,86.71792966815255,9
0.05,4038,93,350260,86.71948502104482,8
0.05,4039,94,350354,86.72128712871287,7
0.05,4040,95,350449,86.72333580796833,6
0.05,4041,95,350544,86.72538347352796,6
0.05,4042,95,350639,86.72743012614396,6
0.05,4043,94,350733,86.72922848664689,7
0.05,4044,94,350827,86.7310259579728,7
0.05,4045,92,350919,86.73232822540781,10
0.05,4046,94,351013,86.73412404250062,7
0.05,4047,92,351105,86.73542490118577,9
0.05,4048,94,351199,86.73721906643615,7
0.05,4049,91,351290,86.73827160493828,10
0.05,4050,95,351385,86.74031103431251,6
0.05,4051,94,351479,86.74210266535044,7
0.05,4052,94,351573,86.74389341228719,7
0.05,4053,21,351594,86.72767636901825,11
0.05,4054,93,351687,86.72922318125771,8
0.05,4055,91,351778,86.73027613412229,10
0.05,4056,95,351873,86.73231451811684,6
0.05,4057,92,351965,86.73361261705274,9
0.05,4058,93,352058,86.73515644247351,8
0.05,4059,91,352149,86.73620689655172,10
0.05,4060,96,352245,86.73848805712879,6
0.05,4061,94,352339,86.74027572624323,7
0.05,4062,93,352432,86.74181639182869,8
0.05,4063,27,352459,86.72711614173228,6
0.05,4064,93,352552,86.72865928659287,8
0.05,4065,94,352646,86.73044761436302,7
0.05,4066,96,352742,86.73272682567003,6
0.05,4067,93,352835,86.734267453294,8
0.05,4068,95,352930,86.73629884492505,7
0.05,4069,96,353026,86.73857493857494,6
0.05,4070,95,353121,86.74060427413411,6
0.05,4071,95,353216,86.7426326129666,6
0.05,4072,94,353310,86.74441443653326,9
0.05,4073,94,353404,86.74619538537064,7
0.05,4074,93,353497,86.7477300613497,8
0.05,4075,95,353592,86.74975466143277,8
0.05,4076,96,353688,86.75202354672554,6
0.05,4077,94,353782,86.75380088278568,7
0.05,4078,95,353877,86.75582250551606,7
0.05,4079,93,353970,86.75735294117646,9
0.05,4080,96,354066,86.75961774074982,6
0.05,4081,94,354160,86.76139147476727,7
0.05,4082,95,354255,86.7634092578986,6
0.05,4083,94,354349,86.76518119490696,7
0.05,4084,95,354444,86.7671970624235,6
0.05,4085,93,354537,86.76872246696036,9
0.05,4086,95,354632,86.7707364815268,6
0.05,4087,26,354658,86.75587084148728,7
0.05,4088,94,354752,86.75764245536806,8
0.05,4089,94,354846,86.75941320293398,7
0.05,4090,94,354940,86.76118308482033,7
0.05,4091,95,355035,86.76319648093842,6
0.05,4092,25,355060,86.74810652333252,8
0.05,4093,93,355153,86.74963361016121,8
0.05,4094,93,355246,86.75115995115995,8
0.05,4095,96,355342,86.75341796875,6
0.05,4096,92,355434,86.75469855992189,9
0.05,4097,96,355530,86.75695461200586,6
0.05,4098,95,355625,86.75896560136619,6
0.05,4099,94,355719,86.76073170731708,7
0.05,4100,95,355814,86.76274079492806,7
0.05,4101,94,355908,86.76450511945393,7
0.05,4102,95,356003,86.76651230806726,6
0.05,4103,94,356097,86.76827485380117,7
0.05,4104,94,356191,86.7700365408039,7
0.05,4105,94,356285,86.77179736970287,7
0.05,4106,93,356378,86.77331385439494,8
0.05,4107,94,356472,86.77507302823759,7
0.05,4108,94,356566,86.77683134582624,7
0.05,4109,88,356654,86.7771289537713,13
0.05,4110,92,356746,86.77839941620044,9
0.05,4111,91,356837,86.77942607003891,10
0.05,4112,91,356928,86.78045222465354,10
0.05,4113,92,357020,86.78172095284394,9
0.05,4114,91,357111,86.7827460510328,10
0.05,4115,96,357207,86.78498542274052,6
0.05,4116,94,357301,86.78673791595823,7
0.05,4117,94,357395,86.78848955803788,7
0.05,4118,95,357490,86.79048312697256,7
0.05,4119,94,357584,86.79223300970874,7
0.05,4120,93,357677,86.79373938364475,8
0.05,4121,91,357768,86.79475982532752,10
0.05,4122,94,357862,86.79650739752607,7
0.05,4123,92,357954,86.79776915615906,9
0.05,4124,95,358049,86.79975757575758,7
0.05,4125,94,358143,86.80150266602035,7
0.05,4126,94,358237,86.80324691058881,7
0.05,4127,94,358331,86.80499031007751,7
0.05,4128,96,358427,86.80721724388472,6
0.05,4129,93,358520,86.80871670702179,8
0.05,4130,91,358611,86.80973129992738,10
0.05,4131,93,358704,86.81122942884801,8
0.05,4132,95,358799,86.81321074280184,6
0.05,4133,94,358893,86.81494920174165,8
0.05,4134,95,358988,86.81692865779928,6
0.05,4135,93,359081,86.81842359767892,8
0.05,4136,94,359175,86.82015953589557,7
0.05,4137,94,359269,86.82189463508942,7
0.05,4138,95,359364,86.8238705001208,6
0.05,4139,95,359459,86.82584541062802,7
0.05,4140,95,359554,86.82781936730258,6
0.05,4141,89,359643,86.82834379526798,12
0.05,4142,93,359736,86.82983345401883,8
0.05,4143,95,359831,86.83180501930502,6
0.05,4144,94,359925,86.8335343787696,7
0.05,4145,94,360019,86.83526290400386,8
0.05,4146,89,360108,86.83578490475043,12
0.05,4147,94,360202,86.83751205400193,7
0.05,4148,92,360294,86.83875632682575,9
0.05,4149,93,360387,86.84024096385542,8
0.05,4150,94,360481,86.84196579137557,7
0.05,4151,94,360575,86.84368978805395,7
0.05,4152,94,360669,86.84541295449073,7
0.05,4153,96,360765,86.847616754935,6
0.05,4154,95,360860,86.84957882069796,6
0.05,4155,92,360952,86.85081809432147,9
0.05,4156,92,361044,86.85205677171037,9
0.05,4157,95,361139,86.85401635401635,6
0.05,4158,95,361234,86.85597499398894,7
0.05,4159,92,361326,86.85721153846154,9
0.05,4160,93,361419,86.85868781542898,8
0.05,4161,94,361513,86.86040365209034,7
0.05,4162,93,361606,86.86187845303867,8
0.05,4163,93,361699,86.8633525456292,8
0.05,4164,96,361795,86.8655462184874,6
0.05,4165,26,361821,86.85093614978396,7
0.05,4166,95,361916,86.85289176865851,6
0.05,4167,94,362010,86.8546065259117,7
0.05,4168,94,362104,86.8563204605421,7
0.05,4169,94,362198,86.85803357314148,7
0.05,4170,93,362291,86.85950611364181,8
0.05,4171,88,362379,86.85977948226271,13
0.05,4172,95,362474,86.86173017014139,7
0.05,4173,96,362570,86.86391950167705,6
0.05,4174,92,362662,86.8651497005988,9
0.05,4175,90,362752,86.86590038314176,11
0.05,4176,93,362845,86.86736892506583,9
0.05,4177,94,362939,86.86907611297272,7
0.05,4178,96,363035,86.87126106724097,7
0.05,4179,91,363126,86.87224880382774,10
0.05,4180,22,363148,86.85673283903373,11
0.05,4181,94,363242,86.85844093735055,7
0.05,4182,92,363334,86.85967009323453,9
0.05,4183,96,363430,86.86185468451242,7
0.05,4184,93,363523,86.86332138590203,8
0.05,4185,95,363618,86.865265169613,6
0.05,4186,96,363714,86.86744685932649,6
0.05,4187,94,363808,86.86914995224451,7
0.05,4188,93,363901,86.87061351157794,8
0.05,4189,92,363993,86.87183770883055,9
0.05,4190,96,364089,86.8740157480315,6
0.05,4191,95,364184,86.87595419847328,6
0.05,4192,93,364277,86.87741473885046,8
0.05,4193,95,364372,86.87935145445876,6
0.05,4194,94,364466,86.88104886769965,7
0.05,4195,94,364560,86.88274547187798,7
0.05,4196,93,364653,86.88420300214439,9
0.05,4197,94,364747,86.8858980466889,7
0.05,4198,94,364841,86.88759228387711,7
0.05,4199,92,364933,86.88880952380953,9
0.05,4200,90,365023,86.88955010711736,11
0.05,4201,94,365117,86.89124226558782,7
0.05,4202,23,365140,86.87604092315013,10
0.05,4203,94,365234,86.87773549000951,7
0.05,4204,95,365329,86.87966706302021,6
0.05,4205,93,365422,86.88112220637186,8
0.05,4206,94,365516,86.882814357024,7
0.05,4207,96,365612,86.88498098859316,6
0.05,4208,95,365707,86.88690900451414,6
0.05,4209,96,365803,86.88907363420428,6
0.05,4210,94,365897,86.89076228924246,7
0.05,4211,95,365992,86.89268755935423,6
0.05,4212,93,366085,86.8941371943983,8
0.05,4213,95,366180,86.89606074988134,6
0.05,4214,95,366275,86.89798339264532,6
0.05,4215,92,366367,86.8991935483871,9
0.05,4216,94,366461,86.90087740099597,7
0.05,4217,94,366555,86.90256045519203,7
0.05,4218,96,366651,86.90471675752548,6
0.05,4219,93,366744,86.90616113744076,8
0.05,4220,92,366836,86.90736792229329,9
0.05,4221,92,366928,86.90857413548082,9
0.05,4222,96,367024,86.91072697134739,6
0.05,4223,96,367120,86.91287878787878,6
0.05,4224,95,367215,86.91479289940828,6
0.05,4225,94,367309,86.91646947468055,7
0.05,4226,96,367405,86.91861840548853,7
0.05,4227,96,367501,86.92076631977294,6
0.05,4228,25,367526,86.90612437928588,8
0.05,4229,93,367619,86.90756501182032,8
0.05,4230,94,367713,86.90924131411013,7
0.05,4231,93,367806,86.91068052930056,8
0.05,4232,94,367900,86.91235530356721,7
0.05,4233,96,367996,86.91450165328295,6
0.05,4234,94,368090,86.91617473435656,7
0.05,4235,95,368185,86.91808309726157,7
0.05,4236,92,368277,86.91928251121077,9
0.05,4237,94,368371,86.92095327984899,7
0.05,4238,93,368464,86.92238735550838,8
0.05,4239,95,368559,86.92429245283019,6
0.05,4240,94,368653,86.92596085828814,7
0.05,4241,93,368746,86.92739273927393,9
0.05,4242,94,368840,86.92905962762197,7
0.05,4243,91,368931,86.93001885014138,10
0.05,4244,94,369025,86.93168433451119,7
0.05,4245,93,369118,86.93311351860575,8
0.05,4246,94,369212,86.93477748999294,7
0.05,4247,96,369308,86.93691148775895,6
0.05,4248,92,369400,86.93810308307837,9
0.05,4249,95,369495,86.94,6
0.05,4250,24,369519,86.92519407198306,9
0.05,4251,92,369611,86.9263875823142,9
0.05,4252,93,369704,86.92781565953445,8
0.05,4253,92,369796,86.92900799247766,9
0.05,4254,95,369891,86.93090481786135,7
0.05,4255,92,369983,86.93209586466165,9
0.05,4256,96,370079,86.93422598073761,6
0.05,4257,92,370171,86.93541568811649,9
0.05,4258,95,370266,86.9373092275182,6
0.05,4259,95,370361,86.93920187793427,6
0.05,4260,95,370456,86.94109363999061,6
0.05,4261,93,370549,86.94251525105584,8
0.05,4262,96,370645,86.94463992493549,6
0.05,4263,89,370734,86.9451219512195,12
0.05,4264,94,370828,86.94677608440797,7
0.05,4265,91,370919,86.94772620721987,10
0.05,4266,94,371013,86.94937895476916,7
0.05,4267,94,371107,86.95103092783505,7
0.05,4268,95,371202,86.95291637385805,6
0.05,4269,93,371295,86.9543325526932,8
0.05,4270,94,371389,86.95598220557247,7
0.05,4271,93,371482,86.95739700374531,8
0.05,4272,95,371577,86.959279194945,6
0.05,4273,25,371602,86.94478240524099,8
0.05,4274,90,371692,86.94549707602339,11
0.05,4275,94,371786,86.94714686623013,7
0.05,4276,94,371880,86.9487958849661,7
0.05,4277,94,371974,86.95044413277232,7
0.05,4278,95,372069,86.95232530965178,7
0.05,4279,96,372165,86.95443925233644,6
0.05,4280,94,372259,86.95608502686288,7
0.05,4281,96,372355,86.95819710415694,6
0.05,4282,91,372446,86.95914078916647,10
0.05,4283,96,372542,86.96125116713353,6
0.05,4284,91,372633,86.96219369894982,10
0.05,4285,93,372726,86.9636024265049,8
0.05,4286,94,372820,86.96524376020527,7
0.05,4287,92,372912,86.96641791044776,9
0.05,4288,18,372930,86.95033807414316,15
0.05,4289,96,373026,86.95244755244755,6
0.05,4290,92,373118,86.95362386390119,9
0.05,4291,93,373211,86.95503261882573,8
0.05,4292,27,373238,86.94106685301654,6
0.05,4293,92,373330,86.9422449930135,9
0.05,4294,95,373425,86.9441210710128,9
0.05,4295,94,373519,86.9457635009311,7
0.05,4296,94,373613,86.94740516639516,8
0.05,4297,89,373702,86.94788273615636,12
0.05,4298,93,373795,86.94929053268201,8
0.05,4299,95,373890,86.95116279069768,6
0.05,4300,94,373984,86.9528016740293,8
0.05,4301,93,374077,86.95420734542074,8
0.05,4302,95,374172,86.95607715547293,6
0.05,4303,92,374264,86.95724907063197,9
0.05,4304,94,374358,86.95888501742161,7
0.05,4305,95,374453,86.96075243845796,6
0.05,4306,94,374547,86.96238681216624,7
0.05,4307,92,374639,86.96355617455896,9
0.05,4308,94,374733,86.96518913901137,7
0.05,4309,95,374828,86.96705336426915,7
0.05,4310,96,374924,86.9691486893992,6
0.05,4311,96,375020,86.97124304267162,6
0.05,4312,94,375114,86.97287271041039,7
0.05,4313,21,375135,86.9575799721836,12
0.05,4314,94,375229,86.95921205098493,8
0.05,4315,93,375322,86.96061167747915,8
0.05,4316,93,375415,86.96201065554783,8
0.05,4317,94,375509,86.96364057433998,7
0.05,4318,93,375602,86.9650382032878,8
0.05,4319,93,375695,86.96643518518519,8
0.05,4320,95,375790,86.96829437630178,6
0.05,4321,95,375885,86.97015270708006,6
0.05,4322,96,375981,86.97224149895905,6
0.05,4323,95,376076,86.9740980573543,6
0.05,4324,93,376169,86.97549132947977,8
0.05,4325,95,376264,86.97734627831716,6
0.05,4326,92,376356,86.97850704876357,9
0.05,4327,94,376450,86.98012939001849,7
0.05,4328,95,376545,86.98198198198199,6
0.05,4329,94,376639,86.98360277136258,7
0.05,4330,93,376732,86.98499191872547,8
0.05,4331,96,376828,86.9870729455217,6
0.05,4332,96,376924,86.98915301177014,6
0.05,4333,92,377016,86.99030918320258,9
0.05,4334,96,377112,86.99238754325259,6
0.05,4335,92,377204,86.99354243542436,9
0.05,4336,22,377226,86.97855660594881,10
0.05,4337,95,377321,86.98040571692025,6
0.05,4338,24,377345,86.96589075823923,9
0.05,4339,94,377439,86.96751152073733,7
0.05,4340,94,377533,86.96913153651232,7
0.05,4341,94,377627,86.97075080608015,7
0.05,4342,92,377719,86.97190881878886,9
0.05,4343,95,377814,86.97375690607734,6
0.05,4344,15,377829,86.9571921749137,17
0.05,4345,24,377853,86.94270593649333,9
0.05,4346,96,377949,86.9447895100069,6
0.05,4347,93,378042,86.94618215271389,8
0.05,4348,93,378135,86.94757415497816,8
0.05,4349,96,378231,86.9496551724138,6
0.05,4350,92,378323,86.9508159043898,9
0.05,4351,94,378417,86.95243566176471,7
0.05,4352,94,378511,86.95405467493683,7
0.05,4353,95,378606,86.95590261828204,6
0.05,4354,95,378701,86.9577497129736,7
0.05,4355,94,378795,86.95936639118457,7
0.05,4356,96,378891,86.96144135873307,6
0.05,4357,94,378985,86.96305644791188,7
0.05,4358,95,379080,86.96490020646938,6
0.05,4359,94,379174,86.9665137614679,7
0.05,4360,93,379267,86.96789727126806,8
0.05,4361,92,379359,86.96905089408529,9
0.05,4362,92,379451,86.9702039880816,9
0.05,4363,95,379546,86.97204399633364,7
0.05,4364,-46,379500,86.94158075601375,10
0.05,4365,91,379591,86.94251030691709,10
0.05,4366,92,379683,86.94366842225784,9
0.05,4367,94,379777,86.94528388278388,7
0.05,4368,93,379870,86.94666971847104,8
0.05,4369,94,379964,86.9482837528604,7
0.05,4370,95,380059,86.95012582932968,7
0.05,4371,95,380154,86.951967063129,7
0.05,4372,94,380248,86.95357877887034,7
0.05,4373,94,380342,86.9551897576589,7
0.05,4374,92,380434,86.95634285714286,10
0.05,4375,95,380529,86.95818098720292,6
0.05,4376,94,380623,86.9597898103724,7
0.05,4377,91,380714,86.96071265417999,10
0.05,4378,95,380809,86.96254852706097,7
0.05,4379,95,380904,86.96438356164384,7
0.05,4380,93,380997,86.96576124172563,8
0.05,4381,95,381092,86.96759470561388,7
0.05,4382,94,381186,86.96919917864476,7
0.05,4383,94,381280,86.97080291970804,7
0.05,4384,93,381373,86.97217787913341,8
0.05,4385,94,381467,86.97378020975832,7
0.05,4386,94,381561,86.97538180989287,7
0.05,4387,96,381657,86.97743846855059,6
0.05,4388,95,381752,86.9792663476874,6
0.05,4389,92,381844,86.98041002277904,9
0.05,4390,94,381938,86.98200865406514,8
0.05,4391,91,382029,86.98292349726776,10
0.05,4392,96,382125,86.98497609833827,6
0.05,4393,93,382218,86.98634501593081,8
0.05,4394,95,382313,86.98816837315131,7
0.05,4395,96,382409,86.99021838034577,6
0.05,4396,96,382505,86.99226745508301,6
0.05,4397,94,382599,86.99386084583902,7
0.05,4398,95,382694,86.99568083655376,7
0.05,4399,96,382790,86.99772727272727,6
0.05,4400,94,382884,86.99931833674165,7
0.05,4401,95,382979,87.00113584734211,6
0.05,4402,96,383075,87.00317965023848,6
0.05,4403,87,383162,87.00317892824705,14
0.05,4404,93,383255,87.00454029511918,8
0.05,4405,96,383351,87.00658193372674,6
0.05,4406,91,383442,87.0074880871341,10
0.05,4407,95,383537,87.00930127041742,7
0.05,4408,91,383628,87.01020639600817,10
0.05,4409,93,383721,87.01156462585034,8
0.05,4410,96,383817,87.013602357742,6
0.05,4411,94,383911,87.0151858567543,7
0.05,4412,94,384005,87.01676863811466,7
0.05,4413,95,384100,87.01857725419121,6
0.05,4414,93,384193,87.01993204983012,8
0.05,4415,94,384287,87.02151268115942,7
0.05,4416,94,384381,87.02309259678515,7
0.05,4417,91,384472,87.02399275690358,10
0.05,4418,93,384565,87.02534510070151,8
0.05,4419,95,384660,87.02714932126698,6
0.05,4420,95,384755,87.02895272562769,6
0.05,4421,92,384847,87.03007688828585,9
0.05,4422,94,384941,87.0316527243952,7
0.05,4423,94,385035,87.03322784810126,7
0.05,4424,96,385131,87.03525423728813,6
0.05,4425,91,385222,87.03615002259376,10
0.05,4426,94,385316,87.03772306302237,8
0.05,4427,94,385410,87.03929539295393,8
0.05,4428,94,385504,87.04086701286973,7
0.05,4429,92,385596,87.04198645598194,9
0.05,4430,94,385690,87.04355675919658,7
0.05,4431,94,385784,87.04512635379061,7
0.05,4432,95,385879,87.04692082111437,6
0.05,4433,93,385972,87.04826341903473,8
0.05,4434,93,386065,87.04960541149944,8
0.05,4435,94,386159,87.05117222723175,7
0.05,4436,94,386253,87.052738336714,7
0.05,4437,94,386347,87.05430374042362,7
0.05,4438,93,386440,87.05564316287452,8
0.05,4439,95,386535,87.05743243243244,6
0.05,4440,96,386631,87.0594460707048,6
0.05,4441,91,386722,87.06033318325079,10
0.05,4442,94,386816,87.06189511591268,7
0.05,4443,93,386909,87.06323132313231,8
0.05,4444,94,387003,87.06479190101237,7
0.05,4445,93,387096,87.06612685560054,8
0.05,4446,93,387189,87.06746120980436,8
0.05,4447,93,387282,87.06879496402878,8
0.05,4448,93,387375,87.07012811867835,8
0.05,4449,94,387469,87.07168539325842,7
0.05,4450,94,387563,87.07324196809705,7
0.05,4451,92,387655,87.07434860736747,9
0.05,4452,94,387749,87.07590388502133,7
0.05,4453,94,387843,87.07745846430176,7
0.05,4454,95,387938,87.07923681257014,7
0.05,4455,95,388033,87.08101436265709,7
0.05,4456,94,388127,87.08256674893425,7
0.05,4457,93,388220,87.08389412292507,8
0.05,4458,27,388247,87.07041937654182,6
0.05,4459,93,388340,87.07174887892377,8
0.05,4460,25,388365,87.05783456624076,8
0.05,4461,94,388459,87.05939040788884,7
0.05,4462,93,388552,87.06072148778848,8
0.05,4463,93,388645,87.06205197132617,8
0.05,4464,94,388739,87.06360582306831,7
0.05,4465,95,388834,87.0653828929691,7
0.05,4466,90,388924,87.06603984777256,11
0.05,4467,92,389016,87.06714413607878,9
0.05,4468,91,389107,87.0680241664802,10
0.05,4469,95,389202,87.06979865771812,7
0.05,4470,95,389297,87.0715723551778,7
0.05,4471,94,389391,87.07312164579606,7
0.05,4472,94,389485,87.07467024368432,7
0.05,4473,90,389575,87.07532409476978,11
0.05,4474,94,389669,87.0768715083799,7
0.05,4475,89,389758,87.07730116175156,12
0.05,4476,94,389852,87.0788474424838,7
0.05,4477,90,389942,87.07949977668602,11
0.05,4478,95,390037,87.08126814020987,6
0.05,4479,94,390131,87.0828125,7
0.05,4480,92,390223,87.08390984155322,9
0.05,4481,95,390318,87.08567603748327,6
0.05,4482,94,390412,87.08721838054873,7
0.05,4483,95,390507,87.08898305084746,7
0.05,4484,96,390603,87.09096989966555,6
0.05,4485,95,390698,87.09273294694606,6
0.05,4486,94,390792,87.09427234232227,7
0.05,4487,95,390887,87.09603386809269,6
0.05,4488,94,390981,87.09757184228113,8
0.05,4489,96,391077,87.09955456570155,6
0.05,4490,93,391170,87.10086840347361,8
0.05,4491,94,391264,87.10240427426537,7
0.05,4492,93,391357,87.10371689294458,8
0.05,4493,94,391451,87.10525144637295,7
0.05,4494,94,391545,87.1067853170189,7
0.05,4495,95,391640,87.10854092526691,7
0.05,4496,96,391736,87.11051812319324,6
0.05,4497,93,391829,87.1118274788795,8
0.05,4498,96,391925,87.1138030673483,6
0.05,4499,87,392012,87.11377777777778,14
0.05,4500,94,392106,87.11530770939791,7
0.05,4501,95,392201,87.11705908485118,6
0.05,4502,96,392297,87.1190317566067,6
0.05,4503,92,392389,87.12011545293073,9
0.05,4504,94,392483,87.12164261931187,7
0.05,4505,90,392573,87.12228140257434,11
0.05,4506,95,392668,87.12402928777458,7
0.05,4507,92,392760,87.12511091393078,9
0.05,4508,96,392856,87.12707917498336,6
0.05,4509,94,392950,87.12860310421286,7
0.05,4510,94,393044,87.13012635779207,7
0.05,4511,96,393140,87.13209219858156,6
0.05,4512,94,393234,87.13361400398848,7
0.05,4513,93,393327,87.13491360212672,8
0.05,4514,94,393421,87.13643410852713,7
0.05,4515,94,393515,87.13795394154118,7
0.05,4516,94,393609,87.13947310161612,7
0.05,4517,96,393705,87.14143426294821,6
0.05,4518,94,393799,87.14295198052666,7
0.05,4519,95,393894,87.14469026548673,6
0.05,4520,96,393990,87.14664897146649,6
0.05,4521,95,394085,87.1483856700575,6
0.05,4522,93,394178,87.1496794163166,8
0.05,4523,94,394272,87.15119363395226,7
0.05,4524,95,394367,87.15292817679558,6
0.05,4525,94,394461,87.15444100751215,8
0.05,4526,94,394555,87.15595316986968,7
0.05,4527,93,394648,87.15724381625442,8
0.05,4528,96,394744,87.15919629057187,6
0.05,4529,93,394837,87.16048565121413,8
0.05,4530,93,394930,87.16177444272788,8
0.05,4531,94,395024,87.16328331862313,7
0.05,4532,95,395119,87.16501213324509,6
0.05,4533,94,395213,87.16651962946625,7
0.05,4534,93,395306,87.16780595369349,8
0.05,4535,96,395402,87.16975308641975,6
0.05,4536,96,395498,87.1716993608111,6
0.05,4537,95,395593,87.17342441604231,6
0.05,4538,95,395688,87.17514871116987,6
0.05,4539,96,395784,87.17709251101321,6
0.05,4540,93,395877,87.17837480731116,8
0.05,4541,94,395971,87.17987670629678,7
0.05,4542,94,396065,87.1813779440898,7
0.05,4543,94,396159,87.18287852112677,7
0.05,4544,92,396251,87.18393839383938,9
0.05,4545,95,396346,87.18565772107347,6
0.05,4546,91,396437,87.186496591159,10
0.05,4547,92,396529,87.18755496921723,9
0.05,4548,96,396625,87.18949219608706,6
0.05,4549,96,396721,87.19142857142857,6
0.05,4550,96,396817,87.19336409580312,6
0.05,4551,95,396912,87.195079086116,6
0.05,4552,93,397005,87.19635405227322,8
0.05,4553,92,397097,87.19740887132191,9
0.05,4554,96,397193,87.1993413830955,7
0.05,4555,94,397287,87.20083406496927,7
0.05,4556,27,397314,87.18762343647137,6
0.05,4557,92,397406,87.18867924528301,9
0.05,4558,95,397501,87.19039262996272,6
0.05,4559,90,397591,87.19100877192983,11
0.05,4560,91,397682,87.19184389388292,10
0.05,4561,95,397777,87.1935554581324,6
0.05,4562,94,397871,87.19504711812404,7
0.05,4563,93,397964,87.1963190184049,8
0.05,4564,95,398059,87.19802847754654,6
0.05,4565,92,398151,87.19908015768725,9
0.05,4566,94,398245,87.20056930151084,7
0.05,4567,94,398339,87.202057793345,7
0.05,4568,95,398434,87.20376449989057,7
0.05,4569,94,398528,87.20525164113785,7
0.05,4570,95,398623,87.20695690220958,6
0.05,4571,94,398717,87.20844269466316,7
0.05,4572,96,398813,87.21036518696698,6
0.05,4573,92,398905,87.21141233056406,10
0.05,4574,94,398999,87.21289617486339,7
0.05,4575,94,399093,87.21437937062937,7
0.05,4576,96,399189,87.21629888573301,6
0.05,4577,93,399282,87.2175622542595,8
0.05,4578,23,399305,87.20353789036908,10
0.05,4579,96,399401,87.20545851528384,6
0.05,4580,96,399497,87.20737830168086,6
0.05,4581,95,399592,87.2090790048014,6
0.05,4582,94,399686,87.21056076805586,7
0.05,4583,95,399781,87.21226003490402,6
0.05,4584,92,399873,87.21330425299891,9
0.05,4585,93,399966,87.21456607064981,8
0.05,4586,92,400058,87.21560933071724,9
0.05,4587,96,400154,87.21752397558849,6
0.05,4588,91,400245,87.21834822401395,10
0.05,4589,95,400340,87.22004357298475,6
0.05,4590,92,400432,87.22108473099543,11
0.05,4591,95,400527,87.2227787456446,6
0.05,4592,95,400622,87.22447202264316,6
0.05,4593,94,400716,87.22594688724423,7
0.05,4594,95,400811,87.22763873775844,6
0.05,4595,92,400903,87.2286771105309,9
0.05,4596,96,400999,87.23058516423755,6
0.05,4597,93,401092,87.23183993040452,8
0.05,4598,95,401187,87.23352902804957,6
0.05,4599,94,401281,87.235,7
0.05,4600,95,401376,87.23668767659204,7
0.05,4601,-46,401330,87.2077357670578,10
0.05,4602,90,401420,87.20834238540083,11
0.05,4603,94,401514,87.20981754995655,7
0.05,4604,94,401608,87.2112920738328,7
0.05,4605,88,401696,87.21146330872774,13
0.05,4606,95,401791,87.21315389624485,6
0.05,4607,94,401885,87.21462673611111,7
0.05,4608,94,401979,87.21609893686266,8
0.05,4609,92,402071,87.21713665943601,9
0.05,4610,95,402166,87.21882454998915,8
0.05,4611,93,402259,87.22007805724198,8
0.05,4612,92,402351,87.22111424235855,9
0.05,4613,96,402447,87.22301690507152,6
0.05,4614,89,402536,87.22340195016251,12
0.05,4615,96,402632,87.22530329289428,6
0.05,4616,90,402722,87.22590426683993,11
0.05,4617,93,402815,87.22715461238631,9
0.05,4618,95,402910,87.22883741069495,6
0.05,4619,94,403004,87.23030303030303,7
0.05,4620,95,403099,87.23198441895694,6
0.05,4621,93,403192,87.23323236694071,8
0.05,4622,94,403286,87.23469608479343,7
0.05,4623,93,403379,87.2359429065744,8
0.05,4624,93,403472,87.2371891891892,8
0.05,4625,96,403568,87.23908344141807,6
0.05,4626,95,403663,87.24076075210719,6
0.05,4627,92,403755,87.24178910976664,9
0.05,4628,93,403848,87.24303305249514,8
0.05,4629,92,403940,87.24406047516199,9
0.05,4630,93,404033,87.2453033901965,8
0.05,4631,92,404125,87.24632987910189,9
0.05,4632,95,404220,87.24800345348586,7
0.05,4633,95,404315,87.24967630556755,7
0.05,4634,95,404410,87.25134843581445,6
0.05,4635,94,404504,87.2528041415013,7
0.05,4636,92,404596,87.2538279059737,9
0.05,4637,93,404689,87.25506683915481,8
0.05,4638,92,404781,87.25608967449881,10
0.05,4639,94,404875,87.25754310344827,8
0.05,4640,96,404971,87.25942684766214,6
0.05,4641,94,405065,87.26087893149504,7
0.05,4642,93,405158,87.2621150118458,8
0.05,4643,90,405248,87.26270456503015,11
0.05,4644,96,405344,87.26458557588805,6
0.05,4645,88,405432,87.26474386569092,13
0.05,4646,94,405526,87.26619324295244,7
0.05,4647,93,405619,87.26742685025818,8
0.05,4648,92,405711,87.26844482684449,9
0.05,4649,96,405807,87.27032258064516,6
0.05,4650,92,405899,87.27133949688239,9
0.05,4651,96,405995,87.27321582115219,6
0.05,4652,94,406089,87.27466150870406,7
0.05,4653,93,406182,87.2758917060593,8
0.05,4654,96,406278,87.27776584317938,6
0.05,4655,96,406374,87.27963917525773,6
0.05,4656,96,406470,87.28151170281296,6
0.05,4657,94,406564,87.28295405753542,7
0.05,4658,94,406658,87.28439579308865,7
0.05,4659,91,406749,87.28519313304722,10
0.05,4660,93,406842,87.28641922334263,8
0.05,4661,91,406933,87.28721578721579,11
0.05,4662,94,407027,87.28865537207807,7
0.05,4663,90,407117,87.28923670668954,11
0.05,4664,95,407212,87.29088960342979,6
0.05,4665,93,407305,87.29211315902272,8
0.05,4666,94,407399,87.29355046068137,7
0.05,4667,94,407493,87.29498714652956,7
0.05,4668,92,407585,87.295994859713,9
0.05,4669,93,407678,87.29721627408993,8
0.05,4670,94,407772,87.29865125240848,7
0.05,4671,94,407866,87.30008561643835,7
0.05,4672,95,407961,87.30173336186604,7
0.05,4673,95,408056,87.30338040222507,6
0.05,4674,95,408151,87.30502673796792,6
0.05,4675,93,408244,87.30624465355004,8
0.05,4676,96,408340,87.30810348514005,7
0.05,4677,93,408433,87.30932022231723,9
0.05,4678,93,408526,87.31053643941013,8
0.05,4679,94,408620,87.3119658119658,7
0.05,4680,96,408716,87.31382183294168,6
0.05,4681,88,408804,87.3139683895771,13
0.05,4682,94,408898,87.31539611360239,7
0.05,4683,23,408921,87.30166524338172,9
0.05,4684,94,409015,87.30309498399146,8
0.05,4685,92,409107,87.30409731113957,9
0.05,4686,96,409203,87.30595263494773,6
0.05,4687,92,409295,87.30695392491468,9
0.05,4688,94,409389,87.30838131797825,7
0.05,4689,94,409483,87.30980810234541,7
0.05,4690,92,409575,87.31080793007888,9
0.05,4691,94,409669,87.31223358908781,7
0.05,4692,94,409763,87.31365864052844,8
0.05,4693,92,409855,87.31465700894759,9
0.05,4694,93,409948,87.31586794462194,9
0.05,4695,94,410042,87.31729131175469,7
0.05,4696,95,410137,87.31892697466468,6
0.05,4697,-44,410093,87.29097488292891,8
0.05,4698,93,410186,87.29218982762289,8
0.05,4699,24,410210,87.27872340425532,9
0.05,4700,92,410302,87.27972771750692,9
0.05,4701,20,410322,87.26541897065079,12
0.05,4702,87,410409,87.26536253455241,14
0.05,4703,93,410502,87.26658163265306,8
0.05,4704,91,410593,87.2673751328374,10
0.05,4705,94,410687,87.2688057798555,8
0.05,4706,96,410783,87.27066071807945,7
0.05,4707,94,410877,87.27209005947324,7
0.05,4708,94,410971,87.27351879379911,7
0.05,4709,95,411066,87.2751592356688,6
0.05,4710,96,411162,87.27701125026533,6
0.05,4711,94,411256,87.27843803056027,7
0.05,4712,95,411351,87.28007638446849,6
0.05,4713,92,411443,87.28107764106916,9
0.05,4714,93,411536,87.28229056203605,8
0.05,4715,95,411631,87.28392705682782,7
0.05,4716,95,411726,87.28556285774857,6
0.05,4717,95,411821,87.28719796523951,6
0.05,4718,94,411915,87.28862047043866,7
0.05,4719,94,412009,87.29004237288136,8
0.05,4720,94,412103,87.29146367295064,7
0.05,4721,90,412193,87.29203727234223,11
0.05,4722,95,412288,87.29366927800127,7
0.05,4723,93,412381,87.29487722269263,8
0.05,4724,93,412474,87.29608465608466,8
0.05,4725,93,412567,87.2972915785019,8
0.05,4726,94,412661,87.29870954093505,7
0.05,4727,93,412754,87.29991539763114,8
0.05,4728,94,412848,87.30133220554028,7
0.05,4729,95,412943,87.30295983086681,6
0.05,4730,94,413037,87.30437539632213,7
0.05,4731,93,413130,87.30557903634826,8
0.05,4732,94,413224,87.30699345024297,7
0.05,4733,94,413318,87.30840726658217,7
0.05,4734,95,413413,87.31003167898628,6
0.05,4735,94,413507,87.31144425675676,7
0.05,4736,94,413601,87.31285623812539,8
0.05,4737,89,413690,87.3132123258759,12
0.05,4738,96,413786,87.31504536822115,6
0.05,4739,94,413880,87.31645569620254,8
0.05,4740,95,413975,87.31807635519932,6
0.05,4741,95,414070,87.31969633066217,6
0.05,4742,95,414165,87.32131562302341,6
0.05,4743,93,414258,87.3225126475548,8
0.05,4744,91,414349,87.32328767123288,10
0.05,4745,92,414441,87.32427307206068,9
0.05,4746,92,414533,87.32525805772066,9
0.05,4747,96,414629,87.3270850884583,6
0.05,4748,90,414719,87.32764792587913,11
0.05,4749,96,414815,87.32947368421053,6
0.05,4750,93,414908,87.330667227952,8
0.05,4751,95,415003,87.33228114478115,6
0.05,4752,94,415097,87.33368398905954,7
0.05,4753,95,415192,87.33529659234328,7
0.05,4754,91,415283,87.3360672975815,10
0.05,4755,94,415377,87.3374684608915,7
0.05,4756,94,415471,87.33886903510616,7
0.05,4757,25,415496,87.32576712904581,8
0.05,4758,93,415589,87.32695944526161,8
0.05,4759,95,415684,87.32857142857142,6
0.05,4760,93,415777,87.32976265490443,8
0.05,4761,95,415872,87.33137337253255,7
0.05,4762,95,415967,87.33298341381482,7
0.05,4763,95,416062,87.33459277917716,6
0.05,4764,93,416155,87.33578174186779,8
0.05,4765,93,416248,87.33697020562316,8
0.05,4766,96,416344,87.33878749737781,6
0.05,4767,95,416439,87.34039429530202,6
0.05,4768,93,416532,87.34158104424408,8
0.05,4769,93,416625,87.34276729559748,8
0.05,4770,95,416720,87.34437224900441,6
0.05,4771,94,416814,87.34576697401509,7
0.05,4772,95,416909,87.3473706264404,6
0.05,4773,94,417003,87.34876413908673,7
0.05,4774,92,417095,87.34973821989529,9
0.05,4775,95,417190,87.35134003350083,6
0.05,4776,96,417286,87.3531505128742,6
0.05,4777,94,417380,87.35454164922562,7
0.05,4778,95,417475,87.35614145218665,7
0.05,4779,95,417570,87.35774058577405,6
0.05,4780,95,417665,87.35933905040787,6
0.05,4781,95,417760,87.36093684650774,7
0.05,4782,95,417855,87.36253397449299,6
0.05,4783,96,417951,87.36433946488295,6
0.05,4784,91,418042,87.36509926854754,10
0.05,4785,96,418138,87.36690346844965,6
0.05,4786,94,418232,87.3682891163568,7
0.05,4787,94,418326,87.36967418546367,7
0.05,4788,94,418420,87.3710586761328,7
0.05,4789,96,418516,87.37286012526096,6
0.05,4790,95,418611,87.37445209768316,7
0.05,4791,92,418703,87.37541736227045,9
0.05,4792,93,418796,87.37659086167328,8
0.05,4793,96,418892,87.37838965373383,6
0.05,4794,92,418984,87.37935349322211,9
0.05,4795,94,419078,87.38073394495413,7
0.05,4796,95,419173,87.38232228476132,6
0.05,4797,96,419269,87.38411838265944,6
0.05,4798,94,419363,87.38549697853719,7
0.05,4799,94,419457,87.386875,7
0.05,4800,96,419553,87.38866902728599,6
0.05,4801,94,419647,87.39004581424406,7
0.05,4802,95,419742,87.39163023110557,6
0.05,4803,92,419834,87.39258950874272,10
0.05,4804,93,419927,87.39375650364204,8
0.05,4805,92,420019,87.39471493965875,10
0.05,4806,92,420111,87.39567297690867,9
0.05,4807,95,420206,87.39725457570715,7
0.05,4808,94,420300,87.39862757330006,7
0.05,4809,92,420392,87.3995841995842,9
0.05,4810,93,420485,87.4007482851798,8
0.05,4811,92,420577,87.40170407315046,9
0.05,4812,94,420671,87.40307500519427,7
0.05,4813,94,420765,87.40444536767761,7
0.05,4814,96,420861,87.40623052959502,6
0.05,4815,94,420955,87.4075996677741,7
0.05,4816,92,421047,87.40855304131202,9
0.05,4817,94,421141,87.40992112909922,7
0.05,4818,94,421235,87.41128864909733,7
0.05,4819,94,421329,87.41265560165975,7
0.05,4820,91,421420,87.41339970960382,10
0.05,4821,92,421512,87.41435089174617,9
0.05,4822,91,421603,87.41509433962264,10
0.05,4823,95,421698,87.41666666666667,7
0.05,4824,95,421793,87.41823834196892,6
0.05,4825,95,421888,87.41980936593453,6
0.05,4826,95,421983,87.4213797389683,7
0.05,4827,92,422075,87.42232808616404,9
0.05,4828,92,422167,87.4232760405881,9
0.05,4829,94,422261,87.42463768115942,7
0.05,4830,95,422356,87.42620575450218,6
0.05,4831,94,422450,87.42756622516556,7
0.05,4832,96,422546,87.42933995447962,7
0.05,4833,94,422640,87.43069921390153,7
0.05,4834,96,422736,87.4324715615305,6
0.05,4835,94,422830,87.43382961124897,7
0.05,4836,96,422926,87.4356005788712,6
0.05,4837,94,423020,87.43695742042166,9
0.05,4838,94,423114,87.43831370117793,8
0.05,4839,95,423209,87.43987603305786,6
0.05,4840,95,423304,87.44143771947945,6
0.05,4841,94,423398,87.44279223461379,7
0.05,4842,96,423494,87.44455915754698,6
0.05,4843,93,423587,87.44570602807597,8
0.05,4844,96,423683,87.44747162022703,6
0.05,4845,92,423775,87.44841106066859,9
0.05,4846,95,423870,87.44996905302249,6
0.05,4847,92,423962,87.45090759075907,9
0.05,4848,94,424056,87.45225819756651,8
0.05,4849,93,424149,87.45340206185567,8
0.05,4850,89,424238,87.45372088229232,12
0.05,4851,94,424332,87.45507007419621,7
0.05,4852,25,424357,87.44220070059757,10
0.05,4853,95,424452,87.44375772558715,6
0.05,4854,90,424542,87.4442842430484,12
0.05,4855,94,424636,87.44563426688633,8
0.05,4856,95,424731,87.44718962322422,6
0.05,4857,92,424823,87.44812680115274,9
0.05,4858,95,424918,87.44968100432187,7
0.05,4859,91,425009,87.45041152263374,10
0.05,4860,90,425099,87.45093602139478,11
0.05,4861,95,425194,87.4524886877828,7
0.05,4862,94,425288,87.45383508122558,7
0.05,4863,96,425384,87.45559210526316,6
0.05,4864,93,425477,87.45673175745118,9
0.05,4865,94,425571,87.4580764488286,7
0.05,4866,95,425666,87.45962605301007,7
0.05,4867,96,425762,87.46138044371405,6
0.05,4868,96,425858,87.46313411378107,6
0.05,4869,93,425951,87.46427104722792,8
0.05,4870,95,426046,87.46581810716485,7
0.05,4871,95,426141,87.4673645320197,6
0.05,4872,95,426236,87.46891032218346,6
0.05,4873,93,426329,87.4700451374641,8
0.05,4874,94,426423,87.47138461538462,7
0.05,4875,93,426516,87.47251845775226,8
0.05,4876,94,426610,87.47385687922903,7
0.05,4877,93,426703,87.4749897498975,8
0.05,4878,93,426796,87.47612215617954,8
0.05,4879,19,426815,87.46209016393442,13
0.05,4880,93,426908,87.46322474902684,9
0.05,4881,93,427001,87.46435886931586,8
0.05,4882,92,427093,87.46528773295105,11
0.05,4883,93,427186,87.46642096642097,8
0.05,4884,95,427281,87.46796315250768,6
0.05,4885,96,427377,87.46970937372083,6
0.05,4886,92,427469,87.4706363822386,10
0.05,4887,95,427564,87.4721767594108,6
0.05,4888,96,427660,87.47392104724892,6
0.05,4889,94,427754,87.47525562372188,7
0.05,4890,90,427844,87.4757718258025,11
0.05,4891,95,427939,87.477309893704,7
0.05,4892,92,428031,87.4782342121398,9
0.05,4893,96,428127,87.47997548017982,6
0.05,4894,93,428220,87.48110316649642,8
0.05,4895,96,428316,87.4828431372549,6
0.05,4896,94,428410,87.48417398407189,8
0.05,4897,94,428504,87.48550428746427,9
0.05,4898,93,428597,87.48662992447439,8
0.05,4899,92,428689,87.48755102040816,9
0.05,4900,96,428785,87.48928790042848,6
0.05,4901,96,428881,87.49102407180743,6
0.05,4902,26,428907,87.47848256169692,7
0.05,4903,92,428999,87.47940456769983,9
0.05,4904,94,429093,87.48073394495412,7
0.05,4905,94,429187,87.48206278026906,7
0.05,4906,92,429279,87.48298349296923,9
0.05,4907,93,429372,87.4841075794621,8
0.05,4908,93,429465,87.48523120798534,8
0.05,4909,94,429559,87.48655804480651,7
0.05,4910,92,429651,87.4874770922419,9
0.05,4911,91,429742,87.48819218241043,10
0.05,4912,94,429836,87.4895176063505,7
0.05,4913,89,429925,87.489824989825,12
0.05,4914,93,430018,87.49094608341811,8
0.05,4915,95,430113,87.49247355573637,7
0.05,4916,94,430207,87.49379703070979,7
0.05,4917,96,430303,87.49552663684425,7
0.05,4918,94,430397,87.49684895303923,7
0.05,4919,95,430492,87.49837398373984,6
0.05,4920,89,430581,87.49867913025808,12
0.05,4921,94,430675,87.5,7
0.05,4922,94,430769,87.50132033313021,7
0.05,4923,93,430862,87.50243704305443,8
0.05,4924,94,430956,87.50375634517766,7
0.05,4925,92,431048,87.50466910272026,9
0.05,4926,94,431142,87.50598741627765,7
0.05,4927,95,431237,87.50750811688312,6
0.05,4928,95,431332,87.50902820044634,6
0.05,4929,95,431427,87.5105476673428,7
0.05,4930,94,431521,87.51186371932671,7
0.05,4931,94,431615,87.51317923763179,7
0.05,4932,93,431708,87.51429150618284,8
0.05,4933,96,431804,87.51601134981759,6
0.05,4934,94,431898,87.51732522796352,7
0.05,4935,93,431991,87.51843598055105,8
0.05,4936,93,432084,87.51954628316791,8
0.05,4937,92,432176,87.52045362494937,9
0.05,4938,93,432269,87.52156306944725,8
0.05,4939,93,432362,87.52267206477732,8
0.05,4940,92,432454,87.52357822303178,9
0.05,4941,96,432550,87.52529340348038,6
0.05,4942,96,432646,87.52700788994538,6
0.05,4943,96,432742,87.5287216828479,7
0.05,4944,94,432836,87.53003033367037,8
0.05,4945,94,432930,87.53133845531742,8
0.05,4946,92,433022,87.53224176268445,9
0.05,4947,95,433117,87.53375101050929,7
0.05,4948,94,433211,87.53505758739139,7
0.05,4949,94,433305,87.53636363636363,7
0.05,4950,92,433397,87.53726519894971,9
0.05,4951,92,433489,87.53816639741518,9
0.05,4952,94,433583,87.53947102766,7
0.05,4953,94,433677,87.5407751312071,7
0.05,4954,95,433772,87.5422805247225,6
0.05,4955,94,433866,87.54358353510897,8
0.05,4956,94,433960,87.54488601977002,7
0.05,4957,96,434056,87.54659136748688,6
0.05,4958,94,434150,87.5478927203065,8
0.05,4959,95,434245,87.54939516129032,6
0.05,4960,93,434338,87.55049385204596,8
0.05,4961,26,434364,87.53808948004837,6
0.05,4962,94,434458,87.53939149707838,7
0.05,4963,95,434553,87.54089443996777,6
0.05,4964,96,434649,87.54259818731119,6
0.05,4965,92,434741,87.54349577124447,9
0.05,4966,96,434837,87.54519830883834,6
0.05,4967,-46,434791,87.51831723027375,10
0.05,4968,95,434886,87.51982290199236,7
0.05,4969,93,434979,87.52092555331991,8
0.05,4970,92,435071,87.52182659424663,9
0.05,4971,93,435164,87.5229283990346,9
0.05,4972,96,435260,87.52463301829881,6
0.05,4973,25,435285,87.51206272617611,7
0.05,4974,96,435381,87.5137688442211,6
0.05,4975,90,435471,87.51426848874598,11
0.05,4976,92,435563,87.51516978099257,9
0.05,4977,96,435659,87.51687424668542,6
0.05,4978,96,435755,87.51857802771642,6
0.05,4979,90,435845,87.51907630522088,11
0.05,4980,96,435941,87.52077896004818,6
0.05,4981,93,436034,87.52187876354877,8
0.05,4982,95,436129,87.5233794902669,6
0.05,4983,96,436225,87.52508025682182,6
0.05,4984,96,436321,87.52678034102307,6
0.05,4985,94,436415,87.52807862013638,8
0.05,4986,23,436438,87.51513936234208,10
0.05,4987,90,436528,87.51563753007217,11
0.05,4988,94,436622,87.51693726197635,7
0.05,4989,94,436716,87.51823647294589,8
0.05,4990,96,436812,87.51993588459227,6
0.05,4991,91,436903,87.52063301282051,10
0.05,4992,94,436997,87.52193070298418,7
0.05,4993,95,437092,87.52342811373649,6
0.05,4994,93,437185,87.52452452452452,9
0.05,4995,94,437279,87.52582065652523,7
0.05,4996,93,437372,87.52691614968981,8
0.05,4997,96,437468,87.52861144457783,6
0.05,4998,94,437562,87.52990598119624,7
0.05,4999,93,437655,87.531,8
0.05,5000,96,437751,87.53269346130774,6
0.05,5001,94,437845,87.53398640543783,7
0.05,5002,27,437872,87.52188686787927,6
0.05,5003,95,437967,87.52338129496403,7
0.05,5004,24,437991,87.51068931068932,9
0.05,5005,92,438083,87.51158609668398,9
0.05,5006,94,438177,87.51288196524865,7
0.05,5007,96,438273,87.5145766773163,6
0.05,5008,96,438369,87.51627071271712,6
0.05,5009,93,438462,87.51736526946108,8
0.05,5010,92,438554,87.51825982837757,9
0.05,5011,93,438647,87.51935355147646,8
0.05,5012,93,438740,87.52044683822062,8
0.05,5013,93,438833,87.52153968887116,8
0.05,5014,93,438926,87.52263210368893,8
0.05,5015,94,439020,87.52392344497608,7
0.05,5016,96,439116,87.52561291608531,6
0.05,5017,95,439211,87.52710243124751,6
0.05,5018,94,439305,87.52839210998206,8
0.05,5019,93,439398,87.52948207171315,8
0.05,5020,94,439492,87.53077076279625,7
0.05,5021,95,439587,87.53225806451613,6
0.05,5022,93,439680,87.53334660561417,8
0.05,5023,94,439774,87.53463375796179,8
0.05,5024,94,439868,87.53592039800995,8
0.05,5025,94,439962,87.53720652606447,7
0.05,5026,94,440056,87.53849214243087,7
0.05,5027,96,440152,87.54017501988862,7
0.05,5028,94,440246,87.54145953469875,7
0.05,5029,92,440338,87.54234592445329,9
0.05,5030,95,440433,87.5438282647585,6
0.05,5031,90,440523,87.54431637519873,11
0.05,5032,94,440617,87.54559904629446,7
0.05,5033,92,440709,87.54648390941597,9
0.05,5034,92,440801,87.54736842105264,9
0.05,5035,96,440897,87.54904686258935,6
0.05,5036,94,440991,87.55032757593806,7
0.05,5037,90,441081,87.55081381500595,11
0.05,5038,94,441175,87.55209366937885,7
0.05,5039,96,441271,87.55376984126984,6
0.05,5040,92,441363,87.55465185479072,9
0.05,5041,93,441456,87.55573185243951,8
0.05,5042,96,441552,87.55740630577037,6
0.05,5043,94,441646,87.55868358445679,7
0.05,5044,96,441742,87.5603567888999,6
0.05,5045,91,441833,87.56103844629409,10
0.05,5046,88,441921,87.5611254210422,13
0.05,5047,95,442016,87.56259904912837,6
0.05,5048,95,442111,87.56407209348386,6
0.05,5049,95,442206,87.56554455445544,6
0.05,5050,91,442297,87.56622450999802,10
0.05,5051,94,442391,87.5674980205859,7
0.05,5052,95,442486,87.5689689293489,7
0.05,5053,94,442580,87.57024139295608,7
0.05,5054,94,442674,87.57151335311573,7
0.05,5055,94,442768,87.57278481012658,7
0.05,5056,92,442860,87.57366027288907,9
0.05,5057,96,442956,87.57532621589561,6
0.05,5058,94,443050,87.57659616525005,8
0.05,5059,95,443145,87.57806324110672,6
0.05,5060,93,443238,87.57913455838766,8
0.05,5061,94,443332,87.5804030027657,7
0.05,5062,94,443426,87.5816709460794,7
0.05,5063,92,443518,87.58254344391786,9
0.05,5064,90,443608,87.58302073050345,11
0.05,5065,95,443703,87.58448480063166,6
0.05,5066,95,443798,87.58594829287547,6
0.05,5067,94,443892,87.58721389108129,8
0.05,5068,95,443987,87.58867626750839,6
0.05,5069,93,444080,87.58974358974359,8
0.05,5070,94,444174,87.59100769079078,7
0.05,5071,92,444266,87.59187697160883,9
0.05,5072,93,444359,87.59294303173664,8
0.05,5073,25,444384,87.58060701616083,8
0.05,5074,96,444480,87.58226600985222,6
0.05,5075,92,444572,87.58313632781717,9
0.05,5076,96,444668,87.58479416978531,6
0.05,5077,95,444763,87.5862544308783,6
0.05,5078,90,444853,87.58672967119512,11
0.05,5079,95,444948,87.58818897637795,6
0.05,5080,93,445041,87.58925408384177,8
0.05,5081,93,445134,87.59031877213695,8
0.05,5082,91,445225,87.59098957308676,10
0.05,5083,95,445320,87.59244689221086,7
0.05,5084,94,445414,87.5937069813176,7
0.05,5085,94,445508,87.59496657491152,7
0.05,5086,95,445603,87.59642225280126,6
0.05,5087,20,445623,87.58313679245283,12
0.05,5088,93,445716,87.584201218314,8
0.05,5089,96,445812,87.58585461689587,6
0.05,5090,96,445908,87.5875073659399,6
0.05,5091,96,446004,87.58915946582876,6
0.05,5092,94,446098,87.59041822108777,7
0.05,5093,94,446192,87.59167648213585,7
0.05,5094,94,446286,87.59293424926399,7
0.05,5095,95,446381,87.59438775510205,6
0.05,5096,95,446476,87.59584069060232,7
0.05,5097,93,446569,87.59690074539034,8
0.05,5098,95,446664,87.59835261816042,7
0.05,5099,94,446758,87.59960784313725,7
0.05,5100,91,446849,87.60027445598902,10
0.05,5101,27,446876,87.58839670717366,6
0.05,5102,96,446972,87.59004507152655,6
0.05,5103,94,447066,87.59130094043887,8
0.05,5104,95,447161,87.59275220372184,6
0.05,5105,93,447254,87.59381120250686,8
0.05,5106,94,447348,87.59506559624046,7
0.05,5107,96,447444,87.59671104150353,6
0.05,5108,94,447538,87.59796437659033,7
0.05,5109,94,447632,87.59921722113504,7
0.05,5110,94,447726,87.60046957542555,7
0.05,5111,93,447819,87.60152582159624,8
0.05,5112,95,447914,87.60297281439468,7
0.05,5113,94,448008,87.60422369964803,7
0.05,5114,94,448102,87.60547409579668,7
0.05,5115,92,448194,87.60633307271306,9
0.05,5116,94,448288,87.60758256791088,7
0.05,5117,94,448382,87.60883157483391,7
0.05,5118,91,448473,87.60949404180504,11
0.05,5119,96,448569,87.6111328125,6
0.05,5120,94,448663,87.6123803944542,7
0.05,5121,95,448758,87.61382272549785,6
0.05,5122,95,448853,87.61526449346086,6
0.05,5123,93,448946,87.61631537861047,8
0.05,5124,93,449039,87.61736585365854,8
0.05,5125,96,449135,87.61900117050331,6
0.05,5126,93,449228,87.6200507119173,8
0.05,5127,93,449321,87.62109984399376,8
0.05,5128,94,449415,87.6223435367518,7
0.05,5129,90,449505,87.62280701754386,11
0.05,5130,95,449600,87.6242447865913,6
0.05,5131,95,449695,87.62568199532346,6
0.05,5132,92,449787,87.62653419053186,9
0.05,5133,94,449881,87.62777561355668,7
0.05,5134,94,449975,87.62901655306719,7
0.05,5135,92,450067,87.6298676012461,9
0.05,5136,96,450163,87.63149698267472,6
0.05,5137,92,450255,87.63234721681589,11
0.05,5138,94,450349,87.63358630083674,8
0.05,5139,89,450438,87.63385214007782,12
0.05,5140,91,450529,87.63450690527135,10
0.05,5141,93,450622,87.63555036950603,8
0.05,5142,93,450715,87.63659342796034,8
0.05,5143,95,450810,87.63802488335925,6
0.05,5144,92,450902,87.63887269193391,9
0.05,5145,96,450998,87.64049747376603,6
0.05,5146,94,451092,87.6417330483777,7
0.05,5147,94,451186,87.64296814296814,7
0.05,5148,95,451281,87.6443969702855,6
0.05,5149,94,451375,87.64563106796116,7
0.05,5150,93,451468,87.64667054940789,8
0.05,5151,94,451562,87.64790372670808,7
0.05,5152,95,451657,87.6493304870949,6
0.05,5153,96,451753,87.65095071788902,6
0.05,5154,92,451845,87.65179437439379,9
0.05,5155,94,451939,87.65302560124127,7
0.05,5156,96,452035,87.65464417296879,6
0.05,5157,92,452127,87.65548662272198,9
0.05,5158,95,452222,87.65691025392518,6
0.05,5159,92,452314,87.6577519379845,9
0.05,5160,95,452409,87.65917457857005,6
0.05,5161,94,452503,87.66040294459512,7
0.05,5162,94,452597,87.66163083478598,7
0.05,5163,95,452692,87.66305189775368,8
0.05,5164,95,452787,87.66447241045499,6
0.05,5165,91,452878,87.66511807975223,10
0.05,5166,92,452970,87.66595703503,9
0.05,5167,96,453066,87.66756965944272,6
0.05,5168,96,453162,87.66918165989553,6
0.05,5169,94,453256,87.67040618955512,7
0.05,5170,27,453283,87.65867337072133,6
0.05,5171,95,453378,87.66009280742459,6
0.05,5172,94,453472,87.6613183839165,7
0.05,5173,91,453563,87.66196366447623,10
0.05,5174,95,453658,87.66338164251208,6
0.05,5175,95,453753,87.66479907264296,7
0.05,5176,93,453846,87.66582963106046,8
0.05,5177,92,453938,87.66666666666667,9
0.05,5178,92,454030,87.6675033790307,9
0.05,5179,94,454124,87.66872586872587,7
0.05,5180,92,454216,87.66956186064466,10
0.05,5181,94,454310,87.67078348128136,7
0.05,5182,94,454404,87.67200463052286,7
0.05,5183,93,454497,87.6730324074074,8
0.05,5184,91,454588,87.67367405978786,10
0.05,5185,88,454676,87.6737369841882,13
0.05,5186,92,454768,87.6745710429921,9
0.05,5187,94,454862,87.6757902852737,7
0.05,5188,94,454956,87.67700905762189,7
0.05,5189,91,455047,87.6776493256262,10
0.05,5190,96,455143,87.6792525524947,7
0.05,5191,93,455236,87.68027734976887,8
0.05,5192,96,455332,87.68187945310996,6
0.05,5193,96,455428,87.68348093954563,6
0.05,5194,93,455521,87.68450433108758,8
0.05,5195,96,455617,87.68610469591994,6
0.05,5196,94,455711,87.68731960746585,7
0.05,5197,95,455806,87.68872643324356,6
0.05,5198,89,455895,87.68897864974033,12
0.05,5199,93,455988,87.69,8
0.05,5200,90,456078,87.69044414535666,11
0.05,5201,90,456168,87.69088811995387,11
0.05,5202,93,456261,87.69190851431867,8
0.05,5203,93,456354,87.69292851652575,8
0.05,5204,94,456448,87.69414024975984,7
0.05,5205,93,456541,87.69515943142528,8
0.05,5206,93,456634,87.69617822162473,8
0.05,5207,91,456725,87.69681259600614,10
0.05,5208,96,456821,87.6984066039547,6
0.05,5209,92,456913,87.69923224568139,9
0.05,5210,92,457005,87.7000575705239,9
0.05,5211,95,457100,87.7014581734459,6
0.05,5212,96,457196,87.70305006713984,6
0.05,5213,27,457223,87.69140774836977,6
0.05,5214,94,457317,87.69261744966443,7
0.05,5215,92,457409,87.69344325153374,9
0.05,5216,96,457505,87.69503546099291,6
0.05,5217,94,457599,87.69624377155998,7
0.05,5218,95,457694,87.69764322667177,6
0.05,5219,27,457721,87.6860153256705,6
0.05,5220,94,457815,87.68722466960352,7
0.05,5221,95,457910,87.68862504787438,6
0.05,5222,95,458005,87.69002488991,6
0.05,5223,94,458099,87.69123277182236,7
0.05,5224,96,458195,87.69282296650718,8
0.05,5225,95,458290,87.69422120168389,7
0.05,5226,96,458386,87.6958102161852,6
0.05,5227,95,458481,87.69720734506504,6
0.05,5228,94,458575,87.6984126984127,7
0.05,5229,94,458669,87.69961759082219,7
0.05,5230,94,458763,87.70082202255783,7
0.05,5231,93,458856,87.70183486238533,8
0.05,5232,94,458950,87.70303841008982,7
0.05,5233,92,459042,87.70385938097057,9
0.05,5234,96,459138,87.7054441260745,6
0.05,5235,93,459231,87.70645530939649,8
0.05,5236,94,459325,87.70765705556616,7
0.05,5237,93,459418,87.70866743031692,8
0.05,5238,96,459514,87.71025004771903,6
0.05,5239,94,459608,87.71145038167938,7
0.05,5240,96,459704,87.71303186414806,6
0.05,5241,27,459731,87.7014498283098,7
0.05,5242,94,459825,87.70265115391952,7
0.05,5243,93,459918,87.70366132723112,8
0.05,5244,91,460009,87.70428979980935,10
0.05,5245,94,460103,87.70548989706442,8
0.05,5246,96,460199,87.70707070707071,6
0.05,5247,95,460294,87.70846036585365,7
0.05,5248,94,460388,87.70965898266337,7
0.05,5249,94,460482,87.71085714285714,7
0.05,5250,96,460578,87.71243572652828,6
0.05,5251,95,460673,87.71382330540746,6
0.05,5252,92,460765,87.71463925375976,9
0.05,5253,96,460861,87.71621621621621,6
0.05,5254,90,460951,87.71665080875357,11
0.05,5255,96,461047,87.71822678843226,6
0.05,5256,94,461141,87.7194217234164,8
0.05,5257,94,461235,87.7206162038798,7
0.05,5258,94,461329,87.72181023008176,7
0.05,5259,95,461424,87.72319391634981,6
0.05,5260,91,461515,87.7238167648736,10
0.05,5261,94,461609,87.72500950209046,7
0.05,5262,95,461704,87.72639179175376,6
0.05,5263,95,461799,87.727773556231,6
0.05,5264,94,461893,87.7289648622982,7
0.05,5265,94,461987,87.73015571591341,7
0.05,5266,93,462080,87.73115625593317,8
0.05,5267,96,462176,87.73272589217919,6
0.05,5268,91,462267,87.7333459859556,10
0.05,5269,93,462360,87.73434535104364,8
0.05,5270,94,462454,87.73553405425915,7
0.05,5271,94,462548,87.73672230652504,7
0.05,5272,93,462641,87.73772046273469,8
0.05,5273,92,462733,87.7385286310201,9
0.05,5274,92,462825,87.739336492891,9
0.05,5275,94,462919,87.74052312357847,7
0.05,5276,94,463013,87.7417093045291,7
0.05,5277,94,463107,87.74289503599849,7
0.05,5278,91,463198,87.74351202879333,10
0.05,5279,95,463293,87.74488636363637,7
0.05,5280,91,463384,87.74550274569211,10
0.05,5281,95,463479,87.74687618326392,6
0.05,5282,93,463572,87.74787052810903,8
0.05,5283,93,463665,87.74886449659348,8
0.05,5284,93,463758,87.74985808893094,8
0.05,5285,94,463852,87.75104048429814,7
0.05,5286,95,463947,87.7524115755627,6
0.05,5287,90,464037,87.75283661119516,11
0.05,5288,94,464131,87.75401777273586,8
0.05,5289,96,464227,87.75557655954631,6
0.05,5290,92,464319,87.75637875637875,9
0.05,5291,95,464414,87.75774754346183,6
0.05,5292,94,464508,87.75892688456452,7
0.05,5293,94,464602,87.76010578012844,7
0.05,5294,94,464696,87.76128423040605,7
0.05,5295,93,464789,87.76227341389728,8
0.05,5296,92,464881,87.76307343779497,9
0.05,5297,88,464969,87.76311815779539,13
0.05,5298,89,465058,87.76335157576901,12
0.05,5299,93,465151,87.76433962264151,8
0.05,5300,95,465246,87.76570458404075,6
0.05,5301,20,465266,87.75292342512259,12
0.05,5302,91,465357,87.75353573448992,10
0.05,5303,95,465452,87.75490196078431,6
0.05,5304,89,465541,87.75513666352498,12
0.05,5305,93,465634,87.75612514134941,10
0.05,5306,96,465730,87.7576785377803,6
0.05,5307,96,465826,87.7592313489073,6
0.05,5308,94,465920,87.76040685628179,7
0.05,5309,93,466013,87.76139359698682,8
0.05,5310,92,466105,87.76219167765016,9
0.05,5311,91,466196,87.76280120481928,10
0.05,5312,95,466291,87.76416337285903,6
0.05,5313,92,466383,87.76496048174633,10
0.05,5314,94,466477,87.76613358419567,7
0.05,5315,94,466571,87.76730624529722,7
0.05,5316,90,466661,87.7677261613692,11
0.05,5317,96,466757,87.76927416321925,6
0.05,5318,95,466852,87.77063357774017,6
0.05,5319,96,466948,87.77218045112782,6
0.05,5320,94,467042,87.77335087389588,7
0.05,5321,94,467136,87.77452085682074,7
0.05,5322,93,467229,87.77550253616381,9
0.05,5323,96,467325,87.77704733283245,6
0.05,5324,95,467420,87.77840375586854,6
0.05,5325,96,467516,87.77994742771311,6
0.05,5326,94,467610,87.78111507415055,7
0.05,5327,91,467701,87.78171921921921,10
0.05,5328,94,467795,87.78288609495215,7
0.05,5329,93,467888,87.78386491557224,8
0.05,5330,95,467983,87.78521853310824,6
0.05,5331,93,468076,87.78619654913729,8
0.05,5332,94,468170,87.78736171010688,7
0.05,5333,93,468263,87.7883389576303,8
0.05,5334,93,468356,87.78931583880038,9
0.05,5335,94,468450,87.79047976011994,9
0.05,5336,94,468544,87.79164324526887,7
0.05,5337,93,468637,87.7926189584114,8
0.05,5338,93,468730,87.79359430604983,8
0.05,5339,92,468822,87.79438202247191,10
0.05,5340,92,468914,87.79516944392437,9
0.05,5341,93,469007,87.79614376637963,8
0.05,5342,95,469102,87.79749204566723,7
0.05,5343,93,469195,87.79846556886227,8
0.05,5344,92,469287,87.79925163704397,9
0.05,5345,94,469381,87.80041152263375,7
0.05,5346,92,469473,87.80119693285955,9
0.05,5347,94,469567,87.80235602094241,7
0.05,5348,96,469663,87.80388857730416,6
0.05,5349,93,469756,87.80485981308411,8
0.05,5350,95,469851,87.80620444776677,7
0.05,5351,94,469945,87.80736173393124,7
0.05,5352,94,470039,87.80851858770782,7
0.05,5353,95,470134,87.80986178558088,6
0.05,5354,95,470229,87.81120448179271,6
0.05,5355,95,470324,87.81254667662435,6
0.05,5356,94,470418,87.81370169871197,8
0.05,5357,94,470512,87.81485628966033,7
0.05,5358,94,470606,87.81601044971077,7
0.05,5359,92,470698,87.81679104477612,9
0.05,5360,94,470792,87.81794441335572,7
0.05,5361,91,470883,87.81853785900783,10
0.05,5362,95,470978,87.81987693455156,6
0.05,5363,93,471071,87.82084265473527,8
0.05,5364,95,471166,87.82218080149114,7
0.05,5365,94,471260,87.82333209094297,7
0.05,5366,95,471355,87.82466927520029,6
0.05,5367,94,471449,87.82581967213115,7
0.05,5368,95,471544,87.82715589495251,6
0.05,5369,94,471638,87.82830540037244,7
0.05,5370,94,471732,87.82945447775089,7
0.05,5371,95,471827,87.83078927773641,6
0.05,5372,96,471923,87.8323096966313,6
0.05,5373,94,472017,87.83345738742092,7
0.05,5374,94,472111,87.83460465116279,7
0.05,5375,94,472205,87.83575148809524,8
0.05,5376,92,472297,87.83652594383486,9
0.05,5377,94,472391,87.83767199702491,7
0.05,5378,96,472487,87.83918944041643,6
0.05,5379,93,472580,87.84014869888476,8
0.05,5380,94,472674,87.84129343988106,7
0.05,5381,91,472765,87.84188034188034,10
0.05,5382,96,472861,87.84339587590563,6
0.05,5383,25,472886,87.8317236255572,8
0.05,5384,96,472982,87.83324048282266,6
0.05,5385,95,473077,87.83457111028592,7
0.05,5386,94,473171,87.83571561165769,7
0.05,5387,94,473265,87.83685968819599,7
0.05,5388,93,473358,87.83781777695306,8
0.05,5389,94,473452,87.83896103896105,8
0.05,5390,94,473546,87.84010387683176,7
0.05,5391,92,473638,87.84087537091987,12
0.05,5392,90,473728,87.84127572779529,11
0.05,5393,93,473821,87.84223210975158,8
0.05,5394,94,473915,87.8433734939759,7
0.05,5395,95,474010,87.84469977761304,6
0.05,5396,96,474106,87.846210857884,6
0.05,5397,95,474201,87.84753612449055,6
0.05,5398,95,474296,87.8488609001667,6
0.05,5399,93,474389,87.84981481481482,8
0.05,5400,92,474481,87.85058322532865,9
0.05,5401,94,474575,87.8517215845983,7
0.05,5402,94,474669,87.8528595224875,7
0.05,5403,91,474760,87.85344189489267,10
0.05,5404,94,474854,87.85457909343201,8
0.05,5405,96,474950,87.85608583055864,6
0.05,5406,90,475040,87.85648233771037,11
0.05,5407,26,475066,87.84504437869822,7
0.05,5408,95,475161,87.84636716583472,6
0.05,5409,92,475253,87.847134935305,9
0.05,5410,95,475348,87.84845684716319,6
0.05,5411,93,475441,87.84940872135994,8
0.05,5412,94,475535,87.85054498429706,7
0.05,5413,95,475630,87.85186553380126,6
0.05,5414,93,475723,87.8528162511542,8
0.05,5415,91,475814,87.85339734121122,10
0.05,5416,96,475910,87.85490123684696,6
0.05,5417,94,476004,87.85603543743079,7
0.05,5418,94,476098,87.85716921941318,7
0.05,5419,96,476194,87.85867158671587,6
0.05,5420,95,476289,87.85998893193138,6
0.05,5421,95,476384,87.86130579122096,7
0.05,5422,94,476478,87.86243776507469,7
0.05,5423,94,476572,87.86356932153393,7
0.05,5424,94,476666,87.8647004608295,7
0.05,5425,94,476760,87.86583118319204,7
0.05,5426,95,476855,87.86714575271789,7
0.05,5427,96,476951,87.86864406779661,6
0.05,5428,95,477046,87.86995763492357,6
0.05,5429,96,477142,87.87145488029466,6
0.05,5430,93,477235,87.87239918983613,8
0.05,5431,92,477327,87.8731590574374,9
0.05,5432,93,477420,87.87410270568746,8
0.05,5433,23,477443,87.86216415163784,10
0.05,5434,95,477538,87.86347746090156,7
0.05,5435,92,477630,87.86423841059603,9
0.05,5436,94,477724,87.86536693029244,7
0.05,5437,96,477820,87.86686281721221,6
0.05,5438,95,477915,87.86817429674572,6
0.05,5439,92,478007,87.86893382352942,9
0.05,5440,93,478100,87.86987686087116,8
0.05,5441,96,478196,87.87137081955163,6
0.05,5442,95,478291,87.87268050707331,7
0.05,5443,94,478385,87.87380602498163,7
0.05,5444,24,478409,87.86207529843894,9
0.05,5445,94,478503,87.86320235034889,7
0.05,5446,94,478597,87.864328988434,7
0.05,5447,93,478690,87.86527165932452,8
0.05,5448,93,478783,87.86621398421728,8
0.05,5449,94,478877,87.86733944954129,7
0.05,5450,95,478972,87.86864795450376,6
0.05,5451,93,479065,87.86958914159942,8
0.05,5452,95,479160,87.87089675408032,6
0.05,5453,92,479252,87.87165383204987,9
0.05,5454,95,479347,87.87296058661778,6
0.05,5455,95,479442,87.87426686217009,7
0.05,5456,27,479469,87.8631115997801,6
0.05,5457,94,479563,87.86423598387688,8
0.05,5458,94,479657,87.8653599560359,7
0.05,5459,91,479748,87.86593406593407,10
0.05,5460,92,479840,87.86669108221938,9
0.05,5461,91,479931,87.86726473819114,10
0.05,5462,96,480027,87.86875343218011,6
0.05,5463,95,480122,87.87005856515373,6
0.05,5464,95,480217,87.87136322049405,7
0.05,5465,94,480311,87.87248444932308,7
0.05,5466,93,480404,87.87342235229559,8
0.05,5467,92,480496,87.87417702999268,9
0.05,5468,92,480588,87.87493143170597,9
0.05,5469,96,480684,87.8764168190128,6
0.05,5470,93,480777,87.87735331749224,8
0.05,5471,93,480870,87.8782894736842,8
0.05,5472,95,480965,87.87959071807053,6
0.05,5473,95,481060,87.8808914870296,7
0.05,5474,93,481153,87.88182648401826,8
0.05,5475,96,481249,87.88330898466033,6
0.05,5476,94,481343,87.88442578053679,7
0.05,5477,93,481436,87.88535962029938,8
0.05,5478,93,481529,87.88629311918233,8
0.05,5479,96,481625,87.88777372262774,6
0.05,5480,94,481719,87.88888888888889,7
0.05,5481,94,481813,87.89000364830353,7
0.05,5482,95,481908,87.891300383002,7
0.05,5483,93,482001,87.8922319474836,8
0.05,5484,94,482095,87.89334548769371,7
0.05,5485,96,482191,87.89482318629238,6
0.05,5486,94,482285,87.89593584836888,7
0.05,5487,95,482380,87.8972303206997,6
0.05,5488,94,482474,87.8983421388231,8
0.05,5489,95,482569,87.89963570127505,6
0.05,5490,92,482661,87.90038244399928,9
0.05,5491,95,482756,87.90167516387473,9
0.05,5492,96,482852,87.90314946295285,6
0.05,5493,95,482947,87.9044412085912,6
0.05,5494,93,483040,87.90536851683349,8
0.05,5495,96,483136,87.90684133915575,6
0.05,5496,91,483227,87.9074040385665,10
0.05,5497,94,483321,87.90851218624954,7
0.05,5498,95,483416,87.90980178214221,7
0.05,5499,93,483509,87.91072727272727,9
0.05,5500,94,483603,87.91183421196146,7
0.05,5501,94,483697,87.91294074881861,7
0.05,5502,96,483793,87.91441032164273,6
0.05,5503,93,483886,87.91533430232558,8
0.05,5504,95,483981,87.91662125340599,6
0.05,5505,94,484075,87.91772611696331,7
0.05,5506,92,484167,87.91846740512075,9
0.05,5507,94,484261,87.91957153231662,7
0.05,5508,94,484355,87.92067525866763,7
0.05,5509,93,484448,87.92159709618875,8
0.05,5510,94,484542,87.92270005443658,7
0.05,5511,92,484634,87.92343976777939,9
0.05,5512,90,484724,87.92381643388354,11
0.05,5513,27,484751,87.91276750090678,6
0.05,5514,95,484846,87.9140525838622,6
0.05,5515,92,484938,87.91479332849892,9
0.05,5516,24,484962,87.90320826536161,9
0.05,5517,94,485056,87.90431315694092,7
0.05,5518,93,485149,87.90523645587969,8
0.05,5519,93,485242,87.90615942028985,9
0.05,5520,95,485337,87.9074443035682,6
0.05,5521,92,485429,87.90818544005795,10
0.05,5522,94,485523,87.90928843020097,7
0.05,5523,96,485619,87.91075307748008,6
0.05,5524,93,485712,87.9116742081448,8
0.05,5525,94,485806,87.91277596815056,7
0.05,5526,96,485902,87.91423918943369,6
0.05,5527,94,485996,87.91534008683068,7
0.05,5528,94,486090,87.91644058600109,7
0.05,5529,93,486183,87.91735985533454,8
0.05,5530,96,486279,87.91882118965829,6
0.05,5531,91,486370,87.91937816341287,11
0.05,5532,89,486459,87.91957346828123,12
0.05,5533,96,486555,87.92103361040839,6
0.05,5534,92,486647,87.92177055103885,9
0.05,5535,92,486739,87.92250722543352,9
0.05,5536,93,486832,87.92342423695142,8
0.05,5537,95,486927,87.92470205850488,6
0.05,5538,95,487022,87.92597941866762,6
0.05,5539,93,487115,87.92689530685921,8
0.05,5540,96,487211,87.92835228298141,6
0.05,5541,93,487304,87.92926741248647,8
0.05,5542,93,487397,87.93018221179867,8
0.05,5543,93,487490,87.93109668109668,8
0.05,5544,95,487585,87.93237150586114,6
0.05,5545,95,487680,87.93364587089795,6
0.05,5546,93,487773,87.93455922120064,8
0.05,5547,95,487868,87.93583273251622,7
0.05,5548,95,487963,87.9371057848261,7
0.05,5549,93,488056,87.93801801801801,8
0.05,5550,94,488150,87.93911007025761,8
0.05,5551,94,488244,87.94020172910663,7
0.05,5552,94,488338,87.9412929947776,7
0.05,5553,94,488432,87.94238386748289,7
0.05,5554,94,488526,87.94347434743474,7
0.05,5555,94,488620,87.94456443484522,7
0.05,5556,91,488711,87.94511427028972,10
0.05,5557,94,488805,87.94620367038503,8
0.05,5558,95,488900,87.94747256700846,6
0.05,5559,94,488994,87.94856115107913,7
0.05,5560,93,489087,87.94946951987053,8
0.05,5561,93,489180,87.95037756202805,8
0.05,5562,94,489274,87.95146503685062,7
0.05,5563,94,489368,87.95255212077642,7
0.05,5564,93,489461,87.95345911949686,8
0.05,5565,85,489546,87.95292849443047,16
0.05,5566,94,489640,87.9540147296569,8
0.05,5567,94,489734,87.95510057471265,7
0.05,5568,96,489830,87.95654516071107,6
0.05,5569,94,489924,87.95763016157989,8
0.05,5570,94,490018,87.95871477293124,7
0.05,5571,96,490114,87.96015793251973,6
0.05,5572,96,490210,87.96160057419702,6
0.05,5573,91,490301,87.96214567635451,10
0.05,5574,94,490395,87.96322869955156,7
0.05,5575,94,490489,87.96431133428982,7
0.05,5576,93,490582,87.96521427290658,8
0.05,5577,94,490676,87.96629616349946,7
0.05,5578,91,490767,87.96683993547231,10
0.05,5579,94,490861,87.9679211469534,7
0.05,5580,95,490956,87.96918115033148,6
0.05,5581,96,491052,87.9706198495163,6
0.05,5582,94,491146,87.9716998029733,7
0.05,5583,91,491237,87.97224212034384,10
0.05,5584,93,491330,87.97314234556849,9
0.05,5585,22,491352,87.96133190118152,11
0.05,5586,96,491448,87.9627707177376,6
0.05,5587,96,491544,87.96420901932713,6
0.05,5588,94,491638,87.96528896045804,7
0.05,5589,95,491733,87.96654740608228,6
0.05,5590,96,491829,87.96798426041853,7
0.05,5591,94,491923,87.96906294706724,8
0.05,5592,27,491950,87.95816198819954,6
0.05,5593,96,492046,87.95959957096889,6
0.05,5594,96,492142,87.96103663985701,6
0.05,5595,94,492236,87.96211579699785,7
0.05,5596,92,492328,87.96283723423262,9
0.05,5597,96,492424,87.96427295462665,6
0.05,5598,92,492516,87.96499374888373,9
0.05,5599,94,492610,87.96607142857142,7
0.05,5600,95,492705,87.96732726298875,7
0.05,5601,94,492799,87.96840414137807,7
0.05,5602,93,492892,87.96930215955739,8
0.05,5603,23,492915,87.95770877944325,10
0.05,5604,95,493010,87.95896520963426,7
0.05,5605,92,493102,87.95968605066001,9
0.05,5606,94,493196,87.96076333154984,7
0.05,5607,93,493289,87.96166191155493,8
0.05,5608,91,493380,87.96220360135497,10
0.05,5609,95,493475,87.96345811051694,6
0.05,5610,93,493568,87.96435572981643,8
0.05,5611,93,493661,87.96525302922309,9
0.05,5612,94,493755,87.96632816675574,7
0.05,5613,95,493850,87.96758104738154,7
0.05,5614,92,493942,87.96829919857524,9
0.05,5615,95,494037,87.96955128205128,7
0.05,5616,90,494127,87.96991276482107,11
0.05,5617,93,494220,87.97080811676753,8
0.05,5618,93,494313,87.9717031500267,8
0.05,5619,94,494407,87.97277580071174,7
0.05,5620,94,494501,87.97384806973848,7
0.05,5621,92,494593,87.97456421202419,9
0.05,5622,94,494687,87.97563578161125,7
0.05,5623,94,494781,87.97670697012802,7
0.05,5624,94,494875,87.97777777777777,8
0.05,5625,94,494969,87.9788482047636,7
0.05,5626,94,495063,87.97991825128842,7
0.05,5627,92,495155,87.98063255152807,9
0.05,5628,95,495250,87.98187955231835,6
0.05,5629,95,495345,87.98312611012433,7
0.05,5630,25,495370,87.97194104066773,8
0.05,5631,93,495463,87.97283380681819,8
0.05,5632,92,495555,87.97354873069412,9
0.05,5633,95,495650,87.97479588214412,6
0.05,5634,94,495744,87.97586512866016,7
0.05,5635,92,495836,87.97657913413768,9
0.05,5636,92,495928,87.97729288628703,9
0.05,5637,93,496021,87.97818375310393,8
0.05,5638,94,496115,87.97925164036177,7
0.05,5639,94,496209,87.98031914893618,7
0.05,5640,92,496301,87.98103173196242,9
0.05,5641,93,496394,87.98192130450195,8
0.05,5642,95,496489,87.98316498316498,7
0.05,5643,93,496582,87.98405386250886,8
0.05,5644,96,496678,87.98547387068201,6
0.05,5645,90,496768,87.9858306765852,11
0.05,5646,93,496861,87.98671861165221,8
0.05,5647,94,496955,87.98778328611898,7
0.05,5648,96,497051,87.98920162860684,6
0.05,5649,94,497145,87.99026548672566,7
0.05,5650,95,497240,87.99150592815431,7
0.05,5651,93,497333,87.99239207360226,9
0.05,5652,95,497428,87.99363169998232,6
0.05,5653,94,497522,87.99469402193138,7
0.05,5654,92,497614,87.99540229885058,9
0.05,5655,95,497709,87.99664073550213,6
0.05,5656,94,497803,87.99770196217077,7
0.05,5657,94,497897,87.99876281371509,7
0.05,5658,89,497986,87.99893974200388,12
0.05,5659,91,498077,87.99946996466431,10
0.05,5660,94,498171,88.00052994170642,7
0.05,5661,92,498263,88.00123631225715,9
0.05,5662,96,498359,88.0026487727353,6
0.05,5663,96,498455,88.00406073446328,6
0.05,5664,95,498550,88.00529567519858,7
0.05,5665,92,498642,88.0060007059654,10
0.05,5666,91,498733,88.00652902770425,10
0.05,5667,96,498829,88.00793930839802,6
0.05,5668,94,498923,88.00899629564297,7
0.05,5669,92,499015,88.00970017636685,9
0.05,5670,93,499108,88.01058014459531,8
0.05,5671,90,499198,88.01093088857546,11
0.05,5672,96,499294,88.01233915036136,6
0.05,5673,94,499388,88.0133944307367,7
0.05,5674,93,499481,88.0142731277533,9
0.05,5675,94,499575,88.01532769556026,7
0.05,5676,94,499669,88.01638189184429,7
0.05,5677,96,499765,88.01778795350475,6
0.05,5678,95,499860,88.01901743264659,6
0.05,5679,91,499951,88.01954225352112,10
0.05,5680,93,500044,88.0204189403274,8
0.05,5681,96,500140,88.02182330165435,6
0.05,5682,94,500234,88.02287524194968,7
0.05,5683,92,500326,88.02357494722027,9
0.05,5684,95,500421,88.02480211081794,7
0.05,5685,94,500515,88.02585297221245,7
0.05,5686,93,500608,88.02672762440655,8
0.05,5687,94,500702,88.02777777777777,8
0.05,5688,95,500797,88.02900333977853,6
0.05,5689,94,500891,88.03005272407732,7
0.05,5690,93,500984,88.03092602354594,8
0.05,5691,91,501075,88.03144764581869,11
0.05,5692,95,501170,88.03267170209028,6
0.05,5693,96,501266,88.03407095187917,6
0.05,5694,94,501360,88.03511852502194,8
0.05,5695,96,501456,88.03651685393258,6
0.05,5696,94,501550,88.0375636299807,8
0.05,5697,94,501644,88.03861003861005,7
0.05,5698,94,501738,88.03965608001404,7
0.05,5699,95,501833,88.04087719298245,6
0.05,5700,95,501928,88.04209787756534,7
0.05,5701,95,502023,88.04331813398808,6
0.05,5702,93,502116,88.04418726985797,8
0.05,5703,95,502211,88.04540673211781,6
0.05,5704,96,502307,88.04680105170902,6
0.05,5705,94,502401,88.0478443743428,7
0.05,5706,94,502495,88.04888733134747,7
0.05,5707,92,502587,88.04957953749124,9
0.05,5708,94,502681,88.0506218251883,7
0.05,5709,96,502777,88.05201401050788,7
0.05,5710,93,502870,88.05288040623358,8
0.05,5711,96,502966,88.05427170868347,6
0.05,5712,94,503060,88.05531244530019,7
0.05,5713,94,503154,88.05635281764089,7
0.05,5714,95,503249,88.0575678040245,6
0.05,5715,95,503344,88.05878236529041,6
0.05,5716,27,503371,88.04810215147805,6
0.05,5717,92,503463,88.04879328436516,9
0.05,5718,93,503556,88.04965903129917,8
0.05,5719,95,503651,88.05087412587413,6
0.05,5720,94,503745,88.05191400104877,7
0.05,5721,94,503839,88.05295351275778,7
0.05,5722,92,503931,88.05364319412895,9
0.05,5723,96,504027,88.05503144654088,6
0.05,5724,96,504123,88.0564192139738,6
0.05,5725,95,504218,88.05763185469787,6
0.05,5726,93,504311,88.05849484896106,8
0.05,5727,95,504406,88.05970670391062,6
0.05,5728,95,504501,88.06091813580032,6
0.05,5729,91,504592,88.06143106457243,10
0.05,5730,94,504686,88.06246728319665,7
0.05,5731,94,504780,88.06350314026518,7
0.05,5732,94,504874,88.06453863596721,7
0.05,5733,92,504966,88.06522497384024,10
0.05,5734,96,505062,88.0666085440279,6
0.05,5735,95,505157,88.06781729428172,6
0.05,5736,94,505251,88.06885131601882,7
0.05,5737,96,505347,88.07023353084699,6
0.05,5738,94,505441,88.0712667712145,7
0.05,5739,93,505534,88.07212543554007,8
0.05,5740,94,505628,88.07315798641352,7
0.05,5741,93,505721,88.07401602229189,8
0.05,5742,95,505816,88.07522200940275,6
0.05,5743,96,505912,88.07660167130919,6
0.05,5744,96,506008,88.07798085291557,6
0.05,5745,93,506101,88.07883745214062,8
0.05,5746,94,506195,88.07986775709065,7
0.05,5747,95,506290,88.08107167710509,6
0.05,5748,91,506381,88.08157940511393,10
0.05,5749,94,506475,88.08260869565217,8
0.05,5750,94,506569,88.08363762823856,7
0.05,5751,94,506663,88.08466620305981,7
0.05,5752,91,506754,88.08517295324178,10
0.05,5753,94,506848,88.08620090371915,7
0.05,5754,96,506944,88.08757602085143,6
0.05,5755,92,507036,88.08825573314802,11
0.05,5756,92,507128,88.0889352093104,9
0.05,5757,94,507222,88.08996179228899,7
0.05,5758,94,507316,88.09098801875325,8
0.05,5759,95,507411,88.0921875,7
0.05,5760,93,507504,88.09303940288144,8
0.05,5761,95,507599,88.09423811176674,7
0.05,5762,89,507688,88.09439528023599,12
0.05,5763,22,507710,88.08292852185981,11
0.05,5764,96,507806,88.08430182133564,6
0.05,5765,95,507901,88.08550121401318,6
0.05,5766,95,507996,88.08670019074042,7
0.05,5767,94,508090,88.0877253814147,7
0.05,5768,94,508184,88.08875021667534,7
0.05,5769,90,508274,88.0890814558059,11
0.05,5770,92,508366,88.08975914053023,9
0.05,5771,96,508462,88.09112959112959,6
0.05,5772,94,508556,88.09215312662394,7
0.05,5773,25,508581,88.08122618635261,8
0.05,5774,94,508675,88.08225108225108,8
0.05,5775,94,508769,88.0832756232687,7
0.05,5776,93,508862,88.08412670936472,8
0.05,5777,94,508956,88.08515057113188,7
0.05,5778,95,509051,88.08634711887869,7
0.05,5779,92,509143,88.08702422145329,9
0.05,5780,89,509232,88.08718214841723,12
0.05,5781,93,509325,88.08803182289866,8
0.05,5782,94,509419,88.08905412415702,7
0.05,5783,94,509513,88.09007607192254,7
0.05,5784,92,509605,88.09075194468453,9
0.05,5785,96,509701,88.09211890770825,6
0.05,5786,94,509795,88.09313979609469,7
0.05,5787,27,509822,88.08258465791292,6
0.05,5788,95,509917,88.0837795819658,6
0.05,5789,93,510010,88.08462867012089,8
0.05,5790,94,510104,88.08565014677949,7
0.05,5791,94,510198,88.08667127071823,7
0.05,5792,92,510290,88.08734679785948,9
0.05,5793,95,510385,88.08853986882983,6
0.05,5794,94,510479,88.0895599654875,7
0.05,5795,94,510573,88.09057971014492,8
0.05,5796,93,510666,88.0914265999655,8
0.05,5797,91,510757,88.09192825112108,10
0.05,5798,94,510851,88.0929470598379,7
0.05,5799,94,510945,88.09396551724137,8
0.05,5800,95,511040,88.0951560075849,7
0.05,5801,90,511130,88.09548431575318,11
0.05,5802,93,511223,88.09632948474926,8
0.05,5803,93,511316,88.09717436250861,8
0.05,5804,95,511411,88.09836347975883,7
0.05,5805,94,511505,88.09937995177403,7
0.05,5806,96,511601,88.1007404856208,6
0.05,5807,96,511697,88.10210055096418,6
0.05,5808,94,511791,88.10311585470821,7
0.05,5809,94,511885,88.10413080895009,7
0.05,5810,91,511976,88.10462915160902,10
0.05,5811,92,512068,88.10529938059187,9
0.05,5812,94,512162,88.10631343540341,7
0.05,5813,94,512256,88.10732714138287,7
0.05,5814,93,512349,88.10816852966467,8
0.05,5815,94,512443,88.10918156808803,7
0.05,5816,96,512539,88.1105380780471,6
0.05,5817,96,512635,88.11189412169131,6
0.05,5818,91,512726,88.11239044509365,10
0.05,5819,93,512819,88.11323024054983,8
0.05,5820,95,512914,88.11441333104277,6
0.05,5821,91,513005,88.11490896599106,11
0.05,5822,93,513098,88.1157478962734,8
0.05,5823,94,513192,88.11675824175825,7
0.05,5824,94,513286,88.11776824034335,7
0.05,5825,94,513380,88.11877789220735,7
0.05,5826,27,513407,88.10828899948515,6
0.05,5827,95,513502,88.10947151681538,6
0.05,5828,93,513595,88.1103105163836,8
0.05,5829,93,513688,88.11114922813036,8
0.05,5830,91,513779,88.11164465786314,10
0.05,5831,93,513872,88.1124828532236,8
0.05,5832,96,513968,88.11383507629007,6
0.05,5833,94,514062,88.11484401782653,7
0.05,5834,92,514154,88.11550985432733,9
0.05,5835,95,514249,88.11668951336532,7
0.05,5836,96,514345,88.11804008908686,6
0.05,5837,94,514439,88.11904761904762,7
0.05,5838,95,514534,88.12022606610721,7
0.05,5839,96,514630,88.12157534246575,6
0.05,5840,94,514724,88.12258174970039,7
0.05,5841,95,514819,88.12375898664841,6
0.05,5842,93,514912,88.12459353072052,8
0.05,5843,94,515006,88.12559890485969,7
0.05,5844,96,515102,88.12694610778443,6
0.05,5845,27,515129,88.11648990762914,7
0.05,5846,96,515225,88.11783820762784,6
0.05,5847,93,515318,88.1186730506156,8
0.05,5848,94,515412,88.11967857753461,7
0.05,5849,94,515506,88.12068376068376,7
0.05,5850,94,515600,88.12168860023928,7
0.05,5851,90,515690,88.122009569378,11
0.05,5852,93,515783,88.12284298650265,8
0.05,5853,24,515807,88.11188930645713,10
0.05,5854,93,515900,88.1127241673783,9
0.05,5855,94,515994,88.11372950819673,8
0.05,5856,94,516088,88.11473450571965,7
0.05,5857,93,516181,88.11556845339706,8
0.05,5858,94,516275,88.11657279399215,10
0.05,5859,95,516370,88.11774744027304,6
0.05,5860,93,516463,88.1185804470227,8
0.05,5861,27,516490,88.10815421357898,7
0.05,5862,96,516586,88.10950025584172,6
0.05,5863,96,516682,88.11084583901774,6
0.05,5864,94,516776,88.11184995737426,7
0.05,5865,92,516868,88.11251278554381,9
0.05,5866,94,516962,88.11351627748424,7
0.05,5867,94,517056,88.11451942740287,8
0.05,5868,95,517151,88.11569262225251,6
0.05,5869,93,517244,88.11652470187394,8
0.05,5870,93,517337,88.11735649804122,8
0.05,5871,94,517431,88.1183583106267,7
0.05,5872,94,517525,88.11935978205346,8
0.05,5873,95,517620,88.12053115423902,6
0.05,5874,94,517714,88.12153191489362,7
0.05,5875,94,517808,88.12253233492171,7
0.05,5876,96,517904,88.12387272417901,6
0.05,5877,91,517995,88.12436202790064,10
0.05,5878,92,518087,88.1250212621194,9
0.05,5879,95,518182,88.12619047619047,6
0.05,5880,92,518274,88.12684917531033,9
0.05,5881,96,518370,88.12818769126147,6
0.05,5882,26,518396,88.11762706102328,7
0.05,5883,94,518490,88.11862678450034,7
0.05,5884,94,518584,88.1196261682243,7
0.05,5885,93,518677,88.12045531770302,8
0.05,5886,92,518769,88.12111431968745,9
0.05,5887,93,518862,88.12194293478261,8
0.05,5888,26,518888,88.11139412463916,7
0.05,5889,94,518982,88.11239388794567,7
0.05,5890,95,519077,88.11356306229843,7
0.05,5891,27,519104,88.10319076714188,6
0.05,5892,92,519196,88.10385202782963,9
0.05,5893,94,519290,88.10485239226333,7
0.05,5894,92,519382,88.10551314673452,9
0.05,5895,94,519476,88.10651289009498,7
0.05,5896,96,519572,88.10785144988978,6
0.05,5897,94,519666,88.1088504577823,7
0.05,5898,94,519760,88.10984912697067,8
0.05,5899,93,519853,88.11067796610169,8
0.05,5900,92,519945,88.111337061515,9
0.05,5901,92,520037,88.11199593358184,9
0.05,5902,94,520131,88.11299339318991,8
0.05,5903,93,520224,88.11382113821138,9
0.05,5904,93,520317,88.11464860287892,8
0.05,5905,95,520412,88.11581442600745,6
0.05,5906,95,520507,88.11697985441002,6
0.05,5907,95,520602,88.11814488828706,6
0.05,5908,94,520696,88.11914029446606,7
0.05,5909,96,520792,88.12047377326566,6
0.05,5910,94,520886,88.12146844865505,7
0.05,5911,93,520979,88.12229364005412,8
0.05,5912,96,521075,88.12362590901404,6
0.05,5913,93,521168,88.1244504565438,8
0.05,5914,95,521263,88.12561284868977,7
0.05,5915,92,521355,88.1262677484787,9
0.05,5916,94,521449,88.12726043603178,7
0.05,5917,96,521545,88.1285907401149,6
0.05,5918,92,521637,88.12924480486569,9
0.05,5919,90,521727,88.12956081081082,11
0.05,5920,94,521821,88.13055227157575,7
0.05,5921,25,521846,88.11989192840257,8
0.05,5922,94,521940,88.12088468681411,7
0.05,5923,96,522036,88.12221471978393,7
0.05,5924,93,522129,88.12303797468354,8
0.05,5925,93,522222,88.12386095173811,9
0.05,5926,93,522315,88.12468365108823,8
0.05,5927,91,522406,88.12516869095816,10
0.05,5928,94,522500,88.12615955473099,7
0.05,5929,92,522592,88.12681281618887,9
0.05,5930,94,522686,88.1278030686225,7
0.05,5931,95,522781,88.12896156439649,6
0.05,5932,95,522876,88.13011966964436,6
0.05,5933,92,522968,88.13077182339063,9
0.05,5934,92,523060,88.13142375737152,9
0.05,5935,93,523153,88.13224393530997,8
0.05,5936,96,523249,88.13356914266464,6
0.05,5937,95,523344,88.13472549680027,7
0.05,5938,91,523435,88.1352079474659,10
0.05,5939,92,523527,88.13585858585859,9
0.05,5940,94,523621,88.13684564888067,7
0.05,5941,94,523715,88.13783237967014,7
0.05,5942,94,523809,88.13881877839475,7
0.05,5943,90,523899,88.13913189771198,11
0.05,5944,95,523994,88.14028595458369,7
0.05,5945,93,524087,88.14110326269761,8
0.05,5946,27,524114,88.13082226332605,6
0.05,5947,95,524209,88.13197713517148,6
0.05,5948,93,524302,88.13279542780299,8
0.05,5949,96,524398,88.13411764705883,6
0.05,5950,89,524487,88.13426314905058,12
0.05,5951,96,524583,88.13558467741936,6
0.05,5952,94,524677,88.13656979674114,7
0.05,5953,96,524773,88.13789049378569,7
0.05,5954,96,524869,88.1392107472712,6
0.05,5955,91,524960,88.13969106783075,10
0.05,5956,95,525055,88.1408427060601,6
0.05,5957,93,525148,88.14165827458879,8
0.05,5958,-46,525102,88.11914750797114,10
0.05,5959,92,525194,88.11979865771812,9
0.05,5960,94,525288,88.1207851031706,7
0.05,5961,92,525380,88.12143575981214,9
0.05,5962,25,525405,88.1108502431662,8
0.05,5963,96,525501,88.11217303822937,6
0.05,5964,96,525597,88.11349538977368,6
0.05,5965,95,525692,88.11464968152866,7
0.05,5966,94,525786,88.11563599798895,8
0.05,5967,90,525876,88.11595174262735,11
0.05,5968,93,525969,88.1167699782208,8
0.05,5969,94,526063,88.1177554438861,7
0.05,5970,22,526085,88.10668229777256,11
0.05,5971,93,526178,88.10750167448091,8
0.05,5972,91,526269,88.10798593671522,10
0.05,5973,96,526365,88.10930699698694,6
0.05,5974,94,526459,88.11029288702929,7
0.05,5975,96,526555,88.11161311914324,6
0.05,5976,93,526648,88.1124309854442,8
0.05,5977,93,526741,88.11324857811977,8
0.05,5978,92,526833,88.1138986452584,9
0.05,5979,88,526921,88.11387959866221,13
0.05,5980,92,527013,88.11452934291924,9
0.05,5981,92,527105,88.11517886994316,10
0.05,5982,94,527199,88.1161624603042,7
0.05,5983,92,527291,88.1168114973262,9
0.05,5984,95,527386,88.11796157059315,6
0.05,5985,95,527481,88.11911125960575,6
0.05,5986,95,527576,88.12026056455655,7
0.05,5987,94,527670,88.12124248496994,7
0.05,5988,22,527692,88.11020203706796,10
0.05,5989,96,527788,88.11151919866444,6
0.05,5990,92,527880,88.11216825237857,9
0.05,5991,94,527974,88.11315086782376,7
0.05,5992,95,528069,88.11430001668613,6
0.05,5993,94,528163,88.11528194861528,7
0.05,5994,95,528258,88.11643035863219,7
0.05,5995,92,528350,88.11707805203469,9
0.05,5996,94,528444,88.11805902951475,7
0.05,5997,94,528538,88.11903967989329,7
0.05,5998,95,528633,88.12018669778297,6
0.05,5999,94,528727,88.12116666666667,7
0.05,6000,96,528823,88.12247958673555,6
0.05,6001,93,528916,88.12329223592135,8
0.05,6002,95,529011,88.12443778110945,6
0.05,6003,94,529105,88.12541638907395,7
0.05,6004,91,529196,88.12589508742714,10
0.05,6005,95,529291,88.12703962703962,6
0.05,6006,91,529382,88.12751789578824,10
0.05,6007,95,529477,88.12866178428762,7
0.05,6008,27,529504,88.11848893326676,6
0.05,6009,94,529598,88.11946755407654,7
0.05,6010,94,529692,88.12044584927632,8
0.05,6011,96,529788,88.12175648702595,6
0.05,6012,96,529884,88.12306668884085,6
0.05,6013,94,529978,88.12404389757234,7
0.05,6014,94,530072,88.12502078137989,8
0.05,6015,93,530165,88.12583111702128,8
0.05,6016,92,530257,88.12647498753532,9
0.05,6017,93,530350,88.12728481222997,8
0.05,6018,94,530444,88.1282605083901,7
0.05,6019,93,530537,88.12906976744186,8
0.05,6020,95,530632,88.13021092841721,6
0.05,6021,24,530656,88.1195616074394,9
0.05,6022,95,530751,88.1207039681222,7
0.05,6023,95,530846,88.1218459495352,6
0.05,6024,95,530941,88.12298755186723,6
0.05,6025,95,531036,88.124128775307,6
0.05,6026,95,531131,88.12526962004314,6
0.05,6027,90,531221,88.12558062375581,11
0.05,6028,94,531315,88.12655498424283,7
0.05,6029,94,531409,88.12752902155887,7
0.05,6030,93,531502,88.12833692588293,8
0.05,6031,91,531593,88.12881299734748,10
0.05,6032,94,531687,88.12978617603183,7
0.05,6033,94,531781,88.13075903215115,7
0.05,6034,92,531873,88.13140016570009,9
0.05,6035,93,531966,88.13220675944333,8
0.05,6036,95,532061,88.13334437634586,6
0.05,6037,95,532156,88.13448161642928,6
0.05,6038,93,532249,88.13528729922173,8
0.05,6039,94,532343,88.13625827814569,7
0.05,6040,94,532437,88.13722893560669,7
0.05,6041,94,532531,88.13819927176432,7
0.05,6042,94,532625,88.13916928677808,7
0.05,6043,94,532719,88.14013898080741,7
0.05,6044,24,532743,88.12952853598014,9
0.05,6045,95,532838,88.13066490241482,6
0.05,6046,92,532930,88.13130477922937,10
0.05,6047,96,533026,88.13260582010582,6
0.05,6048,96,533122,88.13390643081502,6
0.05,6049,25,533147,88.12347107438016,8
0.05,6050,92,533239,88.12411171707156,9
0.05,6051,94,533333,88.1250826173166,7
0.05,6052,96,533429,88.12638361143235,7
0.05,6053,96,533525,88.12768417575157,6
0.05,6054,93,533618,88.12848885218827,8
0.05,6055,92,533710,88.12912813738441,9
0.05,6056,95,533805,88.13026250619119,6
0.05,6057,96,533901,88.13156157147573,6
0.05,6058,94,533995,88.13253012048193,7
0.05,6059,96,534091,88.13382838283829,6
0.05,6060,95,534186,88.13496122752021,7
0.05,6061,88,534274,88.13493896403827,13
0.05,6062,94,534368,88.13590631700478,7
0.05,6063,90,534458,88.13621372031662,11
0.05,6064,95,534553,88.13734542456719,7
0.05,6065,94,534647,88.13831190240685,7
0.05,6066,91,534738,88.1387835833196,10
0.05,6067,96,534834,88.14007910349373,6
0.05,6068,93,534927,88.14087988136431,9
0.05,6069,95,535022,88.14200988467874,6
0.05,6070,93,535115,88.14281008071158,9
0.05,6071,93,535208,88.14361001317523,8
0.05,6072,96,535304,88.14490367199078,6
0.05,6073,96,535400,88.14619690484031,6
0.05,6074,96,535496,88.14748971193416,6
0.05,6075,96,535592,88.14878209348255,6
0.05,6076,94,535686,88.14974493993746,8
0.05,6077,92,535778,88.15037841395196,9
0.05,6078,93,535871,88.15117618029281,9
0.05,6079,93,535964,88.15197368421053,8
0.05,6080,94,536058,88.15293537247163,7
0.05,6081,94,536152,88.15389674449195,7
0.05,6082,93,536245,88.15469340785796,8
0.05,6083,93,536338,88.15548980933596,8
0.05,6084,93,536431,88.15628594905505,8
0.05,6085,92,536523,88.15691751560959,11
0.05,6086,93,536616,88.15771315919172,8
0.05,6087,93,536709,88.1585085413929,8
0.05,6088,92,536801,88.1591394317622,10
0.05,6089,95,536896,88.16026272577997,6
0.05,6090,94,536990,88.16122147430636,7
0.05,6091,95,537085,88.1623440577807,6
0.05,6092,94,537179,88.1633021500082,7
0.05,6093,93,537272,88.16409583196587,8
0.05,6094,94,537366,88.16505332239541,8
0.05,6095,91,537457,88.16551837270342,10
0.05,6096,94,537551,88.16647531572904,7
0.05,6097,92,537643,88.16710396851427,9
0.05,6098,95,537738,88.16822429906541,6
0.05,6099,94,537832,88.16918032786886,8
0.05,6100,93,537925,88.16997213571545,8
0.05,6101,92,538017,88.17059980334317,9
0.05,6102,91,538108,88.171063411437,10
0.05,6103,26,538134,88.16087811271298,7
0.05,6104,94,538228,88.16183456183457,7
0.05,6105,94,538322,88.16279069767442,7
0.05,6106,96,538418,88.16407401342721,6
0.05,6107,25,538443,88.15373280943025,8
0.05,6108,95,538538,88.15485349484368,7
0.05,6109,92,538630,88.15548281505728,9
0.05,6110,96,538726,88.1567664866634,6
0.05,6111,95,538821,88.15788612565446,6
0.05,6112,94,538915,88.15884181253067,7
0.05,6113,95,539010,88.15996074582924,6
0.05,6114,96,539106,88.16124284546198,6
0.05,6115,96,539202,88.16252452583387,6
0.05,6116,94,539296,88.16347882949158,7
0.05,6117,93,539389,88.16426936907486,8
0.05,6118,95,539484,88.16538650106226,7
0.05,6119,94,539578,88.16633986928105,7
0.05,6120,94,539672,88.16729292599248,7
0.05,6121,90,539762,88.16759229010127,12
0.05,6122,94,539856,88.16854483096522,7
0.05,6123,23,539879,88.1579033311561,10
0.05,6124,93,539972,88.15869387755102,8
0.05,6125,95,540067,88.1598106431603,7
0.05,6126,94,540161,88.16076383221805,7
0.05,6127,93,540254,88.16155352480418,8
0.05,6128,96,540350,88.16283243596018,6
0.05,6129,93,540443,88.16362153344208,8
0.05,6130,94,540537,88.16457347904094,7
0.05,6131,94,540631,88.16552511415524,7
0.05,6132,91,540722,88.1659872819175,10
0.05,6133,94,540816,88.16693837626345,7
0.05,6134,91,540907,88.16740016299919,10
0.05,6135,96,541003,88.16867666232073,6
0.05,6136,92,541095,88.16930096138178,9
0.05,6137,94,541189,88.17025089605735,7
0.05,6138,96,541285,88.17152630721615,6
0.05,6139,94,541379,88.17247557003257,7
0.05,6140,94,541473,88.17342452369321,7
0.05,6141,93,541566,88.17421035493325,8
0.05,6142,94,541660,88.17515871723913,7
0.05,6143,95,541755,88.17626953125,8
0.05,6144,94,541849,88.17721724979658,8
0.05,6145,91,541940,88.17767653758543,10
0.05,6146,96,542036,88.17894908085245,6
0.05,6147,96,542132,88.18022121014964,6
0.05,6148,93,542225,88.18100504147016,8
0.05,6149,90,542315,88.18130081300814,11
0.05,6150,94,542409,88.18224678913998,7
0.05,6151,94,542503,88.18319245773732,7
0.05,6152,96,542599,88.18446286364374,6
0.05,6153,94,542693,88.18540786480338,7
0.05,6154,96,542789,88.18667749796913,6
0.05,6155,92,542881,88.18729694606887,9
0.05,6156,95,542976,88.18840344323534,7
0.05,6157,92,543068,88.18902240987333,9
0.05,6158,95,543163,88.1901282675759,6
0.05,6159,96,543259,88.19139610389611,6
0.05,6160,96,543355,88.19266352864794,6
0.05,6161,92,543447,88.19328140214216,9
0.05,6162,27,543474,88.18335226350803,6
0.05,6163,92,543566,88.18397144711227,9
0.05,6164,95,543661,88.18507704785077,6
0.05,6165,96,543757,88.18634446967239,6
0.05,6166,91,543848,88.18680071347495,10
0.05,6167,93,543941,88.18758106355382,9
0.05,6168,95,544036,88.18868536229535,6
0.05,6169,93,544129,88.18946515397083,8
0.05,6170,96,544225,88.19073083778966,6
0.05,6171,95,544320,88.19183408943616,6
0.05,6172,94,544414,88.19277498785031,7
0.05,6173,96,544510,88.19403952057013,6
0.05,6174,94,544604,88.19497975708502,7
0.05,6175,94,544698,88.19591968911917,8
0.05,6176,-48,544650,88.17387081107334,12
0.05,6177,89,544739,88.17400453221107,12
0.05,6178,94,544833,88.17494740249231,7
0.05,6179,94,544927,88.17588996763754,8
0.05,6180,92,545019,88.17650865555736,9
0.05,6181,91,545110,88.17696538337108,10
0.05,6182,96,545206,88.1782306323791,6
0.05,6183,96,545302,88.17949547218629,6
0.05,6184,95,545397,88.18059822150364,6
0.05,6185,94,545491,88.18153895893954,7
0.05,6186,94,545585,88.18247939227412,7
0.05,6187,96,545681,88.18374272786038,6
0.05,6188,95,545776,88.18484407820327,6
0.05,6189,95,545871,88.1859450726979,6
0.05,6190,95,545966,88.18704571151672,6
0.05,6191,90,546056,88.18733850129199,11
0.05,6192,94,546150,88.18827708703375,7
0.05,6193,94,546244,88.18921536971263,7
0.05,6194,94,546338,88.19015334947538,7
0.05,6195,94,546432,88.19109102646868,8
0.05,6196,91,546523,88.19154429562691,10
0.05,6197,91,546614,88.1919974185221,10
0.05,6198,94,546708,88.19293434424907,7
0.05,6199,93,546801,88.19370967741935,8
0.05,6200,92,546893,88.19432349621029,9
0.05,6201,94,546987,88.19525959367945,7
0.05,6202,94,547081,88.19619538932774,7
0.05,6203,94,547175,88.1971308833011,7
0.05,6204,93,547268,88.19790491539081,8
0.05,6205,94,547362,88.19883983242023,7
0.05,6206,94,547456,88.19977444820364,7
0.05,6207,94,547550,88.20070876288659,7
0.05,6208,92,547642,88.2013206635529,10
0.05,6209,90,547732,88.20161030595813,11
0.05,6210,96,547828,88.2028658831106,6
0.05,6211,92,547920,88.20347714101739,9
0.05,6212,96,548016,88.20473201352004,6
0.05,6213,94,548110,88.20566462825877,7
0.05,6214,94,548204,88.20659694288013,7
0.05,6215,94,548298,88.20752895752896,7
0.05,6216,94,548392,88.20846067235001,7
0.05,6217,92,548484,88.20907044065616,9
0.05,6218,94,548578,88.21000160797556,7
0.05,6219,95,548673,88.21109324758842,6
0.05,6220,95,548768,88.21218453624819,6
0.05,6221,94,548862,88.21311475409836,7
0.05,6222,21,548883,88.20231399646472,11
0.05,6223,94,548977,88.20324550128535,7
0.05,6224,94,549071,88.20417670682731,7
0.05,6225,92,549163,88.20478637969804,9
0.05,6226,94,549257,88.20571703870243,7
0.05,6227,93,549350,88.20648683365447,8
0.05,6228,96,549446,88.20773799967893,6
0.05,6229,94,549540,88.20866773675762,7
0.05,6230,18,549558,88.19740009629272,14
0.05,6231,93,549651,88.19817073170732,8
0.05,6232,94,549745,88.19910155623295,8
0.05,6233,91,549836,88.19955085017645,10
0.05,6234,94,549930,88.20048115477145,7
0.05,6235,93,550023,88.20125080179602,8
0.05,6236,94,550117,88.20218053551388,7
0.05,6237,94,550211,88.2031099711446,7
0.05,6238,94,550305,88.20403910883154,7
0.05,6239,92,550397,88.20464743589744,9
0.05,6240,92,550489,88.20525556801795,9
0.05,6241,95,550584,88.20634412047421,6
0.05,6242,92,550676,88.20695178600032,10
0.05,6243,93,550769,88.20771941063421,8
0.05,6244,92,550861,88.20832666132907,9
0.05,6245,96,550957,88.20957412744156,6
0.05,6246,95,551052,88.21066111733631,7
0.05,6247,92,551144,88.21126760563381,9
0.05,6248,94,551238,88.21219395103216,7
0.05,6249,94,551332,88.21312,7
0.05,6250,94,551426,88.21404575267957,7
0.05,6251,92,551518,88.2146513115803,9
0.05,6252,95,551613,88.21573644650567,6
0.05,6253,94,551707,88.21666133674448,7
0.05,6254,92,551799,88.21726618705036,9
0.05,6255,94,551893,88.2181905370844,7
0.05,6256,96,551989,88.2194342336583,6
0.05,6257,94,552083,88.22035794183445,7
0.05,6258,94,552177,88.22128135484901,7
0.05,6259,95,552272,88.22236421725239,7
0.05,6260,95,552367,88.2234467337486,7
0.05,6261,94,552461,88.22436921111466,7
0.05,6262,94,552555,88.22529139390069,7
0.05,6263,25,552580,88.21519795657727,8
0.05,6264,92,552672,88.21580207501995,9
0.05,6265,92,552764,88.21640600063837,9
0.05,6266,25,552789,88.20631881282911,8
0.05,6267,92,552881,88.20692405871091,9
0.05,6268,94,552975,88.2078481416494,7
0.05,6269,23,552998,88.19744816586922,10
0.05,6270,93,553091,88.19821400095678,8
0.05,6271,96,553187,88.19945790816327,6
0.05,6272,95,553282,88.20054200542006,8
0.05,6273,94,553376,88.2014663691425,7
0.05,6274,25,553401,88.19139442231075,7
0.05,6275,94,553495,88.19231994901212,8
0.05,6276,92,553587,88.19292655727259,9
0.05,6277,92,553679,88.19353297228416,9
0.05,6278,95,553774,88.19461697722568,7
0.05,6279,94,553868,88.19554140127389,7
0.05,6280,88,553956,88.19551026906544,13
0.05,6281,93,554049,88.19627507163324,9
0.05,6282,92,554141,88.19688047111252,9
0.05,6283,93,554234,88.19764481222151,8
0.05,6284,92,554326,88.19824980111376,9
0.05,6285,95,554421,88.19933184855233,6
0.05,6286,94,554515,88.20025449339907,7
0.05,6287,95,554610,88.20133587786259,6
0.05,6288,93,554703,88.20209890284625,8
0.05,6289,96,554799,88.2033386327504,6
0.05,6290,93,554892,88.20410109680496,9
0.05,6291,95,554987,88.20518118245391,6
0.05,6292,94,555081,88.20610201811536,7
0.05,6293,94,555175,88.20702256116937,7
0.05,6294,94,555269,88.20794281175536,7
0.05,6295,94,555363,88.2088627700127,7
0.05,6296,94,555457,88.20978243608067,7
0.05,6297,94,555551,88.21070181009844,7
0.05,6298,94,555645,88.21162089220512,7
0.05,6299,94,555739,88.21253968253968,7
0.05,6300,94,555833,88.21345818124107,7
0.05,6301,94,555927,88.21437638844812,7
0.05,6302,95,556022,88.21545295890846,8
0.05,6303,95,556117,88.21652918781726,6
0.05,6304,94,556211,88.21744647105471,7
0.05,6305,94,556305,88.21836346336822,7
0.05,6306,93,556398,88.21912161090852,9
0.05,6307,96,556494,88.22035510462904,6
0.05,6308,91,556585,88.22079568869869,10
0.05,6309,93,556678,88.2215530903328,8
0.05,6310,92,556770,88.22215179844716,9
0.05,6311,93,556863,88.22290874524715,8
0.05,6312,95,556958,88.22398225883099,6
0.05,6313,94,557052,88.22489705416535,7
0.05,6314,92,557144,88.22549485352336,10
0.05,6315,94,557238,88.22640911969602,8
0.05,6316,94,557332,88.22732309640652,8
0.05,6317,27,557359,88.21763216207661,6
0.05,6318,90,557449,88.21791422693464,11
0.05,6319,96,557545,88.21914556962025,6
0.05,6320,95,557640,88.2202183198861,6
0.05,6321,94,557734,88.22113255298956,7
0.05,6322,92,557826,88.22173019136486,9
0.05,6323,93,557919,88.22248576850095,9
0.05,6324,94,558013,88.22339920948616,7
0.05,6325,92,558105,88.22399620613342,9
0.05,6326,94,558199,88.22490911964596,7
0.05,6327,94,558293,88.22582174462705,7
0.05,6328,92,558385,88.22641807552536,9
0.05,6329,96,558481,88.22764612954187,6
0.05,6330,93,558574,88.22839993681883,8
0.05,6331,96,558670,88.22962728995579,6
0.05,6332,94,558764,88.23053844939207,7
0.05,6333,95,558859,88.23160719924219,6
0.05,6334,93,558952,88.23235990528808,8
0.05,6335,94,559046,88.23327020202021,7
0.05,6336,95,559141,88.23433801483351,6
0.05,6337,26,559167,88.224518775639,7
0.05,6338,94,559261,88.22542987852974,7
0.05,6339,96,559357,88.22665615141956,6
0.05,6340,94,559451,88.2275666298691,7
0.05,6341,94,559545,88.22847682119205,7
0.05,6342,96,559641,88.22970203373798,6
0.05,6343,93,559734,88.23045397225725,8
0.05,6344,95,559829,88.23152088258472,7
0.05,6345,95,559924,88.23258745666561,6
0.05,6346,95,560019,88.2336536946589,6
0.05,6347,90,560109,88.23393194706995,11
0.05,6348,93,560202,88.23468262718538,8
0.05,6349,95,560297,88.23574803149606,6
0.05,6350,94,560391,88.23665564478036,7
0.05,6351,92,560483,88.23724811083123,9
0.05,6352,94,560577,88.23815520226664,7
0.05,6353,94,560671,88.23906200818382,8
0.05,6354,94,560765,88.23996852871754,7
0.05,6355,94,560859,88.24087476400251,7
0.05,6356,96,560955,88.2420953279849,7
0.05,6357,96,561051,88.2433155080214,6
0.05,6358,23,561074,88.23305551187293,9
0.05,6359,93,561167,88.23380503144654,8
0.05,6360,95,561262,88.23486873133155,6
0.05,6361,94,561356,88.23577491354919,8
0.05,6362,96,561452,88.23699512808423,7
0.05,6363,92,561544,88.23758642363293,9
0.05,6364,95,561639,88.23864886095836,6
0.05,6365,91,561730,88.23908262645303,10
0.05,6366,95,561825,88.24014449505262,6
0.05,6367,92,561917,88.24073492462311,9
0.05,6368,93,562010,88.24148217930602,8
0.05,6369,94,562104,88.24238618524333,7
0.05,6370,92,562196,88.24297598493172,9
0.05,6371,93,562289,88.24372253609542,8
0.05,6372,90,562379,88.24399811705634,11
0.05,6373,24,562403,88.23391904612488,9
0.05,6374,96,562499,88.23513725490196,6
0.05,6375,92,562591,88.23572772898369,9
0.05,6376,96,562687,88.23694527207151,6
0.05,6377,93,562780,88.23769206647852,8
0.05,6378,95,562875,88.23875215551027,6
0.05,6379,93,562968,88.23949843260188,8
0.05,6380,95,563063,88.24055790628428,6
0.05,6381,93,563156,88.2413036665622,8
0.05,6382,96,563252,88.2425191916027,6
0.05,6383,95,563347,88.24357769423558,6
0.05,6384,96,563443,88.24479248238057,6
0.05,6385,94,563537,88.24569370497964,7
0.05,6386,94,563631,88.24659464537342,7
0.05,6387,-47,563584,88.22542266750156,11
0.05,6388,96,563680,88.22663953670371,6
0.05,6389,95,563775,88.22769953051643,6
0.05,6390,94,563869,88.22860272257863,7
0.05,6391,95,563964,88.229662077597,6
0.05,6392,96,564060,88.23087752229,6
0.05,6393,93,564153,88.23162339693462,8
0.05,6394,93,564246,88.23236903831118,8
0.05,6395,95,564341,88.23342714196373,6
0.05,6396,94,564435,88.23432859152727,7
0.05,6397,94,564529,88.23522975929978,7
0.05,6398,94,564623,88.23613064541334,7
0.05,6399,96,564719,88.23734375,6
0.05,6400,95,564814,88.23840024996095,6
0.05,6401,81,564895,88.23726960324899,20
0.05,6402,95,564990,88.23832578478839,7
0.05,6403,92,565082,88.23891317926297,9
0.05,6404,92,565174,88.23950039032006,9
0.05,6405,94,565268,88.24039962535123,7
0.05,6406,96,565364,88.24161073825503,6
0.05,6407,94,565458,88.24250936329588,7
0.05,6408,94,565552,88.24340770791075,7
0.05,6409,93,565645,88.24414976599064,8
0.05,6410,92,565737,88.24473561066917,9
0.05,6411,93,565830,88.24547723019339,8
0.05,6412,95,565925,88.24653048495244,6
0.05,6413,93,566018,88.24727159338946,8
0.05,6414,96,566114,88.24848012470771,6
0.05,6415,94,566208,88.24937655860349,7
0.05,6416,96,566304,88.25058438522674,6
0.05,6417,95,566399,88.25163602368339,7
0.05,6418,95,566494,88.25268733447578,6
0.05,6419,93,566587,88.25342679127726,8
0.05,6420,96,566683,88.25463323469864,6
0.05,6421,91,566774,88.25506072874494,10
0.05,6422,93,566867,88.25579947065235,8
0.05,6423,23,566890,88.24564134495641,10
0.05,6424,95,566985,88.2466926070039,6
0.05,6425,95,567080,88.24774354186118,7
0.05,6426,96,567176,88.24894974327057,7
0.05,6427,95,567271,88.25,7
0.05,6428,95,567366,88.25104993000467,6
0.05,6429,96,567462,88.25225505443235,6
0.05,6430,95,567557,88.2533043072617,6
0.05,6431,91,567648,88.25373134328358,10
0.05,6432,94,567742,88.25462459194777,7
0.05,6433,93,567835,88.25536213863849,8
0.05,6434,93,567928,88.25609945609946,8
0.05,6435,96,568024,88.25730267246738,6
0.05,6436,94,568118,88.25819481124748,7
0.05,6437,93,568211,88.25893134513824,8
0.05,6438,94,568305,88.25982295387483,7
0.05,6439,94,568399,88.26071428571429,7
0.05,6440,94,568493,88.2616053407856,7
0.05,6441,93,568586,88.262340887923,8
0.05,6442,93,568679,88.26307620673599,9
0.05,6443,95,568774,88.264121663563,6
0.05,6444,96,568870,88.26532195500388,6
0.05,6445,91,568961,88.2657461991933,10
0.05,6446,94,569055,88.2666356444858,7
0.05,6447,96,569151,88.26783498759305,6
0.05,6448,94,569245,88.26872383315242,7
0.05,6449,16,569261,88.25751937984496,16
0.05,6450,24,569285,88.24755851805922,9
0.05,6451,93,569378,88.24829510229387,8
0.05,6452,94,569472,88.24918642491865,7
0.05,6453,91,569563,88.24961264332197,10
0.05,6454,92,569655,88.25019364833463,9
0.05,6455,94,569749,88.25108426270137,7
0.05,6456,96,569845,88.25228434257394,6
0.05,6457,91,569936,88.25270981728089,10
0.05,6458,96,570032,88.2539092738814,6
0.05,6459,94,570126,88.2547987616099,8
0.05,6460,96,570222,88.25599752360316,6
0.05,6461,95,570317,88.2570411637264,7
0.05,6462,95,570412,88.25808448089123,6
0.05,6463,93,570505,88.25881806930693,9
0.05,6464,94,570599,88.25970610982212,7
0.05,6465,90,570689,88.25997525518095,11
0.05,6466,91,570780,88.26039894850781,10
0.05,6467,90,570870,88.26066790352505,11
0.05,6468,94,570964,88.2615551089813,8
0.05,6469,94,571058,88.26244204018548,7
0.05,6470,93,571151,88.26317416164426,8
0.05,6471,95,571246,88.2642150803461,7
0.05,6472,95,571341,88.26525567742932,7
0.05,6473,93,571434,88.26598702502316,8
0.05,6474,95,571529,88.26702702702703,6
0.05,6475,94,571623,88.26791229153798,7
0.05,6476,95,571718,88.26895167515825,7
0.05,6477,95,571813,88.26999073788207,6
0.05,6478,94,571907,88.27087513505171,7
0.05,6479,93,572000,88.27160493827161,8
0.05,6480,94,572094,88.27248881345471,7
0.05,6481,94,572188,88.27337241592102,7
0.05,6482,92,572280,88.27394724664506,9
0.05,6483,94,572374,88.27483035163479,7
0.05,6484,94,572468,88.2757131842714,7
0.05,6485,96,572564,88.27690410114091,6
0.05,6486,95,572659,88.27794049637737,7
0.05,6487,93,572752,88.2786683107275,8
0.05,6488,94,572846,88.27955000770535,7
0.05,6489,96,572942,88.28073959938366,6
0.05,6490,94,573036,88.28162070559236,7
0.05,6491,92,573128,88.28219346888478,9
0.05,6492,91,573219,88.2826120437394,10
0.05,6493,90,573309,88.2828765013859,11
0.05,6494,90,573399,88.28314087759816,11
0.05,6495,25,573424,88.27339901477832,8
0.05,6496,27,573451,88.26396798522394,6
0.05,6497,94,573545,88.26485072329947,7
0.05,6498,23,573568,88.25480843206647,10
0.05,6499,95,573663,88.25584615384615,6
0.05,6500,95,573758,88.25688355637594,6
0.05,6501,94,573852,88.25776684097201,7
0.05,6502,94,573946,88.25864985391358,7
0.05,6503,94,574040,88.25953259532595,7
0.05,6504,93,574133,88.26026133743274,8
0.05,6505,93,574226,88.26098985551798,8
0.05,6506,94,574320,88.26187183033656,7
0.05,6507,96,574416,88.26306084818685,6
0.05,6508,93,574509,88.26378860039945,8
0.05,6509,95,574604,88.26482334869432,6
0.05,6510,94,574698,88.26570419290431,7
0.05,6511,92,574790,88.26627764127764,9
0.05,6512,94,574884,88.26715799170888,7
0.05,6513,95,574979,88.26819158735032,6
0.05,6514,95,575074,88.26922486569455,6
0.05,6515,92,575166,88.26979742173113,9
0.05,6516,92,575258,88.27036980205617,9
0.05,6517,95,575353,88.27140227063516,6
0.05,6518,95,575448,88.27243442245744,6
0.05,6519,92,575540,88.27300613496932,9
0.05,6520,96,575636,88.2741910749885,6
0.05,6521,93,575729,88.27491567003986,8
0.05,6522,93,575822,88.27564004292503,8
0.05,6523,92,575914,88.27621091354997,9
0.05,6524,90,576004,88.27647509578544,11
0.05,6525,96,576100,88.2776585963837,6
0.05,6526,93,576193,88.27838210510188,8
0.05,6527,95,576288,88.27941176470588,6
0.05,6528,96,576384,88.28059427171083,6
0.05,6529,94,576478,88.28147013782542,8
0.05,6530,27,576505,88.27208696983617,6
0.05,6531,91,576596,88.27250459277404,10
0.05,6532,90,576686,88.27276901882749,12
0.05,6533,94,576780,88.27364554637282,7
0.05,6534,95,576875,88.27467482785003,6
0.05,6535,94,576969,88.27555079559363,7
0.05,6536,93,577062,88.27627351996328,8
0.05,6537,24,577086,88.26644233710614,9
0.05,6538,94,577180,88.26731916195136,7
0.05,6539,93,577273,88.26804281345565,8
0.05,6540,89,577362,88.26815471640423,12
0.05,6541,24,577386,88.25833078569245,8
0.05,6542,94,577480,88.25920831422894,8
0.05,6543,96,577576,88.260391198044,6
0.05,6544,93,577669,88.261115355233,8
0.05,6545,95,577764,88.2621448212649,8
0.05,6546,95,577859,88.26317397281197,6
0.05,6547,24,577883,88.25335980452047,9
0.05,6548,93,577976,88.25408459306765,8
0.05,6549,94,578070,88.25496183206107,7
0.05,6550,95,578165,88.25599145168677,6
0.05,6551,96,578261,88.25717338217338,6
0.05,6552,94,578355,88.25804974820693,7
0.05,6553,95,578450,88.25907842538908,6
0.05,6554,93,578543,88.25980167810832,8
0.05,6555,94,578637,88.26067724222086,7
0.05,6556,93,578730,88.26140003050175,8
0.05,6557,94,578824,88.26227508386704,7
0.05,6558,95,578919,88.26330233267267,6
0.05,6559,95,579014,88.26432926829268,6
0.05,6560,95,579109,88.2653558908703,6
0.05,6561,92,579201,88.26592502285888,9
0.05,6562,95,579296,88.26695108944081,6
0.05,6563,93,579389,88.26767215112736,8
0.05,6564,95,579484,88.26869763899467,6
0.05,6565,93,579577,88.26941821504721,8
0.05,6566,94,579671,88.2702908481803,7
0.05,6567,94,579765,88.27116321559075,7
0.05,6568,93,579858,88.27188308722789,8
0.05,6569,96,579954,88.2730593607306,8
0.05,6570,89,580043,88.27316998934712,12
0.05,6571,95,580138,88.2741935483871,6
0.05,6572,19,580157,88.26365434352655,14
0.05,6573,93,580250,88.26437480985702,8
0.05,6574,95,580345,88.26539923954373,6
0.05,6575,93,580438,88.26611922141119,8
0.05,6576,94,580532,88.26699102934468,7
0.05,6577,94,580626,88.2678625722104,7
0.05,6578,87,580713,88.26766985864113,14
0.05,6579,94,580807,88.26854103343464,7
0.05,6580,95,580902,88.26956389606443,6
0.05,6581,96,580998,88.27073837739289,6
0.05,6582,93,581091,88.27145678262191,8
0.05,6583,94,581185,88.27232685297692,7
0.05,6584,96,581281,88.27350037965073,6
0.05,6585,94,581375,88.27436987549348,7
0.05,6586,96,581471,88.27554273569152,6
0.05,6587,93,581564,88.2762598664238,9
0.05,6588,92,581656,88.27682501138261,9
0.05,6589,93,581749,88.27754172989378,8
0.05,6590,90,581839,88.27780306478532,11
0.05,6591,95,581934,88.27882281553399,6
0.05,6592,94,582028,88.27969058091915,7
0.05,6593,93,582121,88.28040643008796,8
0.05,6594,91,582212,88.28081880212282,11
0.05,6595,96,582308,88.28198908429351,6
0.05,6596,96,582404,88.28315901167197,6
0.05,6597,93,582497,88.28387390118218,8
0.05,6598,94,582591,88.28474011213821,7
0.05,6599,94,582685,88.28560606060606,7
0.05,6600,94,582779,88.28647174670505,8
0.05,6601,94,582873,88.28733717055438,7
0.05,6602,94,582967,88.28820233227322,7
0.05,6603,94,583061,88.28906723198062,7
0.05,6604,92,583153,88.28962906888721,9
0.05,6605,92,583245,88.29019073569482,9
0.05,6606,94,583339,88.29105494172848,7
0.05,6607,92,583431,88.2916162227603,9
0.05,6608,95,583526,88.29263126040249,6
0.05,6609,95,583621,88.29364599092284,6
0.05,6610,21,583642,88.28346694902436,12
0.05,6611,91,583733,88.28387779794313,10
0.05,6612,92,583825,88.28443973990625,9
0.05,6613,24,583849,88.27472029029332,9
0.05,6614,95,583944,88.27573696145124,8
0.05,6615,94,584038,88.27660217654172,7
0.05,6616,95,584133,88.27761825600726,6
0.05,6617,93,584226,88.27833182230282,8
0.05,6618,92,584318,88.27889409276325,9
0.05,6619,96,584414,88.28006042296073,6
0.05,6620,94,584508,88.28092433167195,7
0.05,6621,94,584602,88.2817879794624,7
0.05,6622,94,584696,88.28265136645025,7
0.05,6623,95,584791,88.2836654589372,6
0.05,6624,94,584885,88.2845283018868,7
0.05,6625,96,584981,88.28569272562632,6
0.05,6626,95,585076,88.28670590010563,6
0.05,6627,94,585170,88.28756789378394,7
0.05,6628,25,585195,88.27802081761955,8
0.05,6629,95,585290,88.27903469079939,6
0.05,6630,94,585384,88.2798974513648,7
0.05,6631,94,585478,88.28075995174909,7
0.05,6632,95,585573,88.28177295341474,7
0.05,6633,90,585663,88.28203195658728,11
0.05,6634,95,585758,88.28304446119066,6
0.05,6635,95,585853,88.28405666063894,6
0.05,6636,94,585947,88.2849178845864,7
0.05,6637,94,586041,88.28577884905091,8
0.05,6638,96,586137,88.286940804338,7
0.05,6639,93,586230,88.28765060240964,8
0.05,6640,92,586322,88.2882096069869,9
0.05,6641,25,586347,88.27868112014454,8
0.05,6642,94,586441,88.27954237543278,7
0.05,6643,94,586535,88.28040337146298,7
0.05,6644,93,586628,88.2811136192626,8
0.05,6645,96,586724,88.28227505266325,6
0.05,6646,92,586816,88.28283436136603,9
0.05,6647,95,586911,88.28384476534296,6
0.05,6648,95,587006,88.28485486539329,6
0.05,6649,92,587098,88.28541353383459,9
0.05,6650,95,587193,88.28642309427154,6
0.05,6651,96,587289,88.28758268190018,6
0.05,6652,96,587385,88.28874192093792,6
0.05,6653,96,587481,88.28990081154193,7
0.05,6654,94,587575,88.2907588279489,7
0.05,6655,94,587669,88.29161658653847,7
0.05,6656,88,587757,88.29157278053177,13
0.05,6657,94,587851,88.29243015920697,7
0.05,6658,93,587944,88.29313710767383,8
0.05,6659,94,588038,88.293993993994,7
0.05,6660,24,588062,88.28434169043688,9
0.05,6661,95,588157,88.28534974482137,6
0.05,6662,94,588251,88.28620741407774,7
0.05,6663,94,588345,88.28706482593037,7
0.05,6664,87,588432,88.28687171792949,14
0.05,6665,94,588526,88.28772877287729,7
0.05,6666,96,588622,88.28888555572222,6
0.05,6667,96,588718,88.29004199160168,6
0.05,6668,94,588812,88.29089818563503,8
0.05,6669,25,588837,88.28140929535232,8
0.05,6670,91,588928,88.2818168190676,10
0.05,6671,94,589022,88.28267386091127,7
0.05,6672,93,589115,88.28338078825116,8
0.05,6673,94,589209,88.28423733892718,8
0.05,6674,92,589301,88.28479400749063,9
0.05,6675,94,589395,88.28565008987418,7
0.05,6676,95,589490,88.28665568369028,6
0.05,6677,94,589584,88.28751123090746,7
0.05,6678,90,589674,88.28776762988471,11
0.05,6679,96,589770,88.28892215568862,6
0.05,6680,94,589864,88.28977697949409,8
0.05,6681,94,589958,88.29063154744088,7
0.05,6682,93,590051,88.2913362262457,8
0.05,6683,95,590146,88.29233991621783,7
0.05,6684,84,590230,88.29169783096485,17
0.05,6685,95,590325,88.29270116661681,6
0.05,6686,27,590352,88.28353521758636,6
0.05,6687,94,590446,88.2843899521531,7
0.05,6688,95,590541,88.28539393033338,6
0.05,6689,91,590632,88.28579970104634,10
0.05,6690,94,590726,88.2866537139441,7
0.05,6691,94,590820,88.2875074716079,7
0.05,6692,93,590913,88.28821156432093,8
0.05,6693,95,591008,88.28921422169107,6
0.05,6694,95,591103,88.29021657953697,6
0.05,6695,95,591198,88.29121863799283,6
0.05,6696,22,591220,88.28131999402717,12
0.05,6697,92,591312,88.28187518662287,9
0.05,6698,94,591406,88.28272876548739,8
0.05,6699,95,591501,88.28373134328358,7
0.05,6700,92,591593,88.2842859274735,9
0.05,6701,96,591689,88.28543718293047,6
0.05,6702,95,591784,88.28643890795166,6
0.05,6703,96,591880,88.28758949880668,6
0.05,6704,96,591976,88.28873974645786,6
0.05,6705,95,592071,88.28974053086787,6
0.05,6706,92,592163,88.29029372297599,9
0.05,6707,94,592257,88.29114490161002,8
0.05,6708,95,592352,88.29214488001192,6
0.05,6709,93,592445,88.29284649776453,8
0.05,6710,94,592539,88.29369691551184,7
0.05,6711,93,592632,88.29439809296782,9
0.05,6712,96,592728,88.29554595560852,6
0.05,6713,92,592820,88.29609770628538,9
0.05,6714,93,592913,88.29679821295606,8
0.05,6715,94,593007,88.29764740917213,7
0.05,6716,94,593101,88.29849635253834,8
0.05,6717,94,593195,88.2993450431676,7
0.05,6718,89,593284,88.29944932281589,12
0.05,6719,94,593378,88.30029761904763,7
0.05,6720,93,593471,88.30099687546496,8
0.05,6721,88,593559,88.30095209759,13
0.05,6722,94,593653,88.30179979175963,8
0.05,6723,89,593742,88.30190362879239,12
0.05,6724,93,593835,88.30260223048327,8
0.05,6725,95,593930,88.30359797799584,6
0.05,6726,92,594022,88.3041474654378,9
0.05,6727,94,594116,88.30499405469679,7
0.05,6728,93,594209,88.3056917818398,8
0.05,6729,94,594303,88.30653789004458,7
0.05,6730,94,594397,88.30738374684296,7
0.05,6731,96,594493,88.30852644087938,6
0.05,6732,94,594587,88.30937175107678,7
0.05,6733,95,594682,88.31036531036531,7
0.05,6734,90,594772,88.31061618411285,11
0.05,6735,27,594799,88.30151425178147,6
0.05,6736,95,594894,88.30250853495622,6
0.05,6737,94,594988,88.30335411101217,7
0.05,6738,22,595010,88.29351535836177,11
0.05,6739,95,595105,88.29451038575668,6
0.05,6740,24,595129,88.2849725560006,11
0.05,6741,94,595223,88.28582023138534,7
0.05,6742,94,595317,88.28666765534628,7
0.05,6743,94,595411,88.28751482799525,7
0.05,6744,95,595506,88.2885100074129,7
0.05,6745,24,595530,88.27898013637711,9
0.05,6746,96,595626,88.28012449977768,6
0.05,6747,94,595720,88.28097213989331,8
0.05,6748,94,595814,88.28181952881909,7
0.05,6749,95,595909,88.28281481481481,6
0.05,6750,94,596003,88.28366167975115,7
0.05,6751,95,596098,88.28465639810426,6
0.05,6752,92,596190,88.28520657485562,9
0.05,6753,94,596284,88.28605270950548,7
0.05,6754,24,596308,88.27653589933382,9
0.05,6755,96,596404,88.2776791000592,6
0.05,6756,92,596496,88.27822998372059,9
0.05,6757,94,596590,88.27907664989642,7
0.05,6758,94,596684,88.27992306554223,7
0.05,6759,95,596779,88.28091715976332,6
0.05,6760,94,596873,88.28176305280284,7
0.05,6761,94,596967,88.28260869565217,8
0.05,6762,92,597059,88.28315836167381,9
0.05,6763,96,597155,88.28429923122413,6
0.05,6764,94,597249,88.28514412416851,7
0.05,6765,93,597342,88.28584096955365,8
0.05,6766,94,597436,88.2866853849564,7
0.05,6767,93,597529,88.28738179669031,8
0.05,6768,92,597621,88.28793027035013,9
0.05,6769,94,597715,88.28877400295421,7
0.05,6770,91,597806,88.28917442032196,11
0.05,6771,94,597900,88.29001772002363,7
0.05,6772,26,597926,88.28082090654068,8
0.05,6773,94,598020,88.28166519043401,7
0.05,6774,94,598114,88.28250922509226,8
0.05,6775,95,598209,88.28350059031877,6
0.05,6776,93,598302,88.28419654714476,8
0.05,6777,93,598395,88.28489229861316,8
0.05,6778,95,598490,88.28588287358018,6
0.05,6779,95,598585,88.28687315634218,6
0.05,6780,95,598680,88.28786314702846,6
0.05,6781,91,598771,88.28826304924802,10
0.05,6782,93,598864,88.2889576883385,8
0.05,6783,91,598955,88.28935731132076,10
0.05,6784,93,599048,88.29005158437731,8
0.05,6785,91,599139,88.29045092838196,10
0.05,6786,95,599234,88.29143951672314,6
0.05,6787,24,599258,88.28196817913965,10
0.05,6788,94,599352,88.28281042863456,7
0.05,6789,94,599446,88.28365243004419,7
0.05,6790,89,599535,88.28375791488735,13
0.05,6791,94,599629,88.28459952885748,7
0.05,6792,94,599723,88.28544089503902,7
0.05,6793,94,599817,88.28628201354137,7
0.05,6794,92,599909,88.2868285504047,9
0.05,6795,94,600003,88.28766921718658,7
0.05,6796,95,600098,88.28865676033544,6
0.05,6797,95,600193,88.28964401294499,6
0.05,6798,92,600285,88.29018973378437,9
0.05,6799,23,600308,88.28058823529412,10
0.05,6800,95,600403,88.28157623878842,7
0.05,6801,91,600494,88.28197588944428,10
0.05,6802,93,600587,88.28266941055416,8
0.05,6803,96,600683,88.28380364491476,6
0.05,6804,92,600775,88.28434974283616,9
0.05,6805,93,600868,88.28504260946224,8
0.05,6806,93,600961,88.28573527251359,8
0.05,6807,95,601056,88.2867215041128,6
0.05,6808,94,601150,88.2875605815832,8
0.05,6809,95,601245,88.2885462555066,6
0.05,6810,94,601339,88.28938481867567,8
0.05,6811,91,601430,88.28978273634762,10
0.05,6812,95,601525,88.29076765008072,6
0.05,6813,94,601619,88.29160551805107,7
0.05,6814,96,601715,88.29273661041819,6
0.05,6815,95,601810,88.29372065727699,6
0.05,6816,94,601904,88.29455772333871,7
0.05,6817,92,601996,88.29510120269875,9
0.05,6818,94,602090,88.29593782079483,8
0.05,6819,94,602184,88.29677419354839,7
0.05,6820,93,602277,88.2974637149978,8
0.05,6821,95,602372,88.29844620345939,6
0.05,6822,92,602464,88.29898871464165,9
0.05,6823,96,602560,88.30011723329426,6
0.05,6824,93,602653,88.30080586080587,8
0.05,6825,93,602746,88.30149428655142,8
0.05,6826,96,602842,88.30262194228797,6
0.05,6827,93,602935,88.30330990041007,8
0.05,6828,91,603026,88.3037047884024,10
0.05,6829,92,603118,88.30424597364568,9
0.05,6830,93,603211,88.30493339188992,8
0.05,6831,90,603301,88.30518149882904,11
0.05,6832,88,603389,88.30513683594322,13
0.05,6833,92,603481,88.30567749487855,9
0.05,6834,96,603577,88.30680321872714,7
0.05,6835,25,603602,88.29754242246928,8
0.05,6836,93,603695,88.29823021793185,8
0.05,6837,94,603789,88.2990640538169,7
0.05,6838,94,603883,88.29989764585466,8
0.05,6839,95,603978,88.30087719298245,6
0.05,6840,92,604070,88.30141792135653,9
0.05,6841,95,604165,88.30239695995323,6
0.05,6842,94,604259,88.3032295776706,7
0.05,6843,92,604351,88.30376972530684,9
0.05,6844,94,604445,88.3046018991965,7
0.05,6845,95,604540,88.30557990067193,7
0.05,6846,94,604634,88.30641156710968,7
0.05,6847,25,604659,88.29716705607477,8
0.05,6848,96,604755,88.29829172141919,6
0.05,6849,91,604846,88.29868613138686,10
0.05,6850,94,604940,88.29951831849365,7
0.05,6851,94,605034,88.30035026269702,7
0.05,6852,19,605053,88.2902378520356,13
0.05,6853,94,605147,88.29107090749928,7
0.05,6854,94,605241,88.29190371991247,7
0.05,6855,93,605334,88.29259043173862,8
0.05,6856,96,605430,88.29371445238442,6
0.05,6857,96,605526,88.29483814523185,6
0.05,6858,91,605617,88.29523254118676,10
0.05,6859,94,605711,88.29606413994169,7
0.05,6860,94,605805,88.29689549628334,8
0.05,6861,90,605895,88.29714368988633,11
0.05,6862,94,605989,88.29797464665599,7
0.05,6863,91,606080,88.2983682983683,10
0.05,6864,95,606175,88.29934450109249,6
0.05,6865,93,606268,88.30002912904166,8
0.05,6866,94,606362,88.30085918159313,7
0.05,6867,94,606456,88.30168899242865,7
0.05,6868,95,606551,88.30266414325229,6
0.05,6869,94,606645,88.30349344978166,8
0.05,6870,23,606668,88.29398923009751,10
0.05,6871,95,606763,88.29496507566938,6
0.05,6872,93,606856,88.29564964353267,8
0.05,6873,96,606952,88.29677043933663,6
0.05,6874,95,607047,88.29774545454545,6
0.05,6875,94,607141,88.29857475276323,8
0.05,6876,94,607235,88.29940380980078,7
0.05,6877,95,607330,88.30037801686537,7
0.05,6878,93,607423,88.30106120075592,9
0.05,6879,94,607517,88.30188953488373,7
0.05,6880,94,607611,88.30271762825171,7
0.05,6881,94,607705,88.30354548096484,7
0.05,6882,94,607799,88.30437309312799,7
0.05,6883,92,607891,88.30490993608367,9
0.05,6884,92,607983,88.30544662309369,9
0.05,6885,96,608079,88.30656404298577,6
0.05,6886,94,608173,88.3073907361696,7
0.05,6887,94,608267,88.30821718931475,7
0.05,6888,93,608360,88.30889824357672,8
0.05,6889,94,608454,88.30972423802612,7
0.05,6890,95,608549,88.3106951095632,7
0.05,6891,96,608645,88.31181079512479,6
0.05,6892,95,608740,88.31278108225736,6
0.05,6893,96,608836,88.31389614157239,6
0.05,6894,94,608930,88.31472081218274,7
0.05,6895,94,609024,88.3155452436195,7
0.05,6896,96,609120,88.31665941713788,6
0.05,6897,96,609216,88.3177732676138,6
0.05,6898,94,609310,88.31859689810118,7
0.05,6899,94,609404,88.31942028985507,7
0.05,6900,94,609498,88.32024344297928,8
0.05,6901,95,609593,88.32121124311794,7
0.05,6902,93,609686,88.32188903375344,8
0.05,6903,91,609777,88.32227694090382,10
0.05,6904,96,609873,88.32338884866039,6
0.05,6905,96,609969,88.32450043440487,6
0.05,6906,93,610062,88.3251773563052,8
0.05,6907,94,610156,88.32599884192241,7
0.05,6908,94,610250,88.32682008973802,7
0.05,6909,94,610344,88.32764109985528,8
0.05,6910,93,610437,88.32831717551728,8
0.05,6911,94,610531,88.32913773148148,7
0.05,6912,23,610554,88.31968754520469,10
0.05,6913,94,610648,88.32050911194678,7
0.05,6914,94,610742,88.32133044107013,7
0.05,6915,94,610836,88.32215153267785,7
0.05,6916,86,610922,88.32181581610524,15
0.05,6917,96,611018,88.32292570106968,6
0.05,6918,93,611111,88.32360167654285,8
0.05,6919,26,611137,88.31459537572255,6
0.05,6920,94,611231,88.31541684727641,7
0.05,6921,95,611326,88.31638254839642,6
0.05,6922,96,611422,88.31749241658241,6
0.05,6923,24,611446,88.30820335066436,9
0.05,6924,95,611541,88.30916967509025,6
0.05,6925,94,611635,88.30999133699105,7
0.05,6926,93,611728,88.31066839901834,8
0.05,6927,94,611822,88.3114896073903,7
0.05,6928,94,611916,88.3123105787271,7
0.05,6929,96,612012,88.3134199134199,6
0.05,6930,94,612106,88.31424036935508,7
0.05,6931,94,612200,88.31506058857472,8
0.05,6932,95,612295,88.31602480888505,7
0.05,6933,95,612390,88.31698875108162,6
0.05,6934,87,612477,88.31679884643114,14
0.05,6935,93,612570,88.3174740484429,8
0.05,6936,90,612660,88.31771659218683,11
0.05,6937,93,612753,88.31839146728164,8
0.05,6938,25,612778,88.30926646490849,8
0.05,6939,95,612873,88.31023054755043,6
0.05,6940,93,612966,88.3109062094799,8
0.05,6941,90,613056,88.31114952463267,11
0.05,6942,95,613151,88.31211291948725,6
0.05,6943,96,613247,88.31322004608295,6
0.05,6944,95,613342,88.31418286537077,7
0.05,6945,95,613437,88.31514540742873,6
0.05,6946,95,613532,88.31610767237656,7
0.05,6947,93,613625,88.31678180771445,8
0.05,6948,92,613717,88.31731184343072,9
0.05,6949,96,613813,88.31841726618705,6
0.05,6950,96,613909,88.31952237088188,6
0.05,6951,94,614003,88.32033947065592,7
0.05,6952,27,614030,88.31152020710485,8
0.05,6953,91,614121,88.31190681622088,10
0.05,6954,94,614215,88.31272465851904,7
0.05,6955,94,614309,88.31354226566992,7
0.05,6956,94,614403,88.3143596377749,7
0.05,6957,93,614496,88.31503305547571,10
0.05,6958,93,614589,88.31570627963788,8
0.05,6959,93,614682,88.31637931034483,8
0.05,6960,94,614776,88.3171958052004,7
0.05,6961,95,614871,88.31815570238437,8
0.05,6962,92,614963,88.31868447508258,10
0.05,6963,93,615056,88.31935669155658,8
0.05,6964,95,615151,88.32031586503949,7
0.05,6965,93,615244,88.32098765432099,8
0.05,6966,91,615335,88.32137218314914,10
0.05,6967,94,615429,88.32218714121699,7
0.05,6968,96,615525,88.3232888506242,6
0.05,6969,91,615616,88.32367288378767,10
0.05,6970,94,615710,88.32448716109597,7
0.05,6971,92,615802,88.32501434308664,9
0.05,6972,95,615897,88.32597160476122,7
0.05,6973,94,615991,88.32678520217952,7
0.05,6974,90,616081,88.32702508960574,11
0.05,6975,96,616177,88.328125,6
0.05,6976,24,616201,88.31890497348431,10
0.05,6977,89,616290,88.31900257953568,12
0.05,6978,93,616383,88.31967330563118,8
0.05,6979,93,616476,88.32034383954155,8
0.05,6980,94,616570,88.32115742730268,7
0.05,6981,94,616664,88.32197078201088,7
0.05,6982,95,616759,88.32292710869254,6
0.05,6983,93,616852,88.32359679266895,9
0.05,6984,96,616948,88.32469577666429,6
0.05,6985,92,617040,88.32522187231606,9
0.05,6986,95,617135,88.32617718620295,6
0.05,6987,27,617162,88.31740125930166,6
0.05,6988,92,617254,88.31792817284304,10
0.05,6989,92,617346,88.31845493562231,9
0.05,6990,95,617441,88.31941067086254,6
0.05,6991,94,617535,88.32022311212815,7
0.05,6992,95,617630,88.32117832117832,6
0.05,6993,94,617724,88.3219902773806,7
0.05,6994,94,617818,88.3228020014296,7
0.05,6995,92,617910,88.32332761578044,9
0.05,6996,96,618006,88.32442475346578,6
0.05,6997,92,618098,88.3249499857102,9
0.05,6998,95,618193,88.32590370052864,7
0.05,6999,93,618286,88.32657142857143,9
0.05,7000,93,618379,88.32723896586202,8
0.05,7001,96,618475,88.32833476149672,6
0.05,7002,93,618568,88.32900185634728,8
0.05,7003,94,618662,88.329811536265,7
0.05,7004,92,618754,88.33033547466096,9
0.05,7005,91,618845,88.33071652868969,10
0.05,7006,96,618941,88.33181104609676,6
0.05,7007,96,619037,88.33290525114155,6
0.05,7008,94,619131,88.3337137965473,7
0.05,7009,92,619223,88.33423680456491,9
0.05,7010,95,619318,88.33518756240194,6
0.05,7011,95,619413,88.33613804905876,7
0.05,7012,93,619506,88.3368030799943,8
0.05,7013,96,619602,88.33789563729684,6
0.05,7014,96,619698,88.33898788310762,6
0.05,7015,92,619790,88.33950969213227,9
0.05,7016,94,619884,88.34031637451902,8
0.05,7017,96,619980,88.34140780849245,6
0.05,7018,96,620076,88.34249893147172,6
0.05,7019,94,620170,88.34330484330485,7
0.05,7020,95,620265,88.34425295541945,7
0.05,7021,87,620352,88.3440615209342,14
0.05,7022,92,620444,88.34458208742703,9
0.05,7023,95,620539,88.34552961275627,6
0.05,7024,94,620633,88.34633451957295,7
0.05,7025,92,620725,88.34685454027897,10
0.05,7026,95,620820,88.34780133769745,6
0.05,7027,93,620913,88.34846328969834,8
0.05,7028,94,621007,88.34926732109831,7
0.05,7029,24,621031,88.34011379800853,9
0.05,7030,92,621123,88.3406343336652,11
0.05,7031,92,621215,88.34115472127418,9
0.05,7032,94,621309,88.34195933456562,7
0.05,7033,94,621403,88.34276371907876,7
0.05,7034,94,621497,88.34356787491116,7
0.05,7035,93,621590,88.34422967595225,9
0.05,7036,91,621681,88.34460707687936,10
0.05,7037,94,621775,88.34541062801932,7
0.05,7038,94,621869,88.3462139508453,8
0.05,7039,94,621963,88.34701704545455,7
0.05,7040,92,622055,88.34753586138332,9
0.05,7041,96,622151,88.34862255041182,6
0.05,7042,95,622246,88.34956694590373,6
0.05,7043,93,622339,88.35022714366838,9
0.05,7044,96,622435,88.3513129879347,6
0.05,7045,93,622528,88.35197275049674,8
0.05,7046,93,622621,88.35263232581241,8
0.05,7047,94,622715,88.35343359818388,7
0.05,7048,92,622807,88.3539509150234,9
0.05,7049,95,622902,88.35489361702128,6
0.05,7050,94,622996,88.3556942277691,7
0.05,7051,95,623091,88.35663641520136,6
0.05,7052,88,623179,88.35658584999291,13
0.05,7053,89,623268,88.35667706265949,12
0.05,7054,95,623363,88.35761871013466,6
0.05,7055,96,623459,88.35870181405896,6
0.05,7056,93,623552,88.35935950120448,8
0.05,7057,92,623644,88.35987531878719,9
0.05,7058,93,623737,88.36053265335033,8
0.05,7059,94,623831,88.3613314447592,7
0.05,7060,95,623926,88.36227163291319,7
0.05,7061,92,624018,88.36278674596431,9
0.05,7062,94,624112,88.36358487894663,7
0.05,7063,95,624207,88.36452434881087,6
0.05,7064,96,624303,88.3656050955414,6
0.05,7065,95,624398,88.36654401358619,7
0.05,7066,95,624493,88.36748266591198,6
0.05,7067,92,624585,88.36799660441426,9
0.05,7068,93,624678,88.36865186023483,8
0.05,7069,92,624770,88.36916548797737,9
0.05,7070,92,624862,88.36967897044265,9
0.05,7071,96,624958,88.37075791855203,6
0.05,7072,94,625052,88.37155379612611,7
0.05,7073,96,625148,88.3726321741589,6
0.05,7074,96,625244,88.37371024734982,6
0.05,7075,92,625336,88.37422272470322,9
0.05,7076,95,625431,88.37515896566342,6
0.05,7077,95,625526,88.37609494207403,6
0.05,7078,96,625622,88.37717191693741,6
0.05,7079,93,625715,88.37782485875707,9
0.05,7080,93,625808,88.3784776161559,9
0.05,7081,95,625903,88.37941259531206,7
0.05,7082,94,625997,88.38020612734717,8
0.05,7083,93,626090,88.38085827216263,8
0.05,7084,94,626184,88.38165137614679,7
0.05,7085,94,626278,88.38244425627998,7
0.05,7086,21,626299,88.3729363623536,11
0.05,7087,95,626394,88.37387133182844,6
0.05,7088,93,626487,88.37452391028354,8
0.05,7089,91,626578,88.37489421720734,10
0.05,7090,87,626665,88.37470032435482,14
0.05,7091,95,626760,88.3756345177665,6
0.05,7092,94,626854,88.3764274636966,7
0.05,7093,93,626947,88.37707922187764,8
0.05,7094,95,627042,88.37801268498943,6
0.05,7095,94,627136,88.37880496054115,7
0.05,7096,94,627230,88.37959701282232,7
0.05,7097,93,627323,88.38024795717104,9
0.05,7098,94,627417,88.38103958303986,7
0.05,7099,94,627511,88.3818309859155,7
0.05,7100,94,627605,88.38262216589213,7
0.05,7101,94,627699,88.38341312306393,7
0.05,7102,94,627793,88.384203857525,7
0.05,7103,94,627887,88.38499436936937,7
0.05,7104,93,627980,88.3856439127375,8
0.05,7105,94,628074,88.3864339994371,7
0.05,7106,95,628169,88.38736457014211,8
0.05,7107,94,628263,88.3881541924592,7
0.05,7108,95,628358,88.3890842593895,6
0.05,7109,94,628452,88.38987341772152,7
0.05,7110,91,628543,88.39024047250739,10
0.05,7111,95,628638,88.39116985376828,7
0.05,7112,96,628734,88.39223956136651,6
0.05,7113,96,628830,88.39330896823165,6
0.05,7114,95,628925,88.39423752635278,6
0.05,7115,95,629020,88.39516582349634,6
0.05,7116,93,629113,88.39581284248982,8
0.05,7117,94,629207,88.39660016858669,7
0.05,7118,93,629300,88.39724680432646,8
0.05,7119,95,629395,88.39817415730337,6
0.05,7120,93,629488,88.3988203903946,8
0.05,7121,93,629581,88.39946644201068,8
0.05,7122,95,629676,88.40039309279798,7
0.05,7123,96,629772,88.4014598540146,6
0.05,7124,93,629865,88.40210526315789,8
0.05,7125,92,629957,88.40261015997754,10
0.05,7126,94,630051,88.40339553809457,7
0.05,7127,95,630146,88.40432098765432,6
0.05,7128,93,630239,88.40496563332866,8
0.05,7129,95,630334,88.40589060308555,7
0.05,7130,93,630427,88.40653484784742,8
0.05,7131,93,630520,88.40717891194616,8
0.05,7132,96,630616,88.40824337585869,6
0.05,7133,96,630712,88.40930754135128,6
0.05,7134,93,630805,88.40995094604064,8
0.05,7135,95,630900,88.41087443946188,6
0.05,7136,95,630995,88.41179767409275,6
0.05,7137,88,631083,88.41173998318857,13
0.05,7138,93,631176,88.41238268665079,8
0.05,7139,94,631270,88.41316526610645,7
0.05,7140,92,631362,88.41366755356393,9
0.05,7141,94,631456,88.41444973396807,7
0.05,7142,94,631550,88.41523169536609,7
0.05,7143,91,631641,88.4155935050392,10
0.05,7144,94,631735,88.41637508747375,7
0.05,7145,26,631761,88.40764063811923,7
0.05,7146,96,631857,88.40870295228767,6
0.05,7147,96,631953,88.40976496922217,6
0.05,7148,92,632045,88.4102671702336,9
0.05,7149,94,632139,88.41104895104895,7
0.05,7150,95,632234,88.41197035379668,8
0.05,7151,92,632326,88.41247203579418,9
0.05,7152,92,632418,88.41297357751992,9
0.05,7153,94,632512,88.41375454291305,7
0.05,7154,94,632606,88.414535290007,7
0.05,7155,88,632694,88.41447736165456,13
0.05,7156,95,632789,88.41539751292441,6
0.05,7157,92,632881,88.4158982956133,9
0.05,7158,94,632975,88.41667830702612,7
0.05,7159,94,633069,88.41745810055866,7
0.05,7160,96,633165,88.41851696690406,7
0.05,7161,96,633261,88.41957553755934,6
0.05,7162,96,633357,88.42063381264833,6
0.05,7163,94,633451,88.4214126186488,7
0.05,7164,96,633547,88.42247034193998,8
0.05,7165,24,633571,88.41348032375105,10
0.05,7166,95,633666,88.4143993302637,7
0.05,7167,90,633756,88.41462053571429,11
0.05,7168,94,633850,88.41539963732738,7
0.05,7169,93,633943,88.4160390516039,8
0.05,7170,94,634037,88.41681773811185,7
0.05,7171,93,634130,88.41745677635248,8
0.05,7172,90,634220,88.41767740136623,11
0.05,7173,94,634314,88.41845553387232,7
0.05,7174,92,634406,88.41895470383275,9
0.05,7175,95,634501,88.4198717948718,6
0.05,7176,92,634593,88.42037062839627,9
0.05,7177,93,634686,88.42100863750348,8
0.05,7178,95,634781,88.42192505920045,6
0.05,7179,94,634875,88.42270194986072,7
0.05,7180,27,634902,88.41414844729147,6
0.05,7181,95,634997,88.41506544138123,6
0.05,7182,94,635091,88.41584296255047,7
0.05,7183,93,635184,88.41648106904232,9
0.05,7184,94,635278,88.41725817675713,8
0.05,7185,92,635370,88.41775674923463,9
0.05,7186,94,635464,88.41853346319743,7
0.05,7187,91,635555,88.41889259877574,10
0.05,7188,93,635648,88.41952983725136,8
0.05,7189,95,635743,88.42044506258692,7
0.05,7190,90,635833,88.42066471978862,11
0.05,7191,95,635928,88.42157953281423,7
0.05,7192,93,636021,88.4222160433755,8
0.05,7193,96,636117,88.4232693911593,6
0.05,7194,95,636212,88.42418346073663,6
0.05,7195,96,636308,88.42523624235686,6
0.05,7196,94,636402,88.4260108378491,7
0.05,7197,24,636426,88.41706029452625,9
0.05,7198,92,636518,88.41755799416586,9
0.05,7199,94,636612,88.41833333333334,7
0.05,7200,94,636706,88.41910845715873,7
0.05,7201,94,636800,88.41988336573174,7
0.05,7202,93,636893,88.42051922809941,9
0.05,7203,94,636987,88.42129372570794,7
0.05,7204,95,637082,88.42220680083275,7
0.05,7205,91,637173,88.4225645295587,10
0.05,7206,95,637268,88.42347717496878,6
0.05,7207,94,637362,88.42425083240843,7
0.05,7208,94,637456,88.42502427521154,7
0.05,7209,95,637551,88.42593619972261,6
0.05,7210,89,637640,88.42601580918041,12
0.05,7211,92,637732,88.42651136993899,9
0.05,7212,96,637828,88.4275613475669,7
0.05,7213,94,637922,88.42833379539783,7
0.05,7214,24,637946,88.41940401940401,10
0.05,7215,95,638041,88.42031596452328,7
0.05,7216,89,638130,88.42039628654565,12
0.05,7217,94,638224,88.42116929897479,7
0.05,7218,95,638319,88.42208062058457,6
0.05,7219,94,638413,88.42285318559557,7
0.05,7220,91,638504,88.42321008170613,10
0.05,7221,91,638595,88.42356687898089,10
0.05,7222,95,638690,88.42447736397618,6
0.05,7223,92,638782,88.4249723145072,9
0.05,7224,92,638874,88.42546712802768,9
0.05,7225,92,638966,88.42596180459452,9
0.05,7226,95,639061,88.42687145426872,9
0.05,7227,95,639156,88.42778085224128,6
0.05,7228,95,639251,88.42868999861668,6
0.05,7229,96,639347,88.42973720608575,6
0.05,7230,96,639443,88.43078412391094,6
0.05,7231,94,639537,88.43155420353982,7
0.05,7232,96,639633,88.43260058067192,6
0.05,7233,96,639729,88.43364666850981,6
0.05,7234,94,639823,88.43441603317208,7
0.05,7235,92,639915,88.4349087893864,9
0.05,7236,95,640010,88.43581594583391,6
0.05,7237,96,640106,88.4368610113291,6
0.05,7238,96,640202,88.43790578809228,6
0.05,7239,95,640297,88.43881215469614,7
0.05,7240,94,640391,88.43958016848502,7
0.05,7241,95,640486,88.44048605357636,6
0.05,7242,94,640580,88.44125362418887,7
0.05,7243,95,640675,88.44215902816124,7
0.05,7244,96,640771,88.4432022084196,6
0.05,7245,94,640865,88.4439690863925,8
0.05,7246,91,640956,88.4443217883262,10
0.05,7247,95,641051,88.44522626931567,6
0.05,7248,94,641145,88.44599255069664,7
0.05,7249,89,641234,88.44606896551724,12
0.05,7250,92,641326,88.4465590952972,9
0.05,7251,94,641420,88.4473248758963,7
0.05,7252,96,641516,88.44836619329932,6
0.05,7253,95,641611,88.4492693686242,6
0.05,7254,95,641706,88.450172294969,6
0.05,7255,94,641800,88.45093715545755,7
0.05,7256,96,641896,88.45197740112994,6
0.05,7257,94,641990,88.45274180214935,7
0.05,7258,91,642081,88.45309271249484,11
0.05,7259,95,642176,88.45399449035813,7
0.05,7260,94,642270,88.45475829775513,7
0.05,7261,94,642364,88.45552189479483,7
0.05,7262,93,642457,88.45614759741154,8
0.05,7263,94,642551,88.45691079295155,7
0.05,7264,94,642645,88.45767377838953,8
0.05,7265,96,642741,88.45871180842279,6
0.05,7266,91,642832,88.45906151093986,10
0.05,7267,96,642928,88.46009906439185,6
0.05,7268,95,643023,88.46099876186545,7
0.05,7269,94,643117,88.46176066024759,7
0.05,7270,94,643211,88.4625223490579,7
0.05,7271,92,643303,88.46300880088009,9
0.05,7272,95,643398,88.46390760346488,6
0.05,7273,94,643492,88.46466868298047,7
0.05,7274,95,643587,88.46556701030927,6
0.05,7275,92,643679,88.46605277625069,9
0.05,7276,95,643774,88.46695066648344,6
0.05,7277,96,643870,88.46798571035998,6
0.05,7278,95,643965,88.46888308833631,6
0.05,7279,94,644059,88.46964285714286,7
0.05,7280,94,644153,88.47040241725038,7
0.05,7281,93,644246,88.47102444383411,8
0.05,7282,94,644340,88.47178360565701,7
0.05,7283,92,644432,88.47226798462383,9
0.05,7284,94,644526,88.47302676733013,7
0.05,7285,92,644618,88.47351084271205,9
0.05,7286,96,644714,88.4745437079731,6
0.05,7287,93,644807,88.47516465422612,8
0.05,7288,93,644900,88.47578543010015,8
0.05,7289,92,644992,88.47626886145405,9
0.05,7290,91,645083,88.47661500480044,10
0.05,7291,94,645177,88.47737246297312,7
0.05,7292,92,645269,88.47785547785548,9
0.05,7293,93,645362,88.4784754592816,8
0.05,7294,94,645456,88.47923235092529,7
0.05,7295,92,645548,88.4797149122807,9
0.05,7296,95,645643,88.48060846923393,7
0.05,7297,93,645736,88.48122773362564,9
0.05,7298,93,645829,88.48184682833265,8
0.05,7299,96,645925,88.48287671232876,6
0.05,7300,96,646021,88.48390631420354,6
0.05,7301,94,646115,88.48466173651055,7
0.05,7302,93,646208,88.4852800219088,8
0.05,7303,93,646301,88.48589813800658,8
0.05,7304,94,646395,88.48665297741273,7
0.05,7305,96,646491,88.48768135778812,6
0.05,7306,26,646517,88.47912960175175,7
0.05,7307,94,646611,88.47988505747126,7
0.05,7308,93,646704,88.48050348884937,8
0.05,7309,91,646795,88.48084815321478,10
0.05,7310,95,646890,88.48173984407057,6
0.05,7311,95,646985,88.48263129102844,6
0.05,7312,95,647080,88.48352249418843,6
0.05,7313,95,647175,88.48441345365053,6
0.05,7314,93,647268,88.48503075871497,8
0.05,7315,90,647358,88.48523783488245,11
0.05,7316,91,647449,88.4855815224819,10
0.05,7317,95,647544,88.48647171358294,7
0.05,7318,94,647638,88.48722503074191,7
0.05,7319,94,647732,88.4879781420765,7
0.05,7320,96,647828,88.4890042343942,6
0.05,7321,93,647921,88.48962032231631,8
0.05,7322,92,648013,88.49009968592107,9
0.05,7323,92,648105,88.4905789186237,9
0.05,7324,96,648201,88.49160409556313,6
0.05,7325,95,648296,88.49249249249249,7
0.05,7326,94,648390,88.49324416541559,7
0.05,7327,94,648484,88.49399563318778,7
0.05,7328,96,648580,88.49501978441806,6
0.05,7329,94,648674,88.49577080491132,7
0.05,7330,95,648769,88.49665802755422,6
0.05,7331,92,648861,88.49713584288052,9
0.05,7332,95,648956,88.49802263739261,6
0.05,7333,95,649051,88.49890919007363,6
0.05,7334,23,649074,88.48997955010225,10
0.05,7335,95,649169,88.49086695747,6
0.05,7336,94,649263,88.49161782744991,7
0.05,7337,25,649288,88.48296538566368,8
0.05,7338,96,649384,88.48398964436572,6
0.05,7339,95,649479,88.48487738419618,6
0.05,7340,94,649573,88.48562866094538,7
0.05,7341,94,649667,88.48637973304277,7
0.05,7342,94,649761,88.48713060057197,7
0.05,7343,94,649855,88.48788126361656,7
0.05,7344,19,649874,88.4784206943499,13
0.05,7345,21,649895,88.46923495780017,11
0.05,7346,93,649988,88.46985164012523,8
0.05,7347,95,650083,88.47074033750681,7
0.05,7348,94,650177,88.47149272009797,7
0.05,7349,95,650272,88.47238095238096,6
0.05,7350,94,650366,88.47313290708748,8
0.05,7351,95,650461,88.47402067464635,6
0.05,7352,93,650554,88.47463620291038,9
0.05,7353,96,650650,88.47565950503127,6
0.05,7354,95,650745,88.47654656696125,6
0.05,7355,-121,650624,88.44806960304513,16
0.05,7356,96,650720,88.44909609895338,6
0.05,7357,90,650810,88.44930687686872,13
0.05,7358,94,650904,88.45006114961272,7
0.05,7359,95,650999,88.45095108695652,6
0.05,7360,94,651093,88.45170493139518,8
0.05,7361,91,651184,88.45205107307797,10
0.05,7362,93,651277,88.45266874915116,8
0.05,7363,95,651372,88.45355784899512,6
0.05,7364,95,651467,88.45444670739987,6
0.05,7365,94,651561,88.45519956557155,7
0.05,7366,93,651654,88.45581647889236,8
0.05,7367,95,651749,88.45670466883821,6
0.05,7368,95,651844,88.4575926177229,6
0.05,7369,94,651938,88.45834464043419,8
0.05,7370,94,652032,88.45909645909646,7
0.05,7371,95,652127,88.45998372219208,6
0.05,7372,94,652221,88.46073511460735,7
0.05,7373,94,652315,88.46148630322756,7
0.05,7374,96,652411,88.46250847457627,6
0.05,7375,95,652506,88.46339479392624,7
0.05,7376,94,652600,88.46414531652434,7
0.05,7377,94,652694,88.46489563567363,7
0.05,7378,95,652789,88.46578127117496,6
0.05,7379,90,652879,88.46598915989159,11
0.05,7380,88,652967,88.4659260262837,13
0.05,7381,90,653057,88.46613383906801,11
0.05,7382,95,653152,88.46701882703508,6
0.05,7383,92,653244,88.46749729144095,9
0.05,7384,92,653336,88.46797562626946,9
0.05,7385,93,653429,88.46858922285405,8
0.05,7386,93,653522,88.46920265330986,8
0.05,7387,92,653614,88.46968056307526,9
0.05,7388,94,653708,88.47042901610502,8
0.05,7389,91,653799,88.47077131258457,10
0.05,7390,93,653892,88.47138411581653,8
0.05,7391,93,653985,88.47199675324676,8
0.05,7392,92,654077,88.47247396185581,10
0.05,7393,96,654173,88.4734920205572,6
0.05,7394,94,654267,88.47423935091278,7
0.05,7395,94,654361,88.47498647917793,7
0.05,7396,95,654456,88.47586859537651,6
0.05,7397,25,654481,88.46728845633955,8
0.05,7398,89,654570,88.46736045411542,12
0.05,7399,96,654666,88.46837837837838,6
0.05,7400,92,654758,88.46885556005945,9
0.05,7401,94,654852,88.46960281005134,7
0.05,7402,26,654878,88.46116439281373,7
0.05,7403,95,654973,88.46204754186925,6
0.05,7404,93,655066,88.4626603646185,8
0.05,7405,95,655161,88.4635430731839,6
0.05,7406,93,655254,88.46415552855407,8
0.05,7407,94,655348,88.46490280777537,7
0.05,7408,91,655439,88.46524497233095,10
0.05,7409,94,655533,88.465991902834,7
0.05,7410,93,655626,88.46660369720685,8
0.05,7411,25,655651,88.45804101457097,8
0.05,7412,90,655741,88.4582490219884,11
0.05,7413,95,655836,88.45913137307797,6
0.05,7414,94,655930,88.45987862440998,7
0.05,7415,92,656022,88.46035598705501,9
0.05,7416,96,656118,88.46137252258326,7
0.05,7417,91,656209,88.46171474791049,10
0.05,7418,92,656301,88.46219167003639,9
0.05,7419,95,656396,88.46307277628033,7
0.05,7420,95,656491,88.46395364506131,6
0.05,7421,95,656586,88.46483427647534,6
0.05,7422,94,656680,88.46557995419641,7
0.05,7423,96,656776,88.4665948275862,6
0.05,7424,96,656872,88.46760942760943,6
0.05,7425,95,656967,88.46848909237814,6
0.05,7426,93,657060,88.46909923252996,8
0.05,7427,92,657152,88.4695745826602,9
0.05,7428,94,657246,88.47031902005654,7
0.05,7429,94,657340,88.47106325706595,7
0.05,7430,95,657435,88.47194186515947,6
0.05,7431,95,657530,88.47282023681377,7
0.05,7432,93,657623,88.47342930176241,9
0.05,7433,92,657715,88.4739036857681,9
0.05,7434,93,657808,88.47451244115669,8
0.05,7435,93,657901,88.47512103281333,8
0.05,7436,94,657995,88.47586392362511,7
0.05,7437,91,658086,88.47620328045173,10
0.05,7438,96,658182,88.47721467939239,6
0.05,7439,94,658276,88.47795698924732,7
0.05,7440,92,658368,88.47843031850557,9
0.05,7441,93,658461,88.4790378930395,8
0.05,7442,95,658556,88.47991401316673,6
0.05,7443,90,658646,88.4801182160129,11
0.05,7444,96,658742,88.48112827400941,6
0.05,7445,96,658838,88.48213806070373,6
0.05,7446,92,658930,88.48261044715993,9
0.05,7447,-56,658874,88.46321160042964,20
0.05,7448,95,658969,88.46408913948181,6
0.05,7449,91,659060,88.46442953020134,10
0.05,7450,96,659156,88.46544088041874,6
0.05,7451,96,659252,88.46645195920559,6
0.05,7452,94,659346,88.46719441835502,7
0.05,7453,96,659442,88.46820499060907,7
0.05,7454,94,659536,88.46894701542588,7
0.05,7455,92,659628,88.46942060085837,9
0.05,7456,95,659723,88.47029636583076,6
0.05,7457,95,659818,88.47117189595066,7
0.05,7458,95,659913,88.47204719131251,7
0.05,7459,96,660009,88.4730563002681,6
0.05,7460,93,660102,88.47366304784882,8
0.05,7461,95,660197,88.47453765746448,6
0.05,7462,93,660290,88.47514404395015,9
0.05,7463,94,660384,88.47588424437299,7
0.05,7464,93,660477,88.47649028801072,8
0.05,7465,93,660570,88.47709616930084,8
0.05,7466,94,660664,88.4778358109013,7
0.05,7467,95,660759,88.47870915907873,6
0.05,7468,93,660852,88.47931449993305,8
0.05,7469,94,660946,88.48005354752343,7
0.05,7470,95,661041,88.48092624815955,6
0.05,7471,94,661135,88.48166488222698,7
0.05,7472,94,661229,88.48240331861368,7
0.05,7473,94,661323,88.48314155739898,7
0.05,7474,96,661419,88.48414715719063,6
0.05,7475,94,661513,88.48488496522205,7
0.05,7476,96,661609,88.48589006285944,6
0.05,7477,93,661702,88.48649371489704,8
0.05,7478,92,661794,88.48696349779382,10
0.05,7479,94,661888,88.48770053475936,8
0.05,7480,92,661980,88.48817003074456,9
0.05,7481,96,662076,88.48917401764234,6
0.05,7482,90,662166,88.48937591874916,11
0.05,7483,96,662262,88.49037947621592,6
0.05,7484,93,662355,88.49098196392785,8
0.05,7485,95,662450,88.4918514560513,6
0.05,7486,24,662474,88.48323761186056,9
0.05,7487,96,662570,88.48424145299145,6
0.05,7488,94,662664,88.48497796768594,7
0.05,7489,96,662760,88.48598130841121,6
0.05,7490,94,662854,88.48671739420638,7
0.05,7491,93,662947,88.48731980779498,8
0.05,7492,95,663042,88.48818897637796,6
0.05,7493,95,663137,88.48905791299707,6
0.05,7494,92,663229,88.4895263509006,9
0.05,7495,96,663325,88.49052828175027,7
0.05,7496,96,663421,88.49152994531146,6
0.05,7497,93,663514,88.492131234996,8
0.05,7498,93,663607,88.49273236431524,8
0.05,7499,95,663702,88.4936,6
0.05,7500,92,663794,88.49406745767232,9
0.05,7501,95,663889,88.49493468408424,6
0.05,7502,93,663982,88.49553511928562,8
0.05,7503,94,664076,88.49626865671642,8
0.05,7504,94,664170,88.49700199866756,7
0.05,7505,96,664266,88.49800159872102,6
0.05,7506,93,664359,88.49860130544825,8
0.05,7507,95,664454,88.49946723494939,6
0.05,7508,96,664550,88.50046610733786,7
0.05,7509,96,664646,88.50146471371505,6
0.05,7510,95,664741,88.50232991612302,6
0.05,7511,96,664837,88.5033280085197,6
0.05,7512,95,664932,88.50419273259683,6
0.05,7513,94,665026,88.50492414160234,7
0.05,7514,94,665120,88.50565535595476,7
0.05,7515,94,665214,88.50638637573178,7
0.05,7516,93,665307,88.50698416921644,8
0.05,7517,94,665401,88.50771481777069,10
0.05,7518,95,665496,88.50857826838676,6
0.05,7519,94,665590,88.50930851063829,7
0.05,7520,90,665680,88.50950671453265,11
0.05,7521,89,665769,88.50957192236108,12
0.05,7522,96,665865,88.51056759271567,6
0.05,7523,95,665960,88.51143009037746,6
0.05,7524,92,666052,88.51189368770764,9
0.05,7525,93,666145,88.5124900345469,8
0.05,7526,94,666239,88.51321907798592,7
0.05,7527,96,666335,88.51421360255048,6
0.05,7528,93,666428,88.51480940363926,8
0.05,7529,96,666524,88.51580345285525,6
0.05,7530,95,666619,88.51666445359182,6
0.05,7531,94,666713,88.51739245884227,7
0.05,7532,94,666807,88.51812027080844,7
0.05,7533,95,666902,88.51898062118397,7
0.05,7534,93,666995,88.51957531519575,8
0.05,7535,94,667089,88.5203025477707,7
0.05,7536,94,667183,88.52102958736899,7
0.05,7537,94,667277,88.5217564340674,7
0.05,7538,95,667372,88.52261573152938,6
0.05,7539,91,667463,88.52294429708223,10
0.05,7540,94,667557,88.52367060071609,7
0.05,7541,95,667652,88.52452930257226,6
0.05,7542,96,667748,88.52552034999337,6
0.05,7543,16,667764,88.51590668080594,16
0.05,7544,95,667859,88.5167660702452,6
0.05,7545,92,667951,88.51722767028889,9
0.05,7546,91,668042,88.51755664502451,10
0.05,7547,94,668136,88.51828298887122,7
0.05,7548,94,668230,88.51900914028349,7
0.05,7549,94,668324,88.51973509933775,7
0.05,7550,93,668417,88.52032843332009,9
0.05,7551,95,668512,88.52118644067797,6
0.05,7552,96,668608,88.52217661856216,6
0.05,7553,88,668696,88.52210749271909,13
0.05,7554,96,668792,88.52309728656519,6
0.05,7555,93,668885,88.52368978295394,8
0.05,7556,96,668981,88.52467910546513,6
0.05,7557,96,669077,88.52566816618153,6
0.05,7558,95,669172,88.52652467257573,6
0.05,7559,94,669266,88.52724867724868,7
0.05,7560,-44,669222,88.50972093638407,8
0.05,7561,92,669314,88.5101824914044,9
0.05,7562,93,669407,88.5107761470316,8
0.05,7563,95,669502,88.511634056055,6
0.05,7564,94,669596,88.5123595505618,8
0.05,7565,95,669691,88.51321702352631,6
0.05,7566,95,669786,88.51407426985595,6
0.05,7567,94,669880,88.51479915433404,7
0.05,7568,93,669973,88.51539172942265,8
0.05,7569,95,670068,88.51624834874505,6
0.05,7570,94,670162,88.51697265882974,7
0.05,7571,95,670257,88.51782884310619,6
0.05,7572,95,670352,88.51868480126767,6
0.05,7573,95,670447,88.51954053340376,6
0.05,7574,86,670533,88.51920792079208,15
0.05,7575,95,670628,88.52006335797255,7
0.05,7576,90,670718,88.52025867757688,11
0.05,7577,95,670813,88.5211137503299,6
0.05,7578,94,670907,88.52183665391213,8
0.05,7579,94,671001,88.52255936675462,7
0.05,7580,94,671095,88.52328188893286,7
0.05,7581,96,671191,88.52426800316539,7
0.05,7582,93,671284,88.52485823552684,8
0.05,7583,93,671377,88.52544831223629,8
0.05,7584,92,671469,88.52590639419908,9
0.05,7585,91,671560,88.52623253361455,10
0.05,7586,94,671654,88.52695400026361,7
0.05,7587,95,671749,88.52780706378492,7
0.05,7588,94,671843,88.52852813282382,8
0.05,7589,96,671939,88.52951251646904,6
0.05,7590,93,672032,88.53010143591095,8
0.05,7591,96,672128,88.53108535300316,6
0.05,7592,94,672222,88.53180561043067,7
0.05,7593,95,672317,88.53265736107453,6
0.05,7594,95,672412,88.53350888742594,6
0.05,7595,94,672506,88.53422854133754,7
0.05,7596,93,672599,88.53481637488483,8
0.05,7597,95,672694,88.53566728086338,6
0.05,7598,96,672790,88.53664955915252,6
0.05,7599,94,672884,88.53736842105263,7
0.05,7600,94,672978,88.53808709380344,7
0.05,7601,17,672995,88.52867666403579,15
0.05,7602,95,673090,88.5295278179666,7
0.05,7603,95,673185,88.53037874802736,7
0.05,7604,93,673278,88.53096646942801,8
0.05,7605,96,673374,88.53194846174073,6
0.05,7606,94,673468,88.53266728013672,7
0.05,7607,93,673561,88.53325446898002,8
0.05,7608,96,673657,88.5342357734262,7
0.05,7609,89,673746,88.53429697766097,12
0.05,7610,94,673840,88.53501510970963,8
0.05,7611,94,673934,88.5357330530741,7
0.05,7612,95,674029,88.53658216209116,7
0.05,7613,94,674123,88.53729971105858,7
0.05,7614,92,674215,88.53775443204202,9
0.05,7615,96,674311,88.53873424369748,6
0.05,7616,94,674405,88.53945122751739,8
0.05,7617,94,674499,88.54016802310318,7
0.05,7618,93,674592,88.54075337970862,8
0.05,7619,93,674685,88.54133858267717,8
0.05,7620,92,674777,88.54179241569348,9
0.05,7621,94,674871,88.54250852794542,7
0.05,7622,94,674965,88.54322445231536,7
0.05,7623,96,675061,88.54420251836306,6
0.05,7624,92,675153,88.54465573770491,9
0.05,7625,92,675245,88.54510883818516,9
0.05,7626,91,675336,88.54543070669988,10
0.05,7627,94,675430,88.54614577871001,7
0.05,7628,94,675524,88.54686066325861,7
0.05,7629,93,675617,88.54744429882045,8
0.05,7630,96,675713,88.54842091469008,6
0.05,7631,94,675807,88.54913522012579,7
0.05,7632,90,675897,88.54932529804795,11
0.05,7633,95,675992,88.5501702908043,6
0.05,7634,91,676083,88.55049115913556,10
0.05,7635,93,676176,88.55107386066003,8
0.05,7636,94,676270,88.55178735105407,7
0.05,7637,96,676366,88.55276250327312,6
0.05,7638,96,676462,88.55373740018327,6
0.05,7639,-46,676416,88.53612565445026,10
0.05,7640,95,676511,88.53697160057584,7
0.05,7641,23,676534,88.52839570792986,10
0.05,7642,94,676628,88.52911160539055,7
0.05,7643,95,676723,88.52995813710099,6
0.05,7644,96,676819,88.53093525179857,6
0.05,7645,94,676913,88.5316505362281,7
0.05,7646,95,677008,88.53249640381848,6
0.05,7647,92,677100,88.53294979079497,10
0.05,7648,95,677195,88.53379526735522,6
0.05,7649,90,677285,88.53398692810458,11
0.05,7650,94,677379,88.53470134622926,7
0.05,7651,91,677470,88.5350235232619,10
0.05,7652,90,677560,88.53521494838625,11
0.05,7653,94,677654,88.53592892605174,7
0.05,7654,94,677748,88.53664271717831,7
0.05,7655,26,677774,88.52847439916405,7
0.05,7656,94,677868,88.52918897740629,7
0.05,7657,95,677963,88.53003395142335,6
0.05,7658,95,678058,88.53087870479175,6
0.05,7659,95,678153,88.53172323759792,6
0.05,7660,93,678246,88.53230648740373,8
0.05,7661,92,678338,88.5327590707387,9
0.05,7662,94,678432,88.5334725303406,7
0.05,7663,93,678525,88.53405532359082,8
0.05,7664,94,678619,88.53476842791912,7
0.05,7665,92,678711,88.53522045395252,9
0.05,7666,94,678805,88.53593322029477,7
0.05,7667,95,678900,88.53677621283255,8
0.05,7668,92,678992,88.53722780023472,9
0.05,7669,94,679086,88.53794002607562,7
0.05,7670,94,679180,88.53865206622343,7
0.05,7671,93,679273,88.53923357664233,8
0.05,7672,93,679366,88.53981493548808,8
0.05,7673,94,679460,88.54052645295803,7
0.05,7674,93,679553,88.54110749185668,8
0.05,7675,95,679648,88.54194893173528,6
0.05,7676,95,679743,88.54279015240328,6
0.05,7677,27,679770,88.53477468090648,6
0.05,7678,92,679862,88.53522594087772,9
0.05,7679,87,679949,88.53502604166667,14
0.05,7680,92,680041,88.53547715141258,9
0.05,7681,92,680133,88.53592814371258,9
0.05,7682,93,680226,88.53650917610308,8
0.05,7683,93,680319,88.53709005726185,8
0.05,7684,93,680412,88.53767078724789,8
0.05,7685,94,680506,88.5383814728077,7
0.05,7686,95,680601,88.53922206322362,6
0.05,7687,24,680625,88.53082726326743,9
0.05,7688,92,680717,88.53127844973339,9
0.05,7689,95,680812,88.53211963589077,6
0.05,7690,93,680905,88.53270055909505,8
0.05,7691,96,681001,88.53367134685388,6
0.05,7692,94,681095,88.53438190562849,7
0.05,7693,95,681190,88.53522225110476,6
0.05,7694,94,681284,88.53593242365172,7
0.05,7695,94,681378,88.53664241164242,7
0.05,7696,92,681470,88.53709237365207,9
0.05,7697,94,681564,88.53780202650039,7
0.05,7698,94,681658,88.53851149499936,7
0.05,7699,95,681753,88.53935064935065,6
0.05,7700,92,681845,88.53980002597065,9
0.05,7701,92,681937,88.54024928589976,9
0.05,7702,95,682032,88.54108788783591,7
0.05,7703,92,682124,88.54153686396677,9
0.05,7704,95,682219,88.54237508111616,6
0.05,7705,26,682245,88.53425901894627,7
0.05,7706,96,682341,88.53522771506422,6
0.05,7707,94,682435,88.53593668915413,7
0.05,7708,94,682529,88.5366454793099,7
0.05,7709,95,682624,88.53748378728923,7
0.05,7710,94,682718,88.53819219297108,8
0.05,7711,95,682813,88.53903008298755,6
0.05,7712,94,682907,88.5397381044989,7
0.05,7713,94,683001,88.54044594244232,7
0.05,7714,95,683096,88.54128321451718,7
0.05,7715,94,683190,88.54199066874028,7
0.05,7716,92,683282,88.54243877154335,9
0.05,7717,96,683378,88.54340502720912,6
0.05,7718,96,683474,88.54437103251716,6
0.05,7719,26,683500,88.53626943005182,7
0.05,7720,91,683591,88.53658852480248,10
0.05,7721,96,683687,88.53755503755504,6
0.05,7722,90,683777,88.53774439984463,11
0.05,7723,92,683869,88.53819264629726,9
0.05,7724,92,683961,88.53864077669903,9
0.05,7725,93,684054,88.5392182241781,9
0.05,7726,95,684149,88.54005435485958,6
0.05,7727,96,684245,88.54101966873706,6
0.05,7728,94,684339,88.54172596713676,7
0.05,7729,94,684433,88.5424320827943,7
0.05,7730,96,684529,88.54339671452594,6
0.05,7731,94,684623,88.5441024314537,9
0.05,7732,92,684715,88.54454933402302,9
0.05,7733,94,684809,88.54525471942074,7
0.05,7734,91,684900,88.54557207498384,11
0.05,7735,94,684994,88.54627714581179,7
0.05,7736,94,685088,88.54698203438025,7
0.05,7737,95,685183,88.54781597311967,6
0.05,7738,92,685275,88.54826204936039,9
0.05,7739,94,685369,88.54896640826874,7
0.05,7740,95,685464,88.5497997674719,6
0.05,7741,94,685558,88.55050374580212,7
0.05,7742,90,685648,88.5506909466615,11
0.05,7743,94,685742,88.55139462809917,7
0.05,7744,94,685836,88.55209812782441,7
0.05,7745,91,685927,88.55241414923832,11
0.05,7746,94,686021,88.55311733574287,7
0.05,7747,95,686116,88.5539494062984,7
0.05,7748,96,686212,88.55491031100787,6
0.05,7749,95,686307,88.55574193548387,8
0.05,7750,96,686403,88.55670236098568,6
0.05,7751,94,686497,88.55740454076367,7
0.05,7752,95,686592,88.55823552173352,7
0.05,7753,94,686686,88.55893732267216,7
0.05,7754,87,686773,88.55873629916184,14
0.05,7755,95,686868,88.5595667870036,6
0.05,7756,94,686962,88.56026814490139,7
0.05,7757,94,687056,88.5609693219902,7
0.05,7758,86,687142,88.5606392576363,15
0.05,7759,95,687237,88.56146907216495,7
0.05,7760,96,687333,88.56242752222651,6
0.05,7761,95,687428,88.56325689255347,7
0.05,7762,94,687522,88.56395723302848,7
0.05,7763,94,687616,88.56465739309634,7
0.05,7764,93,687709,88.56522858982615,8
0.05,7765,94,687803,88.56592840587174,7
0.05,7766,92,687895,88.56637054203682,9
0.05,7767,94,687989,88.56707003089598,7
0.05,7768,94,688083,88.56776933968335,7
0.05,7769,95,688178,88.56859716859717,7
0.05,7770,92,688270,88.5690387337537,9
0.05,7771,95,688365,88.56986618630982,6
0.05,7772,96,688461,88.57082207641837,6
0.05,7773,96,688557,88.57177772060716,6
0.05,7774,93,688650,88.57234726688102,8
0.05,7775,93,688743,88.57291666666667,9
0.05,7776,91,688834,88.57322875144658,10
0.05,7777,94,688928,88.57392645924402,7
0.05,7778,95,689023,88.57475253888674,6
0.05,7779,94,689117,88.5754498714653,8
0.05,7780,95,689212,88.57627554298934,6
0.05,7781,26,689238,88.56823438704703,6
0.05,7782,95,689333,88.56906077348066,6
0.05,7783,94,689427,88.56975847893113,7
0.05,7784,94,689521,88.57045600513808,7
0.05,7785,93,689614,88.57102491651682,8
0.05,7786,96,689710,88.57197893925773,6
0.05,7787,95,689805,88.57280431432974,7
0.05,7788,96,689901,88.57375786365387,6
0.05,7789,-46,689855,88.55648267008986,10
0.05,7790,94,689949,88.55718136311128,7
0.05,7791,91,690040,88.55749486652978,10
0.05,7792,95,690135,88.55832157064032,6
0.05,7793,91,690226,88.55863484731844,10
0.05,7794,96,690322,88.55958948043617,6
0.05,7795,27,690349,88.55169317598768,6
0.05,7796,95,690444,88.55252020007696,6
0.05,7797,96,690540,88.55347525006412,6
0.05,7798,92,690632,88.5539171688678,9
0.05,7799,94,690726,88.55461538461539,7
0.05,7800,90,690816,88.5548006665812,11
0.05,7801,96,690912,88.55575493463215,6
0.05,7802,95,691007,88.55658080225554,6
0.05,7803,95,691102,88.55740645822655,6
0.05,7804,94,691196,88.55810377962844,7
0.05,7805,92,691288,88.55854470919806,9
0.05,7806,93,691381,88.55911361598565,8
0.05,7807,95,691476,88.55993852459017,6
0.05,7808,92,691568,88.56037904981432,9
0.05,7809,94,691662,88.56107554417413,7
0.05,7810,93,691755,88.56164383561644,8
0.05,7811,94,691849,88.56233998975935,7
0.05,7812,94,691943,88.56303596569819,7
0.05,7813,20,691963,88.5542615817763,12
0.05,7814,95,692058,88.55508637236085,6
0.05,7815,93,692151,88.55565506653019,8
0.05,7816,96,692247,88.55660739414097,6
0.05,7817,94,692341,88.55730365822461,7
0.05,7818,93,692434,88.55787185062029,8
0.05,7819,95,692529,88.55869565217391,6
0.05,7820,92,692621,88.55913566040148,9
0.05,7821,94,692715,88.55983124520583,7
0.05,7822,90,692805,88.56001533938387,11
0.05,7823,92,692897,88.56045501022494,9
0.05,7824,93,692990,88.56102236421725,8
0.05,7825,95,693085,88.56184513161257,6
0.05,7826,94,693179,88.56253992589754,7
0.05,7827,94,693273,88.56323454266735,7
0.05,7828,94,693367,88.56392898199003,7
0.05,7829,95,693462,88.5647509578544,6
0.05,7830,92,693554,88.5651896309539,9
0.05,7831,94,693648,88.5658835546476,7
0.05,7832,95,693743,88.56670496616877,7
0.05,7833,96,693839,88.56765381669645,6
0.05,7834,93,693932,88.56821952776005,8
0.05,7835,95,694027,88.56904032669729,7
0.05,7836,95,694122,88.5698609161669,8
0.05,7837,92,694214,88.57029854554733,9
0.05,7838,94,694308,88.57099119785687,7
0.05,7839,25,694333,88.56288265306122,8
0.05,7840,90,694423,88.56306593546742,11
0.05,7841,96,694519,88.5640142820709,6
0.05,7842,91,694610,88.56432487568533,10
0.05,7843,95,694705,88.56514533401325,6
0.05,7844,94,694799,88.56583811344805,7
0.05,7845,94,694893,88.56653071628855,7
0.05,7846,93,694986,88.5670957053651,8
0.05,7847,27,695013,88.559250764526,6
0.05,7848,27,695040,88.55140782265256,6
0.05,7849,95,695135,88.55222929936306,7
0.05,7850,94,695229,88.55292319449751,7
0.05,7851,93,695322,88.55348955680081,8
0.05,7852,92,695414,88.553928434993,9
0.05,7853,94,695508,88.5546218487395,7
0.05,7854,96,695604,88.5555697008275,6
0.05,7855,94,695698,88.55626272912424,7
0.05,7856,95,695793,88.55708285605193,6
0.05,7857,91,695884,88.55739373886485,10
0.05,7858,95,695979,88.55821351316962,6
0.05,7859,94,696073,88.5589058524173,7
0.05,7860,92,696165,88.55934359496247,10
0.05,7861,94,696259,88.5600356143475,7
0.05,7862,95,696354,88.56085463563525,6
0.05,7863,96,696450,88.5618006103764,6
0.05,7864,91,696541,88.56211061665607,10
0.05,7865,96,696637,88.56305619120265,6
0.05,7866,93,696730,88.56362018558535,8
0.05,7867,96,696826,88.56456532791053,6
0.05,7868,96,696922,88.56551023001651,7
0.05,7869,92,697014,88.56594663278273,9
0.05,7870,95,697109,88.56676407063905,7
0.05,7871,94,697203,88.56745426829268,7
0.05,7872,94,697297,88.56814429061349,7
0.05,7873,92,697389,88.56858013716027,10
0.05,7874,95,697484,88.56939682539682,7
0.05,7875,24,697508,88.56119857795835,9
0.05,7876,96,697604,88.56214294782278,6
0.05,7877,96,697700,88.56308707793856,6
0.05,7878,96,697796,88.564030968397,6
0.05,7879,27,697823,88.55621827411167,6
0.05,7880,95,697918,88.55703590914858,6
0.05,7881,95,698013,88.55785333671658,6
0.05,7882,96,698109,88.55879741215273,6
0.05,7883,90,698199,88.5589802130898,11
0.05,7884,96,698295,88.55992390615091,6
0.05,7885,94,698389,88.56061374587877,7
0.05,7886,92,698481,88.56104982883225,9
0.05,7887,95,698576,88.56186612576064,6
0.05,7888,95,698671,88.56268221574344,6
0.05,7889,92,698763,88.56311787072244,9
0.05,7890,95,698858,88.56393359523508,6
0.05,7891,22,698880,88.55549923973645,10
0.05,7892,95,698975,88.55631572279235,6
0.05,7893,95,699070,88.55713199898658,6
0.05,7894,95,699165,88.55794806839772,6
0.05,7895,95,699260,88.55876393110435,6
0.05,7896,95,699355,88.55957958718501,6
0.05,7897,94,699449,88.56026842238542,7
0.05,7898,94,699543,88.56095708317508,7
0.05,7899,94,699637,88.56164556962025,8
0.05,7900,93,699730,88.56220731552968,8
0.05,7901,89,699819,88.56226271829917,12
0.05,7902,23,699842,88.55396684803239,10
0.05,7903,96,699938,88.55490890688259,6
0.05,7904,27,699965,88.5471220746363,6
0.05,7905,96,700061,88.54806476094106,6
0.05,7906,91,700152,88.548374857721,10
0.05,7907,93,700245,88.548937784522,8
0.05,7908,96,700341,88.54987988367682,6
0.05,7909,93,700434,88.5504424778761,8
0.05,7910,94,700528,88.55113133611427,7
0.05,7911,94,700622,88.55182002022245,7
0.05,7912,94,700716,88.55250853026665,7
0.05,7913,94,700810,88.55319686631286,8
0.05,7914,94,700904,88.55388502842703,7
0.05,7915,94,700998,88.55457301667509,7
0.05,7916,96,701094,88.55551345206517,6
0.05,7917,93,701187,88.55607476635514,8
0.05,7918,94,701281,88.5567622174517,7
0.05,7919,94,701375,88.5574494949495,7
0.05,7920,-46,701329,88.54046206287084,10
0.05,7921,94,701423,88.54115122443827,7
0.05,7922,94,701517,88.5418402120409,7
0.05,7923,94,701611,88.54252902574457,7
0.05,7924,21,701632,88.53400630914827,11
0.05,7925,95,701727,88.53482210446631,6
0.05,7926,95,701822,88.53563769395736,6
0.05,7927,95,701917,88.53645307769929,7
0.05,7928,91,702008,88.53676377853449,10
0.05,7929,94,702102,88.5374527112232,7
0.05,7930,94,702196,88.5381414701803,7
0.05,7931,96,702292,88.53908219868886,6
0.05,7932,91,702383,88.53939241144586,10
0.05,7933,93,702476,88.53995462566171,9
0.05,7934,96,702572,88.5408947700063,6
0.05,7935,92,702664,88.5413306451613,9
0.05,7936,96,702760,88.54227037923648,6
0.05,7937,91,702851,88.54257999496095,10
0.05,7938,27,702878,88.5348280639879,6
0.05,7939,90,702968,88.53501259445844,11
0.05,7940,93,703061,88.53557486462662,8
0.05,7941,94,703155,88.536262906069,7
0.05,7942,95,703250,88.53707667128289,6
0.05,7943,96,703346,88.53801611278952,6
0.05,7944,94,703440,88.53870358716173,7
0.05,7945,93,703533,88.53926503901334,8
0.05,7946,94,703627,88.53995218321379,7
0.05,7947,93,703720,88.54051333668848,9
0.05,7948,95,703815,88.54132595295006,7
0.05,7949,95,703910,88.54213836477987,6
0.05,7950,92,704002,88.542573261225,9
0.05,7951,25,704027,88.53458249496983,8
0.05,7952,94,704121,88.53526970954357,7
0.05,7953,92,704213,88.53570530550667,9
0.05,7954,93,704306,88.53626649905719,8
0.05,7955,95,704401,88.53707893413775,7
0.05,7956,27,704428,88.52934523061455,6
0.05,7957,94,704522,88.5300326715255,7
0.05,7958,94,704616,88.53071993969091,7
0.05,7959,22,704638,88.52236180904522,11
0.05,7960,95,704733,88.52317548046727,6
0.05,7961,95,704828,88.52398894750063,6
0.05,7962,95,704923,88.52480221022228,6
0.05,7963,94,705017,88.5254897036665,7
0.05,7964,94,705111,88.52617702448211,7
0.05,7965,95,705206,88.52698970625157,7
0.05,7966,94,705300,88.52767666624827,7
0.05,7967,95,705395,88.52848895582329,6
0.05,7968,95,705490,88.52930104153596,7
0.05,7969,94,705584,88.52998745294856,7
0.05,7970,90,705674,88.53017187303976,11
0.05,7971,93,705767,88.53073256397391,8
0.05,7972,94,705861,88.53141853756428,7
0.05,7973,94,705955,88.53210433910208,8
0.05,7974,96,706051,88.5330407523511,6
0.05,7975,95,706146,88.533851554664,6
0.05,7976,94,706240,88.53453679328068,7
0.05,7977,94,706334,88.53522186011531,7
0.05,7978,96,706430,88.53615741320968,6
0.05,7979,93,706523,88.53671679197996,9
0.05,7980,94,706617,88.53740132815436,7
0.05,7981,92,706709,88.53783512904035,9
0.05,7982,94,706803,88.53851935362646,7
0.05,7983,93,706896,88.53907815631263,8
0.05,7984,94,706990,88.53976205385096,7
0.05,7985,94,707084,88.5404457801152,7
0.05,7986,89,707173,88.54050331789158,12
0.05,7987,25,707198,88.53254882323485,7
0.05,7988,94,707292,88.53323319564402,7
0.05,7989,96,707388,88.53416770963705,6
0.05,7990,93,707481,88.53472656738832,8
0.05,7991,24,707505,88.52665165165165,9
0.05,7992,93,707598,88.52721130989616,8
0.05,7993,94,707692,88.52789592194145,8
0.05,7994,93,707785,88.52845528455285,8
0.05,7995,95,707880,88.52926463231616,6
0.05,7996,95,707975,88.53007377766663,6
0.05,7997,93,708068,88.53063265816454,8
0.05,7998,94,708162,88.53131641455182,9
0.05,7999,94,708256,88.532,7
0.05,8000,94,708350,88.53268341457319,7
0.05,8001,96,708446,88.53361659585104,6
0.05,8002,93,708539,88.53417468449331,8
0.05,8003,93,708632,88.53473263368316,8
0.05,8004,89,708721,88.53479075577764,12
0.05,8005,93,708814,88.53534848863353,8
0.05,8006,27,708841,88.52766329461721,6
0.05,8007,93,708934,88.52822177822178,8
0.05,8008,95,709029,88.5290298414284,6
0.05,8009,89,709118,88.52908863920099,12
0.05,8010,91,709209,88.52939707901635,10
0.05,8011,24,709233,88.52134298552171,8
0.05,8012,94,709327,88.52202670660178,7
0.05,8013,94,709421,88.52271025705016,7
0.05,8014,93,709514,88.52326887086713,8
0.05,8015,94,709608,88.52395209580838,7
0.05,8016,94,709702,88.5246351503056,7
0.05,8017,93,709795,88.52519331504115,8
0.05,8018,94,709889,88.52587604439456,7
0.05,8019,92,709981,88.52630922693267,9
0.05,8020,95,710076,88.52711631966089,6
0.05,8021,94,710170,88.52779855397657,7
0.05,8022,93,710263,88.52835597656737,8
0.05,8023,94,710357,88.52903788634097,7
0.05,8024,27,710384,88.5213707165109,6
0.05,8025,93,710477,88.52192873162222,8
0.05,8026,92,710569,88.52236202815497,9
0.05,8027,95,710664,88.52316890881913,6
0.05,8028,96,710760,88.52410013700336,6
0.05,8029,92,710852,88.52453300124533,9
0.05,8030,95,710947,88.52533931017308,6
0.05,8031,94,711041,88.52602091633466,8
0.05,8032,94,711135,88.52670235279473,7
0.05,8033,93,711228,88.52725914861837,8
0.05,8034,94,711322,88.52794026135656,7
0.05,8035,92,711414,88.52837232453957,9
0.05,8036,96,711510,88.52930197835013,6
0.05,8037,95,711605,88.530106991789,7
0.05,8038,91,711696,88.5304142306257,10
0.05,8039,96,711792,88.53134328358209,6
0.05,8040,95,711887,88.53214774281805,7
0.05,8041,93,711980,88.53270330763492,9
0.05,8042,94,712074,88.53338306602014,7
0.05,8043,96,712170,88.53431128791647,6
0.05,8044,94,712264,88.53499067743941,7
0.05,8045,93,712357,88.53554561272682,8
0.05,8046,94,712451,88.53622468000498,7
0.05,8047,87,712538,88.5360337972167,14
0.05,8048,92,712630,88.53646415703814,9
0.05,8049,91,712721,88.5367701863354,10
0.05,8050,91,712812,88.53707613960998,10
0.05,8051,94,712906,88.53775459513164,7
0.05,8052,25,712931,88.52986464671551,8
0.05,8053,94,713025,88.53054382915322,7
0.05,8054,25,713050,88.52265673494723,8
0.05,8055,24,713074,88.51464746772592,9
0.05,8056,96,713170,88.51557651731413,6
0.05,8057,92,713262,88.51600893521966,9
0.05,8058,92,713354,88.51644124581213,9
0.05,8059,27,713381,88.50880893300248,6
0.05,8060,95,713476,88.50961419178762,6
0.05,8061,94,713570,88.51029521210617,8
0.05,8062,95,713665,88.51110008681633,6
0.05,8063,93,713758,88.51165674603175,8
0.05,8064,93,713851,88.51221326720396,8
0.05,8065,94,713945,88.51289362757252,7
0.05,8066,94,714039,88.51357381926367,7
0.05,8067,93,714132,88.51412989588498,8
0.05,8068,94,714226,88.51480976577024,7
0.05,8069,95,714321,88.51561338289963,6
0.05,8070,96,714417,88.51654070127617,6
0.05,8071,94,714511,88.51722001982161,7
0.05,8072,92,714603,88.51765143069491,9
0.05,8073,96,714699,88.51857815209314,6
0.05,8074,93,714792,88.51913312693499,8
0.05,8075,94,714886,88.51981178801387,7
0.05,8076,94,714980,88.52049028104494,7
0.05,8077,92,715072,88.52092102005447,9
0.05,8078,93,715165,88.5214754301275,8
0.05,8079,94,715259,88.52215346534653,7
0.05,8080,95,715354,88.52295507981685,7
0.05,8081,94,715448,88.52363276416729,7
0.05,8082,93,715541,88.52418656439441,8
0.05,8083,92,715633,88.52461652647204,9
0.05,8084,94,715727,88.52529375386518,7
0.05,8085,94,715821,88.52597081375217,7
0.05,8086,92,715913,88.5264003956968,9
0.05,8087,95,716008,88.52720079129574,6
0.05,8088,94,716102,88.52787736432192,7
0.05,8089,94,716196,88.52855377008653,7
0.05,8090,95,716291,88.52935360276851,7
0.05,8091,92,716383,88.52978250123579,9
0.05,8092,93,716476,88.53033485728407,8
0.05,8093,96,716572,88.53125772176921,6
0.05,8094,94,716666,88.53193329215566,7
0.05,8095,93,716759,88.53248517786561,8
0.05,8096,93,716852,88.53303692725702,8
0.05,8097,93,716945,88.53358854038034,8
0.05,8098,94,717039,88.53426348931967,7
0.05,8099,93,717132,88.53481481481481,8
0.05,8100,90,717222,88.53499567954573,11
0.05,8101,96,717318,88.53591705751666,6
0.05,8102,93,717411,88.53646797482413,8
0.05,8103,93,717504,88.53701875616979,8
0.05,8104,93,717597,88.53756940160395,8
0.05,8105,94,717691,88.53824327658525,7
0.05,8106,92,717783,88.53867028493895,9
0.05,8107,94,717877,88.53934385791811,7
0.05,8108,95,717972,88.5401405845357,6
0.05,8109,96,718068,88.5410604192355,6
0.05,8110,96,718164,88.54198002712366,6
0.05,8111,94,718258,88.54265285996055,7
0.05,8112,94,718352,88.54332552693208,7
0.05,8113,96,718448,88.54424451565195,6
0.05,8114,94,718542,88.5449168207024,7
0.05,8115,94,718636,88.54558896007886,7
0.05,8116,94,718730,88.54626093384255,7
0.05,8117,95,718825,88.5470559251047,6
0.05,8118,95,718920,88.54785072053208,6
0.05,8119,23,718943,88.53977832512315,10
0.05,8120,94,719037,88.54045068341337,7
0.05,8121,96,719133,88.54136912090618,6
0.05,8122,92,719225,88.54179490336082,9
0.05,8123,93,719318,88.54234367306745,8
0.05,8124,94,719412,88.54301538461539,7
0.05,8125,94,719506,88.54368693083929,7
0.05,8126,93,719599,88.5442352651655,10
0.05,8127,96,719695,88.54515255905511,6
0.05,8128,92,719787,88.54557756181572,9
0.05,8129,93,719880,88.54612546125462,8
0.05,8130,96,719976,88.54704218423318,6
0.05,8131,94,720070,88.54771273979341,7
0.05,8132,92,720162,88.54813721873847,9
0.05,8133,93,720255,88.54868453405459,8
0.05,8134,25,720280,88.54087277197296,9
0.05,8135,93,720373,88.54142084562439,9
0.05,8136,95,720468,88.54221457539634,6
0.05,8137,94,720562,88.5428852297862,7
0.05,8138,91,720653,88.54318712372528,10
0.05,8139,93,720746,88.54373464373464,8
0.05,8140,92,720838,88.54415919420218,9
0.05,8141,90,720928,88.54433800049128,11
0.05,8142,92,721020,88.54476237258996,9
0.05,8143,94,721114,88.54543222003929,7
0.05,8144,94,721208,88.54610190300798,7
0.05,8145,91,721299,88.5464031426467,11
0.05,8146,94,721393,88.54707254204001,7
0.05,8147,94,721487,88.54774177712322,7
0.05,8148,27,721514,88.54018898024297,6
0.05,8149,94,721608,88.54085889570553,7
0.05,8150,95,721703,88.54165133112501,6
0.05,8151,94,721797,88.54232090284593,7
0.05,8152,94,721891,88.54299031031522,8
0.05,8153,94,721985,88.54365955359333,7
0.05,8154,96,722081,88.54457388105457,6
0.05,8155,95,722176,88.54536537518392,6
0.05,8156,93,722269,88.54591148706632,8
0.05,8157,94,722363,88.54658004412846,7
0.05,8158,95,722458,88.54737100134821,6
0.05,8159,94,722552,88.54803921568627,7
0.05,8160,90,722642,88.54821713025365,11
0.05,8161,89,722731,88.54827248223475,12
0.05,8162,94,722825,88.54894034056107,8
0.05,8163,94,722919,88.54960803527682,7
0.05,8164,94,723013,88.55027556644212,7
0.05,8165,94,723107,88.55094293411707,7
0.05,8166,94,723201,88.5516101383617,7
0.05,8167,90,723291,88.5517874632713,11
0.05,8168,94,723385,88.55245440078345,7
0.05,8169,90,723475,88.55263157894737,11
0.05,8170,25,723500,88.54485375107086,8
0.05,8171,94,723594,88.54552129221733,7
0.05,8172,94,723688,88.546188670011,7
0.05,8173,94,723782,88.54685588451187,7
0.05,8174,-50,723732,88.52990825688073,14
0.05,8175,94,723826,88.53057729941291,7
0.05,8176,95,723921,88.53136847254494,6
0.05,8177,93,724014,88.53191489361703,8
0.05,8178,93,724107,88.53246118107349,8
0.05,8179,95,724202,88.53325183374083,6
0.05,8180,92,724294,88.5336755897812,9
0.05,8181,95,724389,88.53446590075777,7
0.05,8182,95,724484,88.5352560185751,7
0.05,8183,96,724580,88.53616813294232,6
0.05,8184,93,724673,88.53671350030544,8
0.05,8185,92,724765,88.53713657463963,9
0.05,8186,25,724790,88.52937583974594,7
0.05,8187,94,724884,88.53004396678065,7
0.05,8188,94,724978,88.53071193063866,7
0.05,8189,95,725073,88.53150183150183,7
0.05,8190,92,725165,88.53192528384812,10
0.05,8191,95,725260,88.53271484375,6
0.05,8192,96,725356,88.53362626632492,6
0.05,8193,94,725450,88.53429338540396,7
0.05,8194,94,725544,88.53496034167175,7
0.05,8195,23,725567,88.52696437286481,10
0.05,8196,94,725661,88.52763206050994,7
0.05,8197,94,725755,88.5282995852647,7
0.05,8198,96,725851,88.52921087937554,6
0.05,8199,94,725945,88.52987804878049,7
0.05,8200,96,726041,88.53078892817949,6
0.05,8201,94,726135,88.53145574250183,7
0.05,8202,90,726225,88.53163476776788,11
0.05,8203,24,726249,88.52376889322282,9
0.05,8204,92,726341,88.52419256550884,10
0.05,8205,91,726432,88.52449427248355,10
0.05,8206,95,726527,88.52528329474839,6
0.05,8207,95,726622,88.52607212475634,6
0.05,8208,92,726714,88.52649531002558,9
0.05,8209,90,726804,88.5266747868453,12
0.05,8210,96,726900,88.52758494702229,6
0.05,8211,93,726993,88.52812956648806,8
0.05,8212,94,727087,88.52879581151832,9
0.05,8213,94,727181,88.52946189432676,7
0.05,8214,93,727274,88.53000608642726,8
0.05,8215,91,727365,88.53030671859786,10
0.05,8216,96,727461,88.53121577217962,6
0.05,8217,92,727553,88.53163786809442,9
0.05,8218,93,727646,88.53218153059983,8
0.05,8219,93,727739,88.53272506082725,8
0.05,8220,94,727833,88.53339009852816,7
0.05,8221,90,727923,88.53356847482364,11
0.05,8222,95,728018,88.5343548583242,6
0.05,8223,92,728110,88.53477626459144,9
0.05,8224,94,728204,88.53544072948328,7
0.05,8225,92,728296,88.5358619012886,9
0.05,8226,93,728389,88.53640452169685,8
0.05,8227,95,728484,88.53719008264463,7
0.05,8228,94,728578,88.53785393121886,7
0.05,8229,93,728671,88.53839611178614,9
0.05,8230,92,728763,88.53881666869154,9
0.05,8231,96,728859,88.53972303206997,6
0.05,8232,27,728886,88.53224826916069,7
0.05,8233,95,728981,88.53303376244838,6
0.05,8234,23,729004,88.5250758955677,10
0.05,8235,90,729094,88.52525497814473,11
0.05,8236,92,729186,88.52567682408645,9
0.05,8237,93,729279,88.52621995630007,8
0.05,8238,93,729372,88.5267629566695,8
0.05,8239,92,729464,88.52718446601942,9
0.05,8240,93,729557,88.52772721757069,9
0.05,8241,95,729652,88.52851249696675,7
0.05,8242,94,729746,88.52917627077521,7
0.05,8243,94,729840,88.52983988355167,7
0.05,8244,93,729933,88.53038204972711,8
0.05,8245,94,730027,88.5310453553238,7
0.05,8246,94,730121,88.53170850006063,7
0.05,8247,94,730215,88.53237148399612,7
0.05,8248,96,730311,88.53327676081949,6
0.05,8249,89,730400,88.53333333333333,12
0.05,8250,96,730496,88.53423827414859,6
0.05,8251,93,730589,88.53477944740669,8
0.05,8252,95,730684,88.53556282563916,6
0.05,8253,90,730774,88.5357402471529,11
0.05,8254,92,730866,88.53615990308904,9
0.05,8255,94,730960,88.53682170542636,7
0.05,8256,94,731054,88.53748334746275,7
0.05,8257,94,731148,88.53814482925648,7
0.05,8258,94,731242,88.53880615086572,7
0.05,8259,94,731336,88.53946731234866,8
0.05,8260,95,731431,88.54024936448371,8
0.05,8261,96,731527,88.54115226337449,6
0.05,8262,95,731622,88.54193392230425,6
0.05,8263,95,731717,88.54271539206195,8
0.05,8264,96,731813,88.54361766485178,6
0.05,8265,94,731907,88.54427776433583,7
0.05,8266,92,731999,88.54469577839603,9
0.05,8267,94,732093,88.54535558780842,7
0.05,8268,91,732184,88.54565243681219,10
0.05,8269,92,732276,88.54607013301089,9
0.05,8270,93,732369,88.54660863257163,8
0.05,8271,95,732464,88.54738878143134,9
0.05,8272,94,732558,88.54804786655384,7
0.05,8273,95,732653,88.54882765288856,6
0.05,8274,94,732747,88.54948640483384,7
0.05,8275,96,732843,88.55038666022233,6
0.05,8276,96,732939,88.55128669807901,6
0.05,8277,96,733035,88.55218651848273,6
0.05,8278,94,733129,88.55284454644281,7
0.05,8279,96,733225,88.55374396135265,6
0.05,8280,94,733319,88.55440164231374,7
0.05,8281,95,733414,88.55517990823472,6
0.05,8282,94,733508,88.55583725703248,8
0.05,8283,92,733600,88.55625301786577,9
0.05,8284,94,733694,88.55691007845503,7
0.05,8285,93,733787,88.55744629495534,8
0.05,8286,93,733880,88.55798238204416,8
0.05,8287,89,733969,88.55803571428571,12
0.05,8288,95,734064,88.55881288454579,6
0.05,8289,94,734158,88.55946924004824,7
0.05,8290,93,734251,88.5600048245085,8
0.05,8291,94,734345,88.56066087795466,7
0.05,8292,92,734437,88.56107560593271,9
0.05,8293,95,734532,88.56185194116229,6
0.05,8294,95,734627,88.56262808921036,6
0.05,8295,96,734723,88.56352459016394,6
0.05,8296,93,734816,88.56405929854164,8
0.05,8297,92,734908,88.5644733670764,9
0.05,8298,94,735002,88.56512832871431,7
0.05,8299,95,735097,88.56590361445784,6
0.05,8300,96,735193,88.56679918082159,8
0.05,8301,91,735284,88.56709226692364,10
0.05,8302,94,735378,88.56774659761533,7
0.05,8303,93,735471,88.56828034682081,8
0.05,8304,92,735563,88.56869355809754,10
0.05,8305,94,735657,88.56934745966771,7
0.05,8306,96,735753,88.57024196460816,6
0.05,8307,94,735847,88.57089552238806,7
0.05,8308,91,735938,88.57118786857625,10
0.05,8309,94,736032,88.57184115523465,7
0.05,8310,20,736052,88.56359042233186,12
0.05,8311,95,736147,88.56436477382098,6
0.05,8312,94,736241,88.565018645495,7
0.05,8313,94,736335,88.56567235987491,7
0.05,8314,95,736430,88.56644618159952,6
0.05,8315,95,736525,88.56721981721982,7
0.05,8316,95,736620,88.56799326680293,8
0.05,8317,94,736714,88.56864630920894,7
0.05,8318,90,736804,88.56881836759226,11
0.05,8319,96,736900,88.56971153846153,6
0.05,8320,94,736994,88.57036413892561,7
0.05,8321,95,737089,88.57113674597453,6
0.05,8322,91,737180,88.57142857142857,10
0.05,8323,91,737271,88.57172032676598,10
0.05,8324,93,737364,88.57225225225226,8
0.05,8325,96,737460,88.573144367043,6
0.05,8326,95,737555,88.57391617629398,6
0.05,8327,95,737650,88.57468780019212,7
0.05,8328,92,737742,88.57509905150678,9
0.05,8329,94,737836,88.57575030012005,7
0.05,8330,93,737929,88.57628135878046,8
0.05,8331,95,738024,88.57705232837255,7
0.05,8332,95,738119,88.57782311292452,7
0.05,8333,91,738210,88.57811375089993,10
0.05,8334,95,738305,88.57888422315537,7
0.05,8335,95,738400,88.57965451055662,6
0.05,8336,95,738495,88.58042461317021,6
0.05,8337,96,738591,88.58131446390021,6
0.05,8338,92,738683,88.58172442738937,9
0.05,8339,96,738779,88.5826139088729,6
0.05,8340,95,738874,88.58338328737561,7
0.05,8341,95,738969,88.58415248141932,6
0.05,8342,95,739064,88.58492149107036,6
0.05,8343,94,739158,88.58557046979865,7
0.05,8344,94,739252,88.58621929298981,8
0.05,8345,92,739344,88.58662832494608,9
0.05,8346,94,739438,88.58727686593986,7
0.05,8347,94,739532,88.58792525155727,7
0.05,8348,93,739625,88.58845370703078,9
0.05,8349,95,739720,88.58922155688623,6
0.05,8350,94,739814,88.58986947670938,7
0.05,8351,93,739907,88.59039750957854,8
0.05,8352,93,740000,88.5909254160182,8
0.05,8353,95,740095,88.59169260234619,6
0.05,8354,95,740190,88.59245960502693,7
0.05,8355,93,740283,88.59298707515558,9
0.05,8356,96,740379,88.59387339954529,6
0.05,8357,92,740471,88.59428092845178,9
0.05,8358,94,740565,88.5949276229214,7
0.05,8359,94,740659,88.59557416267943,7
0.05,8360,94,740753,88.59622054778137,7
0.05,8361,93,740846,88.59674718966754,8
0.05,8362,92,740938,88.5971541312926,9
0.05,8363,92,741030,88.59756097560975,9
0.05,8364,94,741124,88.59820681410639,7
0.05,8365,95,741219,88.59897202964379,8
0.05,8366,94,741313,88.59961754511772,7
0.05,8367,93,741406,88.60014340344168,8
0.05,8368,95,741501,88.60090811327518,6
0.05,8369,93,741594,88.60143369175627,8
0.05,8370,94,741688,88.60207860470672,8
0.05,8371,92,741780,88.6024844720497,9
0.05,8372,94,741874,88.60312910545802,7
0.05,8373,94,741968,88.60377358490567,8
0.05,8374,25,741993,88.59617910447761,8
0.05,8375,93,742086,88.59670487106017,8
0.05,8376,95,742181,88.59746926107198,6
0.05,8377,93,742274,88.59799474814992,8
0.05,8378,92,742366,88.5984007638143,9
0.05,8379,96,742462,88.59928400954654,6
0.05,8380,96,742558,88.60016704450543,6
0.05,8381,95,742653,88.60093056549749,6
0.05,8382,95,742748,88.60169390433019,6
0.05,8383,94,742842,88.60233778625954,7
0.05,8384,93,742935,88.60286225402504,8
0.05,8385,92,743027,88.60326735034582,9
0.05,8386,94,743121,88.60391081435554,7
0.05,8387,94,743215,88.60455412494039,7
0.05,8388,91,743306,88.60483967099773,10
0.05,8389,93,743399,88.60536352800953,8
0.05,8390,96,743495,88.60624478608032,6
0.05,8391,88,743583,88.60617254528123,13
0.05,8392,93,743676,88.60669605623734,8
0.05,8393,95,743771,88.60745770788658,7
0.05,8394,92,743863,88.6078618225134,9
0.05,8395,96,743959,88.6087422582182,6
0.05,8396,92,744051,88.60914612361557,9
0.05,8397,92,744143,88.60954989283162,9
0.05,8398,94,744237,88.61019168948684,8
0.05,8399,96,744333,88.61107142857144,6
0.05,8400,91,744424,88.61135579097727,10
0.05,8401,96,744520,88.6122351820995,6
0.05,8402,93,744613,88.61275734856599,9
0.05,8403,91,744704,88.61304140885292,10
0.05,8404,94,744798,88.61368233194527,7
0.05,8405,92,744890,88.61408517725434,9
0.05,8406,93,744983,88.61460687522303,8
0.05,8407,94,745077,88.61524738344434,7
0.05,8408,93,745170,88.61576881912237,8
0.05,8409,94,745264,88.61640903686089,7
0.05,8410,92,745356,88.61681131851147,10
0.05,8411,92,745448,88.61721350451735,9
0.05,8412,96,745544,88.61809104956615,6
0.05,8413,94,745638,88.61873068695031,7
0.05,8414,95,745733,88.6194890077243,6
0.05,8415,95,745828,88.62024714828897,8
0.05,8416,91,745919,88.62052988000475,10
0.05,8417,92,746011,88.62093133760989,9
0.05,8418,25,746036,88.61337451003682,8
0.05,8419,96,746132,88.61425178147269,6
0.05,8420,94,746226,88.6148913430709,7
0.05,8421,96,746322,88.61576822607456,6
0.05,8422,96,746418,88.61664490086667,6
0.05,8423,94,746512,88.61728395061728,8
0.05,8424,92,746604,88.61768545994066,9
0.05,8425,96,746700,88.6185615950629,6
0.05,8426,94,746794,88.61920018986591,7
0.05,8427,92,746886,88.61960132890366,9
0.05,8428,92,746978,88.62000237276071,9
0.05,8429,25,747003,88.61245551601424,9
0.05,8430,94,747097,88.61309453208398,7
0.05,8431,94,747191,88.61373339658444,7
0.05,8432,93,747284,88.61425352780742,8
0.05,8433,96,747380,88.61512923879535,6
0.05,8434,94,747474,88.61576763485478,7
0.05,8435,93,747567,88.61628733997155,8
0.05,8436,94,747661,88.61692544743393,7
0.05,8437,94,747755,88.61756340365015,7
0.05,8438,96,747851,88.61843820357862,6
0.05,8439,94,747945,88.61907582938389,7
0.05,8440,25,747970,88.6115389171899,8
0.05,8441,93,748063,88.6120587538498,8
0.05,8442,93,748156,88.61257846736942,8
0.05,8443,94,748250,88.61321648507815,7
0.05,8444,94,748344,88.6138543516874,7
0.05,8445,91,748435,88.61413686952403,10
0.05,8446,95,748530,88.6148928613709,8
0.05,8447,95,748625,88.61564867424242,6
0.05,8448,94,748719,88.61628595100012,7
0.05,8449,95,748814,88.61704142011834,7
0.05,8450,95,748909,88.61779671044847,7
0.05,8451,94,749003,88.61843350686227,7
0.05,8452,93,749096,88.6189518514137,8
0.05,8453,93,749189,88.61947007333806,9
0.05,8454,94,749283,88.62010644589,7
0.05,8455,93,749376,88.62062440870388,8
0.05,8456,94,749470,88.6212604942651,7
0.05,8457,94,749564,88.62189642941594,7
0.05,8458,91,749655,88.62217756235961,10
0.05,8459,95,749750,88.62293144208037,6
0.05,8460,94,749844,88.62356695426072,7
0.05,8461,94,749938,88.6242023162373,7
0.05,8462,94,750032,88.62483752806334,7
0.05,8463,94,750126,88.62547258979205,7
0.05,8464,94,750220,88.62610750147667,7
0.05,8465,94,750314,88.62674226317033,7
0.05,8466,95,750409,88.62749498051258,7
0.05,8467,96,750505,88.62836561171468,6
0.05,8468,94,750599,88.62899988192231,7
0.05,8469,93,750692,88.62951593860684,8
0.05,8470,94,750786,88.63014992326762,7
0.05,8471,91,750877,88.63042965061379,10
0.05,8472,93,750970,88.63094535583619,8
0.05,8473,94,751064,88.63157894736842,7
0.05,8474,92,751156,88.63197640117994,9
0.05,8475,96,751252,88.63284568192543,6
0.05,8476,95,751347,88.63359679131769,6
0.05,8477,95,751442,88.6343477235197,6
0.05,8478,94,751536,88.63498054015804,8
0.05,8479,95,751631,88.63573113207548,6
0.05,8480,95,751726,88.63648154698738,6
0.05,8481,93,751819,88.63699599151144,8
0.05,8482,93,751912,88.63751031474715,8
0.05,8483,25,751937,88.63000942951437,8
0.05,8484,94,752031,88.63064230995874,7
0.05,8485,94,752125,88.63127504124441,7
0.05,8486,94,752219,88.63190762342406,7
0.05,8487,94,752313,88.63254005655043,7
0.05,8488,95,752408,88.63329014018142,7
0.05,8489,92,752500,88.6336866902238,9
0.05,8490,94,752594,88.63431869037805,7
0.05,8491,94,752688,88.6349505416863,7
0.05,8492,93,752781,88.63546450017661,8
0.05,8493,95,752876,88.63621379797505,6
0.05,8494,96,752972,88.63708063566804,6
0.05,8495,94,753066,88.63771186440678,7
0.05,8496,94,753160,88.63834294456868,7
0.05,8497,93,753253,88.63885620145916,8
0.05,8498,94,753347,88.6394869984704,7
0.05,8499,93,753440,88.64,8
0.05,8500,94,753534,88.64063051405716,7
0.05,8501,94,753628,88.641260879793,8
0.05,8502,94,753722,88.64189109725979,7
0.05,8503,94,753816,88.64252116650988,7
0.05,8504,94,753910,88.64315108759553,7
0.05,8505,96,754006,88.64401598871385,6
0.05,8506,95,754101,88.64476313624074,7
0.05,8507,93,754194,88.64527503526094,8
0.05,8508,94,754288,88.64590433658479,7
0.05,8509,92,754380,88.64629847238542,9
0.05,8510,94,754474,88.64692750558102,7
0.05,8511,94,754568,88.64755639097744,8
0.05,8512,94,754662,88.6481851286268,8
0.05,8513,95,754757,88.64893117218699,6
0.05,8514,94,754851,88.64955960070463,7
0.05,8515,94,754945,88.65018788163457,8
0.05,8516,94,755039,88.65081601502877,7
0.05,8517,94,755133,88.6514440009392,7
0.05,8518,95,755228,88.65218922408734,6
0.05,8519,89,755317,88.65223004694836,12
0.05,8520,93,755410,88.65274028869851,9
0.05,8521,96,755506,88.65360244074161,8
0.05,8522,94,755600,88.65422973131527,7
0.05,8523,94,755694,88.65485687470671,7
0.05,8524,92,755786,88.65524926686217,9
0.05,8525,95,755881,88.6559934318555,6
0.05,8526,95,755976,88.65673742230561,6
0.05,8527,93,756069,88.65724671669794,8
0.05,8528,94,756163,88.65787313870325,8
0.05,8529,94,756257,88.65849941383352,7
0.05,8530,93,756350,88.6590083225882,8
0.05,8531,27,756377,88.65178152836381,6
0.05,8532,94,756471,88.65240829719912,7
0.05,8533,96,756567,88.65326927583783,6
0.05,8534,93,756660,88.65377855887522,8
0.05,8535,94,756754,88.65440487347703,7
0.05,8536,92,756846,88.65479676701418,9
0.05,8537,95,756941,88.6555399390958,6
0.05,8538,95,757036,88.65628293711207,6
0.05,8539,95,757131,88.65702576112412,6
0.05,8540,93,757224,88.65753424657534,8
0.05,8541,95,757319,88.6582767501756,7
0.05,8542,25,757344,88.65082523703617,8
0.05,8543,92,757436,88.65121722846442,9
0.05,8544,94,757530,88.65184318314805,7
0.05,8545,94,757624,88.65246899134098,7
0.05,8546,93,757717,88.65297765297765,8
0.05,8547,93,757810,88.6534861956013,8
0.05,8548,90,757900,88.65364370101766,11
0.05,8549,92,757992,88.6540350877193,9
0.05,8550,94,758086,88.6546602736522,7
0.05,8551,93,758179,88.6551683816651,8
0.05,8552,93,758272,88.65567637086403,8
0.05,8553,94,758366,88.65630114566285,7
0.05,8554,94,758460,88.65692577440093,7
0.05,8555,93,758553,88.65743338008416,8
0.05,8556,96,758649,88.65829145728644,6
0.05,8557,25,758674,88.6508530030381,8
0.05,8558,96,758770,88.65171164855707,6
0.05,8559,94,758864,88.65233644859813,7
0.05,8560,95,758959,88.65307791145894,6
0.05,8561,95,759054,88.65381920112124,6
0.05,8562,96,759150,88.65467709914749,6
0.05,8563,91,759241,88.6549509574965,10
0.05,8564,93,759334,88.65545826036194,8
0.05,8565,92,759426,88.65584870417932,9
0.05,8566,95,759521,88.65658923777285,6
0.05,8567,90,759611,88.65674603174604,11
0.05,8568,93,759704,88.65725288831835,8
0.05,8569,95,759799,88.65799299883314,7
0.05,8570,94,759893,88.65861626414654,7
0.05,8571,88,759981,88.65853943070462,13
0.05,8572,94,760075,88.6591624868774,7
0.05,8573,95,760170,88.65990202939118,6
0.05,8574,93,760263,88.6604081632653,8
0.05,8575,94,760357,88.66103078358209,7
0.05,8576,94,760451,88.66165325871516,7
0.05,8577,96,760547,88.66250874329681,6
0.05,8578,91,760638,88.66278120993123,10
0.05,8579,96,760734,88.66363636363636,6
0.05,8580,91,760825,88.66390863535719,10
0.05,8581,93,760918,88.66441388953623,8
0.05,8582,91,761009,88.66468600722358,10
0.05,8583,96,761105,88.66554054054055,6
0.05,8584,94,761199,88.66616191030867,7
0.05,8585,93,761292,88.66666666666667,8
0.05,8586,-49,761243,88.65063468033074,13
0.05,8587,93,761336,88.65114112715416,8
0.05,8588,94,761430,88.65176388403772,7
0.05,8589,94,761524,88.6523864959255,7
0.05,8590,94,761618,88.65300896286811,7
0.05,8591,95,761713,88.65374767225326,6
0.05,8592,95,761808,88.65448620970558,6
0.05,8593,96,761904,88.65534093553642,6
0.05,8594,95,761999,88.65607911576498,7
0.05,8595,96,762095,88.65693345742206,7
0.05,8596,93,762188,88.65743864138653,8
0.05,8597,93,762281,88.65794370783904,8
0.05,8598,95,762376,88.65868124200489,6
0.05,8599,94,762470,88.6593023255814,7
0.05,8600,94,762564,88.65992326473666,8
0.05,8601,94,762658,88.66054405952104,7
0.05,8602,95,762753,88.66128094850633,7
0.05,8603,94,762847,88.66190144119014,7
0.05,8604,94,762941,88.66252178965718,8
0.05,8605,94,763035,88.66314199395771,7
0.05,8606,96,763131,88.66399442314395,6
0.05,8607,94,763225,88.66461431226766,7
0.05,8608,90,763315,88.66476942734347,11
0.05,8609,94,763409,88.66538908246226,7
0.05,8610,94,763503,88.66600859365927,7
0.05,8611,96,763599,88.66686019507664,6
0.05,8612,27,763626,88.6597004528039,6
0.05,8613,93,763719,88.6602043185512,8
0.05,8614,94,763813,88.660824143935,7
0.05,8615,27,763840,88.65366759517177,6
0.05,8616,94,763934,88.6542880352791,8
0.05,8617,94,764028,88.6549083313994,7
0.05,8618,22,764050,88.64717484626986,12
0.05,8619,94,764144,88.64779582366589,7
0.05,8620,94,764238,88.64841665700035,7
0.05,8621,95,764333,88.64915332869404,6
0.05,8622,93,764426,88.64965789168502,8
0.05,8623,96,764522,88.65051020408163,6
0.05,8624,95,764617,88.6512463768116,6
0.05,8625,95,764712,88.65198237885463,7
0.05,8626,94,764806,88.65260229511998,7
0.05,8627,94,764900,88.6532220676866,7
0.05,8628,95,764995,88.65395758488816,6
0.05,8629,96,765091,88.65480880648899,6
0.05,8630,93,765184,88.65531224655312,8
0.05,8631,96,765280,88.65616311399444,6
0.05,8632,90,765370,88.65631877678675,11
0.05,8633,94,765464,88.65693768820941,7
0.05,8634,96,765560,88.65778807180081,6
0.05,8635,21,765581,88.6499536822603,12
0.05,8636,88,765669,88.64987843001042,13
0.05,8637,94,765763,88.65049780041676,7
0.05,8638,91,765854,88.6507697650191,10
0.05,8639,25,765879,88.64340277777778,8
0.05,8640,92,765971,88.64379122786714,9
0.05,8641,96,766067,88.64464244387874,6
0.05,8642,94,766161,88.64526206178411,7
0.05,8643,92,766253,88.64565016196205,9
0.05,8644,92,766345,88.64603817235397,9
0.05,8645,94,766439,88.64665741383298,7
0.05,8646,94,766533,88.64727651208511,7
0.05,8647,93,766626,88.6477798334875,8
0.05,8648,94,766720,88.64839865880448,7
0.05,8649,92,766812,88.64878612716763,9
0.05,8650,96,766908,88.64963588024506,6
0.05,8651,94,767002,88.65025427646786,7
0.05,8652,95,767097,88.65098809661389,6
0.05,8653,94,767191,88.65160619366767,7
0.05,8654,94,767285,88.65222414789139,7
0.05,8655,95,767380,88.65295748613678,6
0.05,8656,91,767471,88.65322860113203,10
0.05,8657,25,767496,88.64587664587664,8
0.05,8658,92,767588,88.64626400277169,9
0.05,8659,95,767683,88.64699769053118,6
0.05,8660,94,767777,88.64761574875881,7
0.05,8661,96,767873,88.64846455783884,6
0.05,8662,93,767966,88.6489668705991,9
0.05,8663,96,768062,88.64981532779316,6
0.05,8664,94,768156,88.65043277553376,7
0.05,8665,92,768248,88.65081929379183,9
0.05,8666,89,768337,88.65085958232376,12
0.05,8667,92,768429,88.65124596215966,9
0.05,8668,94,768523,88.65186295997232,7
0.05,8669,94,768617,88.65247981545559,7
0.05,8670,92,768709,88.65286587475494,9
0.05,8671,94,768803,88.65348247232473,7
0.05,8672,93,768896,88.65398362734925,8
0.05,8673,92,768988,88.6543693797556,9
0.05,8674,94,769082,88.6549855907781,7
0.05,8675,96,769178,88.65583218072845,6
0.05,8676,96,769274,88.65667857554455,6
0.05,8677,89,769363,88.65671813781978,12
0.05,8678,94,769457,88.65733379421593,7
0.05,8679,94,769551,88.65794930875576,7
0.05,8680,96,769647,88.65879506969243,6
0.05,8681,93,769740,88.65929509329648,8
0.05,8682,94,769834,88.65991016929632,7
0.05,8683,94,769928,88.66052510363888,7
0.05,8684,94,770022,88.66113989637306,7
0.05,8685,92,770114,88.66152429196408,9
0.05,8686,95,770209,88.66225394267296,6
0.05,8687,93,770302,88.6627532228361,8
0.05,8688,96,770398,88.66359765220393,6
0.05,8689,96,770494,88.6644418872267,6
0.05,8690,96,770590,88.66528592797147,6
0.05,8691,95,770685,88.666014726185,7
0.05,8692,92,770777,88.6663982514667,9
0.05,8693,25,770802,88.65907522429262,8
0.05,8694,94,770896,88.65968947671075,7
0.05,8695,91,770987,88.65995860165593,10
0.05,8696,95,771082,88.66068759342302,7
0.05,8697,94,771176,88.66130144860888,7
0.05,8698,93,771269,88.66180020692033,8
0.05,8699,91,771360,88.66206896551724,10
0.05,8700,93,771453,88.6625675209746,8
0.05,8701,93,771546,88.66306596184785,8
0.05,8702,94,771640,88.66367919108353,7
0.05,8703,93,771733,88.66417738970588,8
0.05,8704,93,771826,88.6646754738656,8
0.05,8705,94,771920,88.66528830691477,7
0.05,8706,93,772013,88.66578614907546,8
0.05,8707,95,772108,88.66651355075793,6
0.05,8708,95,772203,88.66724078539443,8
0.05,8709,92,772295,88.66762342135476,9
0.05,8710,93,772388,88.66812076684651,8
0.05,8711,94,772482,88.66873278236915,7
0.05,8712,92,772574,88.66911511534488,10
0.05,8713,94,772668,88.66972687629102,7
0.05,8714,94,772762,88.67033849684452,7
0.05,8715,94,772856,88.6709499770537,7
0.05,8716,92,772948,88.67133188023402,9
0.05,8717,94,773042,88.67194310621703,7
0.05,8718,25,773067,88.66464044041749,8
0.05,8719,92,773159,88.66502293577982,9
0.05,8720,93,773252,88.66552000917326,8
0.05,8721,96,773348,88.66636092639303,6
0.05,8722,92,773440,88.6667430929726,9
0.05,8723,92,773532,88.66712517193947,9
0.05,8724,94,773626,88.66773638968482,7
0.05,8725,94,773720,88.66834746733899,7
0.05,8726,95,773815,88.66907299186433,7
0.05,8727,94,773909,88.66968377635197,7
0.05,8728,95,774004,88.67040898155574,6
0.05,8729,94,774098,88.67101947308133,7
0.05,8730,95,774193,88.67174435917994,6
0.05,8731,95,774288,88.67246907924874,7
0.05,8732,95,774383,88.67319363334478,6
0.05,8733,96,774479,88.67403251660178,6
0.05,8734,95,774574,88.67475672581568,8
0.05,8735,95,774669,88.67548076923077,6
0.05,8736,91,774760,88.67574682385258,10
0.05,8737,94,774854,88.67635614557106,7
0.05,8738,94,774948,88.67696532784072,7
0.05,8739,96,775044,88.67780320366133,6
0.05,8740,96,775140,88.67864088777027,6
0.05,8741,94,775234,88.67924959963395,7
0.05,8742,90,775324,88.67940066338785,11
0.05,8743,94,775418,88.68000914913084,7
0.05,8744,93,775511,88.68050314465408,8
0.05,8745,93,775604,88.68099702721244,8
0.05,8746,93,775697,88.68149079684463,8
0.05,8747,93,775790,88.6819844535894,8
0.05,8748,95,775885,88.68270659503943,6
0.05,8749,94,775979,88.68331428571429,7
0.05,8750,95,776074,88.68403611015884,7
0.05,8751,27,776101,88.67698811700183,7
0.05,8752,96,776197,88.67782474580144,6
0.05,8753,94,776291,88.67843271647247,7
0.05,8754,96,776387,88.67926898914905,6
0.05,8755,94,776481,88.67987665600731,7
0.05,8756,95,776576,88.68059837844011,6
0.05,8757,93,776669,88.68109157341858,8
0.05,8758,95,776764,88.68181299235073,6
0.05,8759,94,776858,88.6824200913242,7
0.05,8760,95,776953,88.68314119392764,7
0.05,8761,92,777045,88.6835197443506,9
0.05,8762,95,777140,88.6842405568869,7
0.05,8763,96,777236,88.68507530807851,6
0.05,8764,96,777332,88.68590986879634,6
0.05,8765,95,777427,88.6866301619895,7
0.05,8766,96,777523,88.68746435496749,6
0.05,8767,96,777619,88.68829835766424,6
0.05,8768,94,777713,88.68890409396738,7
0.05,8769,93,777806,88.68939566704675,9
0.05,8770,94,777900,88.69000114012086,7
0.05,8771,93,777993,88.69049247606019,8
0.05,8772,94,778087,88.6910976860823,7
0.05,8773,96,778183,88.69193070435377,6
0.05,8774,87,778270,88.69173789173789,14
0.05,8775,95,778365,88.69245670009116,6
0.05,8776,92,778457,88.6928335422126,9
0.05,8777,94,778551,88.69343814080656,7
0.05,8778,91,778642,88.69370087709306,10
0.05,8779,94,778736,88.69430523917995,7
0.05,8780,94,778830,88.69490946361462,7
0.05,8781,95,778925,88.69562741972216,6
0.05,8782,94,779019,88.69623135602869,7
0.05,8783,93,779112,88.69672131147541,8
0.05,8784,91,779203,88.69698349459306,10
0.05,8785,93,779296,88.69747325290234,8
0.05,8786,93,779389,88.69796289973824,8
0.05,8787,94,779483,88.69856622667274,7
0.05,8788,94,779577,88.69916941631585,8
0.05,8789,24,779601,88.69180887372013,9
0.05,8790,94,779695,88.6924126948015,7
0.05,8791,89,779784,88.69244767970882,12
0.05,8792,95,779879,88.69316501762766,7
0.05,8793,94,779973,88.69376847850808,8
0.05,8794,93,780066,88.69425810119387,8
0.05,8795,92,780158,88.69463392451114,9
0.05,8796,95,780253,88.69535068773446,6
0.05,8797,94,780347,88.69595362582405,7
0.05,8798,94,780441,88.69655642686669,7
0.05,8799,94,780535,88.6971590909091,7
0.05,8800,92,780627,88.69753437109419,9
0.05,8801,94,780721,88.69813678709384,7
0.05,8802,95,780816,88.69885266386459,6
0.05,8803,24,780840,88.69150386188096,10
0.05,8804,96,780936,88.6923339011925,6
0.05,8805,95,781031,88.6930501930502,7
0.05,8806,27,781058,88.68604519132508,6
0.05,8807,92,781150,88.68642143505903,9
0.05,8808,96,781246,88.68725167442389,6
0.05,8809,94,781340,88.68785471055618,7
0.05,8810,25,781365,88.68062648961525,8
0.05,8811,94,781459,88.6812301407172,7
0.05,8812,95,781554,88.68194712356745,7
0.05,8813,95,781649,88.68266394372588,6
0.05,8814,94,781743,88.68326715825297,7
0.05,8815,96,781839,88.68409709618875,6
0.05,8816,95,781934,88.68481342860383,6
0.05,8817,94,782028,88.68541619414833,7
0.05,8818,94,782122,88.6860188229958,7
0.05,8819,93,782215,88.68650793650794,8
0.05,8820,95,782310,88.68722367078563,7
0.05,8821,92,782402,88.68759918385854,9
0.05,8822,94,782496,88.68820129207752,7
0.05,8823,93,782589,88.68868993653672,8
0.05,8824,94,782683,88.68929178470255,7
0.05,8825,93,782776,88.68978019487876,8
0.05,8826,95,782871,88.69049507193837,6
0.05,8827,95,782966,88.69120978704123,6
0.05,8828,95,783061,88.69192434024238,6
0.05,8829,94,783155,88.69252548131371,7
0.05,8830,93,783248,88.69301324878269,9
0.05,8831,94,783342,88.69361413043478,7
0.05,8832,94,783436,88.69421487603306,7
0.05,8833,95,783531,88.69492868462757,6
0.05,8834,94,783625,88.69552914544425,7
0.05,8835,96,783721,88.69635581711182,6
0.05,8836,94,783815,88.69695598053639,7
0.05,8837,94,783909,88.69755600814663,8
0.05,8838,94,784003,88.69815589998869,7
0.05,8839,95,784098,88.69886877828054,6
0.05,8840,94,784192,88.6994683859292,7
0.05,8841,92,784284,88.69984166478173,9
0.05,8842,93,784377,88.70032794300576,8
0.05,8843,95,784472,88.70104025327906,6
0.05,8844,25,784497,88.69383832673827,8
0.05,8845,94,784591,88.69443816414199,7
0.05,8846,94,784685,88.69503786594326,7
0.05,8847,92,784777,88.69541139240506,9
0.05,8848,96,784873,88.69623686292236,6
0.05,8849,94,784967,88.69683615819208,7
0.05,8850,96,785063,88.69766128121117,6
0.05,8851,92,785155,88.69803434252147,9
0.05,8852,95,785250,88.69874618773297,6
0.05,8853,95,785345,88.69945787214819,7
0.05,8854,94,785439,88.70005646527386,7
0.05,8855,94,785533,88.7006549232159,7
0.05,8856,92,785625,88.70102743592639,9
0.05,8857,95,785720,88.70173854143147,6
0.05,8858,94,785814,88.7023366068405,7
0.05,8859,93,785907,88.70282167042889,8
0.05,8860,94,786001,88.70341947861415,7
0.05,8861,94,786095,88.70401715188446,7
0.05,8862,95,786190,88.70472751889879,8
0.05,8863,94,786284,88.70532490974729,7
0.05,8864,93,786377,88.70580936266215,8
0.05,8865,95,786472,88.70651928716445,6
0.05,8866,95,786567,88.70722905153941,6
0.05,8867,27,786594,88.70027063599458,6
0.05,8868,92,786686,88.70064268801443,9
0.05,8869,94,786780,88.70124013528749,8
0.05,8870,94,786874,88.70183744786382,7
0.05,8871,91,786965,88.7020964833183,10
0.05,8872,95,787060,88.70280626620084,6
0.05,8873,93,787153,88.70329051160694,8
0.05,8874,94,787247,88.70388732394366,7
0.05,8875,93,787340,88.70437133844074,8
0.05,8876,95,787435,88.70508054522925,6
0.05,8877,93,787528,88.70556431628745,8
0.05,8878,94,787622,88.70616060367159,7
0.05,8879,94,787716,88.70675675675676,8
0.05,8880,94,787810,88.70735277558833,7
0.05,8881,94,787904,88.70794866021167,7
0.05,8882,93,787997,88.7084318360914,8
0.05,8883,92,788089,88.70880234128771,9
0.05,8884,95,788184,88.70951041080473,7
0.05,8885,96,788280,88.7103308575287,6
0.05,8886,92,788372,88.71070102396759,9
0.05,8887,92,788464,88.71107110711071,9
0.05,8888,93,788557,88.71155360557994,8
0.05,8889,93,788650,88.71203599550056,8
0.05,8890,96,788746,88.71285569677201,6
0.05,8891,92,788838,88.7132253711201,9
0.05,8892,95,788933,88.71393230630834,6
0.05,8893,96,789029,88.71475151787722,6
0.05,8894,94,789123,88.71534569983136,7
0.05,8895,93,789216,88.7158273381295,8
0.05,8896,94,789310,88.71642126559514,7
0.05,8897,90,789400,88.71656552034165,11
0.05,8898,94,789494,88.71715923137431,7
0.05,8899,94,789588,88.71775280898876,7
0.05,8900,93,789681,88.71823390630266,8
0.05,8901,95,789776,88.71893956414289,7
0.05,8902,92,789868,88.7193080983938,9
0.05,8903,93,789961,88.71978885893981,8
0.05,8904,25,789986,88.71263335204941,8
0.05,8905,94,790080,88.71322703795194,7
0.05,8906,94,790174,88.71382059054676,7
0.05,8907,93,790267,88.71430175123484,8
0.05,8908,96,790363,88.71511954203615,6
0.05,8909,96,790459,88.71593714927049,6
0.05,8910,96,790555,88.71675457299966,6
0.05,8911,21,790576,88.70915619389586,11
0.05,8912,95,790671,88.70986199932683,6
0.05,8913,94,790765,88.71045546331614,7
0.05,8914,93,790858,88.71093662366798,8
0.05,8915,95,790953,88.71164199192464,7
0.05,8916,93,791046,88.71212291129304,8
0.05,8917,93,791139,88.7126037228078,8
0.05,8918,87,791226,88.71241170534813,14
0.05,8919,93,791319,88.71289237668161,8
0.05,8920,94,791413,88.71348503530994,7
0.05,8921,95,791508,88.71418964357767,6
0.05,8922,94,791602,88.71478202398296,7
0.05,8923,94,791696,88.71537427162707,7
0.05,8924,94,791790,88.71596638655463,8
0.05,8925,94,791884,88.71655836881021,7
0.05,8926,94,791978,88.71715021843845,7
0.05,8927,94,792072,88.71774193548387,7
0.05,8928,94,792166,88.71833351999103,7
0.05,8929,95,792261,88.71903695408734,6
0.05,8930,96,792357,88.71985220020154,6
0.05,8931,93,792450,88.72033139274518,9
0.05,8932,94,792544,88.72092242247845,7
0.05,8933,26,792570,88.71390194761585,7
0.05,8934,93,792663,88.71438164521544,8
0.05,8935,95,792758,88.71508504923904,6
0.05,8936,94,792852,88.71567640147701,8
0.05,8937,94,792946,88.71626762139181,7
0.05,8938,96,793042,88.71708244770109,6
0.05,8939,93,793135,88.71756152125279,8
0.05,8940,95,793230,88.71826417626664,6
0.05,8941,93,793323,88.71874301051218,8
0.05,8942,93,793416,88.71922173767192,8
0.05,8943,95,793511,88.71992397137745,7
0.05,8944,93,793604,88.72040245947457,10
0.05,8945,96,793700,88.72121618600492,6
0.05,8946,95,793795,88.72191796132782,6
0.05,8947,94,793889,88.7225078229772,7
0.05,8948,92,793981,88.72287406414125,9
0.05,8949,96,794077,88.72368715083799,6
0.05,8950,96,794173,88.72450005585968,6
0.05,8951,94,794267,88.72508936550491,7
0.05,8952,94,794361,88.72567854350497,7
0.05,8953,93,794454,88.72615590797409,8
0.05,8954,94,794548,88.72674483528755,7
0.05,8955,93,794641,88.72722197409558,8
0.05,8956,94,794735,88.72781065088758,7
0.05,8957,93,794828,88.72828756418843,8
0.05,8958,95,794923,88.72898761022435,6
0.05,8959,93,795016,88.72946428571429,8
0.05,8960,90,795106,88.72960607075103,11
0.05,8961,96,795202,88.73041731756304,6
0.05,8962,94,795296,88.73100524377999,7
0.05,8963,94,795390,88.73159303882196,8
0.05,8964,92,795482,88.73195761293921,9
0.05,8965,96,795578,88.73276823555655,6
0.05,8966,94,795672,88.7333556373369,7
0.05,8967,93,795765,88.73383140053524,8
0.05,8968,94,795859,88.73441855279296,7
0.05,8969,94,795953,88.73500557413601,7
0.05,8970,92,796045,88.73536952402185,9
0.05,8971,92,796137,88.73573339277753,9
0.05,8972,92,796229,88.73609718043018,9
0.05,8973,25,796254,88.72899487408068,9
0.05,8974,91,796345,88.7292479108635,10
0.05,8975,92,796437,88.72961229946524,9
0.05,8976,94,796531,88.73019939846274,7
0.05,8977,95,796626,88.73089775005569,7
0.05,8978,92,796718,88.73126183316627,9
0.05,8979,95,796813,88.73195991091315,6
0.05,8980,92,796905,88.73232379467765,9
0.05,8981,93,796998,88.73279893119573,8
0.05,8982,95,797093,88.73349660469776,7
0.05,8983,94,797187,88.73408281389136,7
0.05,8984,91,797278,88.73433500278242,10
0.05,8985,91,797369,88.73458713554417,10
0.05,8986,95,797464,88.73528429954379,6
0.05,8987,94,797558,88.73587004895415,7
0.05,8988,93,797651,88.73634442095894,8
0.05,8989,94,797745,88.7369299221357,7
0.05,8990,96,797841,88.73773773773773,6
0.05,8991,96,797937,88.73854537366547,6
0.05,8992,94,798031,88.73913043478261,7
0.05,8993,95,798126,88.73982655103403,7
0.05,8994,92,798218,88.7401889938855,9
0.05,8995,93,798311,88.74066251667408,8
0.05,8996,94,798405,88.74124708236079,7
0.05,8997,93,798498,88.74172038230718,8
0.05,8998,26,798524,88.73474830536726,7
0.05,8999,96,798620,88.73555555555555,6
0.05,9000,96,798716,88.73636262637484,6
0.05,9001,95,798811,88.73705843145967,6
0.05,9002,95,798906,88.73775408197268,8
0.05,9003,95,799001,88.73844957796535,6
0.05,9004,27,799028,88.73159355913381,6
0.05,9005,95,799123,88.7322895847213,7
0.05,9006,96,799219,88.73309648051516,6
0.05,9007,94,799313,88.7336811722913,8
0.05,9008,95,799408,88.73437673437674,7
0.05,9009,94,799502,88.73496115427302,7
0.05,9010,89,799591,88.73499056708468,12
0.05,9011,93,799684,88.73546382600976,8
0.05,9012,96,799780,88.73626983246422,6
0.05,9013,94,799874,88.73685378300422,7
0.05,9014,94,799968,88.73743760399334,7
0.05,9015,95,800063,88.7381322094055,7
0.05,9016,93,800156,88.73860485749141,8
0.05,9017,25,800181,88.73153692614771,8
0.05,9018,92,800273,88.73189932365007,9
0.05,9019,91,800364,88.73215077605322,10
0.05,9020,90,800454,88.73229132025274,11
0.05,9021,94,800548,88.7328751939703,7
0.05,9022,93,800641,88.73334811038457,8
0.05,9023,94,800735,88.73393173758865,7
0.05,9024,94,800829,88.73451523545707,7
0.05,9025,95,800924,88.73520939508087,6
0.05,9026,92,801016,88.73557106458402,9
0.05,9027,93,801109,88.73604342046966,8
0.05,9028,27,801136,88.72920589212538,6
0.05,9029,93,801229,88.7296788482835,8
0.05,9030,95,801324,88.73037315911859,6
0.05,9031,94,801418,88.73095659875996,8
0.05,9032,94,801512,88.73153990922174,7
0.05,9033,94,801606,88.73212309054682,7
0.05,9034,94,801700,88.73270614277808,7
0.05,9035,93,801793,88.73317839752103,8
0.05,9036,95,801888,88.73387186013058,6
0.05,9037,92,801980,88.73423323744191,9
0.05,9038,-49,801931,88.7189954641,13
0.05,9039,94,802025,88.71957964601769,7
0.05,9040,91,802116,88.71983187700475,10
0.05,9041,95,802211,88.72052643220526,6
0.05,9042,95,802306,88.72122083379409,6
0.05,9043,90,802396,88.72136222910217,11
0.05,9044,93,802489,88.72183526810393,8
0.05,9045,93,802582,88.72230820252045,9
0.05,9046,95,802677,88.72300210014369,6
0.05,9047,93,802770,88.723474801061,8
0.05,9048,94,802864,88.72405790695105,7
0.05,9049,94,802958,88.7246408839779,7
0.05,9050,91,803049,88.72489227709646,10
0.05,9051,93,803142,88.72536456031816,8
0.05,9052,93,803235,88.72583673920248,8
0.05,9053,96,803331,88.72664015904573,6
0.05,9054,20,803351,88.71905024848151,12
0.05,9055,95,803446,88.71974381625442,6
0.05,9056,87,803533,88.71955393618195,14
0.05,9057,94,803627,88.72013689556194,7
0.05,9058,21,803648,88.71266144166023,12
0.05,9059,23,803671,88.70540838852096,10
0.05,9060,94,803765,88.70599271603575,7
0.05,9061,94,803859,88.7065769145884,7
0.05,9062,95,803954,88.70727132296149,6
0.05,9063,94,804048,88.70785525154457,7
0.05,9064,96,804144,88.70865968008825,6
0.05,9065,93,804237,88.7091330244871,8
0.05,9066,92,804329,88.7094959744127,10
0.05,9067,96,804425,88.71029995588884,6
0.05,9068,94,804519,88.71088322858088,7
0.05,9069,90,804609,88.71102535832415,11
0.05,9070,94,804703,88.71160842244515,7
0.05,9071,94,804797,88.7121913580247,7
0.05,9072,95,804892,88.712884382233,6
0.05,9073,94,804986,88.7134670487106,7
0.05,9074,95,805081,88.71415977961432,6
0.05,9075,90,805171,88.7143014543852,11
0.05,9076,90,805261,88.71444309793985,11
0.05,9077,94,805355,88.71502533597709,8
0.05,9078,94,805449,88.71560744575393,7
0.05,9079,96,805545,88.71640969162996,6
0.05,9080,94,805639,88.71699152075763,7
0.05,9081,95,805734,88.71768332966307,7
0.05,9082,94,805828,88.71826489045469,7
0.05,9083,93,805921,88.71873623954205,8
0.05,9084,90,806011,88.71887727022565,11
0.05,9085,92,806103,88.71923838872992,9
0.05,9086,95,806198,88.71992956971498,6
0.05,9087,94,806292,88.72051056338029,7
0.05,9088,94,806386,88.72109142920013,8
0.05,9089,94,806480,88.72167216721672,7
0.05,9090,96,806576,88.72247277527225,6
0.05,9091,94,806670,88.72305323361196,8
0.05,9092,94,806764,88.72363356428022,7
0.05,9093,94,806858,88.72421376731911,7
0.05,9094,95,806953,88.72490379329302,6
0.05,9095,94,807047,88.7254837291117,7
0.05,9096,94,807141,88.72606353742992,8
0.05,9097,92,807233,88.726423389756,9
0.05,9098,92,807325,88.72678316298494,9
0.05,9099,93,807418,88.72725274725275,9
0.05,9100,93,807511,88.72772222832656,8
0.05,9101,94,807605,88.72830147220391,7
0.05,9102,88,807693,88.72822146545096,13
0.05,9103,93,807786,88.728690685413,8
0.05,9104,94,807880,88.72926963207028,7
0.05,9105,93,807973,88.72973863386778,8
0.05,9106,94,808067,88.7303173383112,7
0.05,9107,96,808163,88.73111550285464,6
0.05,9108,94,808257,88.73169392908113,7
0.05,9109,93,808350,88.73216245883644,8
0.05,9110,94,808444,88.73274064317857,7
0.05,9111,95,808539,88.73342844600526,7
0.05,9112,95,808634,88.73411609788215,7
0.05,9113,93,808727,88.73458415624314,8
0.05,9114,95,808822,88.73527153044432,6
0.05,9115,95,808917,88.7359587538394,7
0.05,9116,93,809010,88.73642645607107,8
0.05,9117,93,809103,88.73689405571398,8
0.05,9118,95,809198,88.73758087509596,7
0.05,9119,89,809287,88.7376096491228,12
0.05,9120,95,809382,88.73829623944742,6
0.05,9121,94,809476,88.7388730541548,7
0.05,9122,93,809569,88.73934012934342,8
0.05,9123,91,809660,88.73958790004384,10
0.05,9124,95,809755,88.74027397260274,7
0.05,9125,95,809850,88.74095989480605,7
0.05,9126,93,809943,88.7414265366495,8
0.05,9127,94,810037,88.74200262927256,7
0.05,9128,94,810131,88.74257859568408,8
0.05,9129,94,810225,88.74315443592552,7
0.05,9130,94,810319,88.74373015003833,7
0.05,9131,95,810414,88.74441524310119,7
0.05,9132,93,810507,88.74488120004379,8
0.05,9133,96,810603,88.74567549813882,6
0.05,9134,95,810698,88.7463601532567,6
0.05,9135,95,810793,88.74704465849388,8
0.05,9136,93,810886,88.74751012367298,8
0.05,9137,94,810980,88.74808492011381,7
0.05,9138,96,811076,88.74887843308896,6
0.05,9139,96,811172,88.74967177242888,6
0.05,9140,23,811195,88.7424789410349,10
0.05,9141,96,811291,88.74327280682564,6
0.05,9142,95,811386,88.74395712566991,7
0.05,9143,94,811480,88.74453193350831,7
0.05,9144,94,811574,88.74510661563696,8
0.05,9145,93,811667,88.74557183468183,8
0.05,9146,94,811761,88.74614627746803,7
0.05,9147,93,811854,88.74661128115434,8
0.05,9148,95,811949,88.74729478631545,6
0.05,9149,95,812044,88.7479781420765,7
0.05,9150,93,812137,88.74844279313736,8
0.05,9151,27,812164,88.7416958041958,6
0.05,9152,95,812259,88.74237954768928,6
0.05,9153,95,812354,88.74306314179594,7
0.05,9154,93,812447,88.74352812670672,8
0.05,9155,93,812540,88.74399301004806,8
0.05,9156,93,812633,88.74445779185322,8
0.05,9157,95,812728,88.74514086044988,6
0.05,9158,94,812822,88.7457145976635,7
0.05,9159,93,812915,88.74617903930131,8
0.05,9160,95,813010,88.74686169632136,6
0.05,9161,93,813103,88.74732591137307,8
0.05,9162,92,813195,88.74768089053804,9
0.05,9163,93,813288,88.74814491488434,8
0.05,9164,96,813384,88.74893617021277,7
0.05,9165,95,813479,88.74961815404757,6
0.05,9166,96,813575,88.7504090760336,6
0.05,9167,95,813670,88.7510907504363,7
0.05,9168,95,813765,88.75177227614789,6
0.05,9169,91,813856,88.75201744820066,11
0.05,9170,93,813949,88.75248064551303,8
0.05,9171,94,814043,88.75305276929787,7
0.05,9172,90,814133,88.75318870598495,11
0.05,9173,91,814224,88.75343361674297,10
0.05,9174,92,814316,88.75378746594005,9
0.05,9175,93,814409,88.75425021795989,8
0.05,9176,95,814504,88.75493080527406,6
0.05,9177,95,814599,88.7556112442798,6
0.05,9178,94,814693,88.75618259069616,7
0.05,9179,23,814716,88.74901960784314,9
0.05,9180,96,814812,88.74980938895546,6
0.05,9181,95,814907,88.75049008930516,6
0.05,9182,92,814999,88.75084395077862,9
0.05,9183,95,815094,88.7515243902439,6
0.05,9184,92,815186,88.7518780620577,9
0.05,9185,94,815280,88.75244937949053,7
0.05,9186,92,815372,88.75280287362578,9
0.05,9187,95,815467,88.75348280365695,7
0.05,9188,95,815562,88.7541625857003,7
0.05,9189,94,815656,88.75473340587595,7
0.05,9190,95,815751,88.75541290392775,6
0.05,9191,93,815844,88.75587467362924,8
0.05,9192,94,815938,88.75644512128794,7
0.05,9193,92,816030,88.75679791168153,9
0.05,9194,94,816124,88.7573681348559,7
0.05,9195,94,816218,88.75793823401479,7
0.05,9196,94,816312,88.75850820919865,7
0.05,9197,95,816407,88.75918677973472,6
0.05,9198,95,816502,88.75986520273943,7
0.05,9199,93,816595,88.76032608695652,8
0.05,9200,94,816689,88.760895554831,7
0.05,9201,96,816785,88.76168224299066,6
0.05,9202,96,816881,88.76246876018689,6
0.05,9203,93,816974,88.76292916123424,8
0.05,9204,95,817069,88.76360673546985,6
0.05,9205,93,817162,88.7640669128829,9
0.05,9206,94,817256,88.76463560334528,7
0.05,9207,86,817342,88.76433536055603,15
0.05,9208,92,817434,88.76468671951352,9
0.05,9209,94,817528,88.76525515743757,7
0.05,9210,95,817623,88.76593203778091,6
0.05,9211,94,817717,88.76650021710812,7
0.05,9212,96,817813,88.7672853576468,6
0.05,9213,89,817902,88.76731061428261,12
0.05,9214,94,817996,88.76787845903418,7
0.05,9215,91,818087,88.76812065972223,10
0.05,9216,94,818181,88.76868829337094,7
0.05,9217,93,818274,88.76914732045996,8
0.05,9218,96,818370,88.76993166287016,6
0.05,9219,94,818464,88.7704989154013,7
0.05,9220,95,818559,88.77117449300509,6
0.05,9221,94,818653,88.7717414877467,7
0.05,9222,96,818749,88.77252520871734,7
0.05,9223,93,818842,88.77298352124892,8
0.05,9224,94,818936,88.77355013550135,7
0.05,9225,94,819030,88.77411662692391,9
0.05,9226,96,819126,88.77489975073155,6
0.05,9227,95,819221,88.77557433896835,6
0.05,9228,92,819313,88.77592371871275,9
0.05,9229,95,819408,88.77659804983749,6
0.05,9230,93,819501,88.77705557361065,8
0.05,9231,93,819594,88.7775129982669,8
0.05,9232,92,819686,88.77786201667931,9
0.05,9233,94,819780,88.77842755035738,7
0.05,9234,93,819873,88.77888467785598,8
0.05,9235,93,819966,88.7793417063664,8
0.05,9236,95,820061,88.78001515643608,6
0.05,9237,95,820156,88.78068846070578,6
0.05,9238,92,820248,88.78103690875636,9
0.05,9239,96,820344,88.78181818181818,6
0.05,9240,94,820438,88.78238285899795,7
0.05,9241,94,820532,88.78294741397966,7
0.05,9242,93,820625,88.78340365682138,8
0.05,9243,92,820717,88.78375162267417,9
0.05,9244,25,820742,88.77685235262304,7
0.05,9245,93,820835,88.77730910664071,8
0.05,9246,94,820929,88.77787390505028,7
0.05,9247,95,821024,88.77854671280276,6
0.05,9248,94,821118,88.77911125527083,7
0.05,9249,96,821214,88.7798918918919,6
0.05,9250,94,821308,88.78045616690088,7
0.05,9251,94,821402,88.78102031993083,7
0.05,9252,94,821496,88.7815843510213,7
0.05,9253,96,821592,88.78236438296953,6
0.05,9254,96,821688,88.78314424635332,6
0.05,9255,93,821781,88.78359982713916,8
0.05,9256,93,821874,88.78405530949551,8
0.05,9257,93,821967,88.78451069345431,8
0.05,9258,96,822063,88.78528998811967,6
0.05,9259,95,822158,88.78596112311016,6
0.05,9260,95,822253,88.78663211316272,6
0.05,9261,95,822348,88.78730295832433,6
0.05,9262,93,822441,88.78775774587066,8
0.05,9263,94,822535,88.78832037996546,7
0.05,9264,94,822629,88.78888289260658,9
0.05,9265,93,822722,88.78933736240018,8
0.05,9266,95,822817,88.79000755368511,6
0.05,9267,94,822911,88.79056970220113,7
0.05,9268,92,823003,88.79091595641385,9
0.05,9269,95,823098,88.7915857605178,6
0.05,9270,92,823190,88.791931830439,11
0.05,9271,93,823283,88.79238567730802,8
0.05,9272,94,823377,88.79294726625687,7
0.05,9273,96,823473,88.7937243907699,6
0.05,9274,93,823566,88.79417789757413,9
0.05,9275,92,823658,88.79452350150927,9
0.05,9276,93,823751,88.79497682440444,8
0.05,9277,95,823846,88.79564561327872,8
0.05,9278,93,823939,88.79609871753422,8
0.05,9279,92,824031,88.79644396551724,10
0.05,9280,92,824123,88.79678913910139,9
0.05,9281,92,824215,88.7971342383107,9
0.05,9282,92,824307,88.79747926316924,9
0.05,9283,96,824403,88.79825506247307,6
0.05,9284,91,824494,88.79849219170706,10
0.05,9285,94,824588,88.79905233685118,7
0.05,9286,94,824682,88.79961236136535,8
0.05,9287,94,824776,88.80017226528854,8
0.05,9288,93,824869,88.80062439444504,8
0.05,9289,94,824963,88.80118406889127,7
0.05,9290,91,825054,88.80142072973845,10
0.05,9291,93,825147,88.80187257856221,8
0.05,9292,94,825241,88.80243193801786,7
0.05,9293,94,825335,88.80299117710351,7
0.05,9294,94,825429,88.80355029585799,8
0.05,9295,94,825523,88.80410929432014,7
0.05,9296,92,825615,88.80445304937076,9
0.05,9297,91,825706,88.80468918046891,10
0.05,9298,95,825801,88.80535541456071,7
0.05,9299,93,825894,88.80580645161291,8
0.05,9300,95,825989,88.80647242232018,6
0.05,9301,95,826084,88.80713824983874,6
0.05,9302,94,826178,88.80769644200795,7
0.05,9303,93,826271,88.80814703353397,8
0.05,9304,94,826365,88.80870499731327,7
0.05,9305,95,826460,88.809370298732,6
0.05,9306,94,826554,88.80992801117438,7
0.05,9307,92,826646,88.81027073485174,9
0.05,9308,94,826740,88.81082823074443,7
0.05,9309,94,826834,88.81138560687432,7
0.05,9310,95,826929,88.81205026312963,6
0.05,9311,95,827024,88.8127147766323,7
0.05,9312,90,827114,88.81284226350263,11
0.05,9313,94,827208,88.81339918402405,7
0.05,9314,94,827302,88.81395598497048,7
0.05,9315,94,827396,88.81451266638042,7
0.05,9316,94,827490,88.81506922829237,7
0.05,9317,94,827584,88.8156256707448,7
0.05,9318,93,827677,88.81607468612512,8
0.05,9319,96,827773,88.81684549356223,6
0.05,9320,92,827865,88.81718699710332,9
0.05,9321,94,827959,88.81774297361082,7
0.05,9322,93,828052,88.81819156923737,8
0.05,9323,95,828147,88.81885456885458,6
0.05,9324,95,828242,88.81951742627346,6
0.05,9325,95,828337,88.82018014153978,6
0.05,9326,95,828432,88.82084271469925,6
0.05,9327,94,828526,88.82139794168096,7
0.05,9328,94,828620,88.82195304963018,7
0.05,9329,94,828714,88.82250803858521,7
0.05,9330,26,828740,88.81577537241454,7
0.05,9331,96,828836,88.81654522074582,6
0.05,9332,93,828929,88.81699346405229,8
0.05,9333,94,829023,88.8175487465181,7
0.05,9334,94,829117,88.81810391001606,7
0.05,9335,94,829211,88.81865895458441,7
0.05,9336,93,829304,88.81910677947948,8
0.05,9337,96,829400,88.81987577639751,6
0.05,9338,91,829491,88.82010921940251,10
0.05,9339,-50,829441,88.80524625267665,13
0.05,9340,91,829532,88.80548121186169,10
0.05,9341,96,829628,88.80625133804324,6
0.05,9342,94,829722,88.80680723536338,7
0.05,9343,91,829813,88.80704195205479,10
0.05,9344,87,829900,88.80684858212948,14
0.05,9345,92,829992,88.80719024181468,9
0.05,9346,91,830083,88.80742484219536,10
0.05,9347,95,830178,88.80808729139923,6
0.05,9348,93,830271,88.80853567226441,8
0.05,9349,95,830366,88.80919786096257,6
0.05,9350,94,830460,88.80975296759705,7
0.05,9351,93,830553,88.81020102651838,8
0.05,9352,92,830645,88.81054207206245,9
0.05,9353,95,830740,88.811203763096,6
0.05,9354,94,830834,88.81175841795832,7
0.05,9355,93,830927,88.8122060709705,8
0.05,9356,96,831023,88.81297424388158,7
0.05,9357,95,831118,88.81363539217782,6
0.05,9358,95,831213,88.81429639918795,7
0.05,9359,91,831304,88.81452991452991,10
0.05,9360,95,831399,88.8151906847559,7
0.05,9361,96,831495,88.815958128605,6
0.05,9362,96,831591,88.81672540852291,6
0.05,9363,94,831685,88.81727894062367,7
0.05,9364,90,831775,88.81740523224774,11
0.05,9365,95,831870,88.81806534272901,6
0.05,9366,94,831964,88.81861855449984,7
0.05,9367,94,832058,88.81917164816396,7
0.05,9368,92,832150,88.8195111538051,9
0.05,9369,93,832243,88.81995731056564,9
0.05,9370,96,832339,88.82072350869704,7
0.05,9371,96,832435,88.82148954332052,6
0.05,9372,95,832530,88.82214872506135,6
0.05,9373,27,832557,88.81555365905696,6
0.05,9374,91,832648,88.81578666666667,10
0.05,9375,95,832743,88.81644624573379,6
0.05,9376,95,832838,88.81710568412072,6
0.05,9377,93,832931,88.81755171678397,8
0.05,9378,94,833025,88.81810427550911,7
0.05,9379,95,833120,88.81876332622602,6
0.05,9380,95,833215,88.81942223643534,7
0.05,9381,94,833309,88.8199744191004,7
0.05,9382,94,833403,88.82052648406693,7
0.05,9383,94,833497,88.82107843137256,7
0.05,9384,96,833593,88.82184336707512,6
0.05,9385,96,833689,88.82260813978266,6
0.05,9386,93,833782,88.82305315862362,8
0.05,9387,96,833878,88.82381763953984,6
0.05,9388,24,833902,88.81691340930877,9
0.05,9389,94,833996,88.8174653887114,7
0.05,9390,89,834085,88.81748482589714,12
0.05,9391,94,834179,88.81803662691652,7
0.05,9392,96,834275,88.81880123496221,6
0.05,9393,95,834370,88.81945922929529,6
0.05,9394,95,834465,88.82011708355508,8
0.05,9395,92,834557,88.82045551298425,9
0.05,9396,92,834649,88.82079387038416,9
0.05,9397,96,834745,88.82155777825069,6
0.05,9398,93,834838,88.82200234067454,9
0.05,9399,95,834933,88.82265957446809,6
0.05,9400,25,834958,88.8158706520583,8
0.05,9401,91,835049,88.8161029568177,10
0.05,9402,94,835143,88.81665425927895,7
0.05,9403,94,835237,88.8172054444917,7
0.05,9404,90,835327,88.8173312068049,11
0.05,9405,94,835421,88.81788220284925,7
0.05,9406,95,835516,88.81853938556394,7
0.05,9407,94,835610,88.81909013605443,7
0.05,9408,94,835704,88.81964076947604,7
0.05,9409,95,835799,88.82029755579171,6
0.05,9410,94,835893,88.82084794389544,7
0.05,9411,95,835988,88.82150446238845,6
0.05,9412,94,836082,88.82205460533305,7
0.05,9413,93,836175,88.82249840662843,8
0.05,9414,95,836270,88.82315454062666,6
0.05,9415,93,836363,88.82359813084112,10
0.05,9416,96,836459,88.82436019963895,6
0.05,9417,93,836552,88.82480356763644,8
0.05,9418,91,836643,88.8250345047245,11
0.05,9419,93,836736,88.82547770700637,9
0.05,9420,94,836830,88.82602696104448,7
0.05,9421,94,836924,88.8265760984929,7
0.05,9422,94,837018,88.82712511938873,7
0.05,9423,96,837114,88.82788624787776,6
0.05,9424,96,837210,88.82864721485412,6
0.05,9425,92,837302,88.8289836622109,9
0.05,9426,94,837396,88.82953219475974,7
0.05,9427,91,837487,88.82976240984303,10
0.05,9428,93,837580,88.83020468766571,8
0.05,9429,96,837676,88.83096500530223,6
0.05,9430,91,837767,88.8311949952285,10
0.05,9431,96,837863,88.8319550466497,6
0.05,9432,94,837957,88.83250291529735,7
0.05,9433,92,838049,88.83283866864532,9
0.05,9434,93,838142,88.8332803391627,8
0.05,9435,93,838235,88.83372191606612,8
0.05,9436,94,838329,88.83426936526439,7
0.05,9437,95,838424,88.83492265310447,6
0.05,9438,96,838520,88.83568174594767,6
0.05,9439,94,838614,88.83622881355932,7
0.05,9440,95,838709,88.83688168626205,7
0.05,9441,89,838798,88.8368989620843,12
0.05,9442,94,838892,88.83744572699354,7
0.05,9443,95,838987,88.83809826344769,7
0.05,9444,94,839081,88.83864478560085,7
0.05,9445,94,839175,88.83919119203895,7
0.05,9446,94,839269,88.83973748279877,7
0.05,9447,94,839363,88.84028365791701,7
0.05,9448,94,839457,88.84082971743041,7
0.05,9449,96,839553,88.8415873015873,6
0.05,9450,93,839646,88.84202729869855,8
0.05,9451,93,839739,88.84246720270842,8
0.05,9452,94,839833,88.84301280016926,7
0.05,9453,94,839927,88.84355828220859,7
0.05,9454,92,840019,88.84389212057113,9
0.05,9455,95,840114,88.84454314720813,7
0.05,9456,95,840209,88.84519403616369,6
0.05,9457,96,840305,88.84595051807993,6
0.05,9458,27,840332,88.83941220002114,6
0.05,9459,95,840427,88.84006342494715,7
0.05,9460,88,840515,88.83997463270268,13
0.05,9461,95,840610,88.84062566053689,7
0.05,9462,95,840705,88.84127655077671,6
0.05,9463,93,840798,88.84171597633136,8
0.05,9464,93,840891,88.84215530903327,8
0.05,9465,94,840985,88.84270019015423,7
0.05,9466,96,841081,88.84345621633041,6
0.05,9467,94,841175,88.84400084495141,7
0.05,9468,93,841268,88.84443975076566,10
0.05,9469,92,841360,88.84477296726504,9
0.05,9470,91,841451,88.84500052792735,10
0.05,9471,94,841545,88.84554476351352,7
0.05,9472,91,841636,88.84577219465851,10
0.05,9473,93,841729,88.84621068186615,8
0.05,9474,95,841824,88.84686015831134,6
0.05,9475,92,841916,88.84719290840017,9
0.05,9476,22,841938,88.84013928458373,11
0.05,9477,95,842033,88.84078919603292,6
0.05,9478,94,842127,88.84133347399515,7
0.05,9479,94,842221,88.8418776371308,7
0.05,9480,94,842315,88.84242168547621,7
0.05,9481,93,842408,88.84286015608521,8
0.05,9482,94,842502,88.84340398608036,7
0.05,9483,93,842595,88.84384226064951,8
0.05,9484,92,842687,88.8441750131787,9
0.05,9485,92,842779,88.84450769555134,9
0.05,9486,93,842872,88.84494571518921,8
0.05,9487,95,842967,88.84559443507588,7
0.05,9488,95,843062,88.84624301823163,6
0.05,9489,92,843154,88.84657534246575,9
0.05,9490,93,843247,88.84701295964598,8
0.05,9491,95,843342,88.84766118836916,6
0.05,9492,94,843436,88.84820393974508,7
0.05,9493,91,843527,88.84843058773963,10
0.05,9494,96,843623,88.84918378093734,6
0.05,9495,92,843715,88.84951558550969,9
0.05,9496,93,843808,88.84995261661577,8
0.05,9497,94,843902,88.85049484101916,7
0.05,9498,89,843991,88.85051058006106,12
0.05,9499,93,844084,88.85094736842105,8
0.05,9500,94,844178,88.85148931691401,7
0.05,9501,95,844273,88.85213639233845,7
0.05,9502,94,844367,88.8526781016521,7
0.05,9503,94,844461,88.8532196969697,7
0.05,9504,93,844554,88.85365597054182,8
0.05,9505,96,844650,88.85440774247843,6
0.05,9506,94,844744,88.85494898495845,7
0.05,9507,92,844836,88.85527976440892,9
0.05,9508,95,844931,88.85592596487538,7
0.05,9509,93,845024,88.85636172450053,8
0.05,9510,95,845119,88.85700767532332,7
0.05,9511,96,845215,88.85775862068965,7
0.05,9512,94,845309,88.85829916955744,7
0.05,9513,94,845403,88.85883960479293,7
0.05,9514,93,845496,88.85927482921703,8
0.05,9515,93,845589,88.85970996216898,8
0.05,9516,92,845681,88.86003992854891,9
0.05,9517,94,845775,88.8605799537718,7
0.05,9518,94,845869,88.86111986553209,7
0.05,9519,95,845964,88.86176470588235,6
0.05,9520,96,846060,88.86251444176033,6
0.05,9521,93,846153,88.86294896030246,9
0.05,9522,95,846248,88.86359340543946,6
0.05,9523,95,846343,88.8642377152457,6
0.05,9524,94,846437,88.86477690288714,7
0.05,9525,94,846531,88.86531597732521,7
0.05,9526,-50,846481,88.8507400020993,14
0.05,9527,94,846575,88.8512804366079,7
0.05,9528,93,846668,88.85171581488089,8
0.05,9529,95,846763,88.85236096537251,6
0.05,9530,94,846857,88.85290105969993,7
0.05,9531,94,846951,88.853441040705,9
0.05,9532,96,847047,88.85419070596873,6
0.05,9533,93,847140,88.8546255506608,8
0.05,9534,93,847233,88.85506030414263,8
0.05,9535,95,847328,88.85570469798658,7
0.05,9536,95,847423,88.85634895669497,6
0.05,9537,96,847519,88.8570979240931,6
0.05,9538,95,847614,88.85774190166684,7
0.05,9539,91,847705,88.85796645702307,10
0.05,9540,94,847799,88.85850539775704,7
0.05,9541,95,847894,88.85914902536156,6
0.05,9542,94,847988,88.85968772922561,7
0.05,9543,93,848081,88.86012154233026,8
0.05,9544,92,848173,88.86045049764274,9
0.05,9545,96,848269,88.86119840771003,6
0.05,9546,93,848362,88.86163192625956,8
0.05,9547,95,848457,88.86227482195224,7
0.05,9548,94,848551,88.86281285998534,7
0.05,9549,94,848645,88.86335078534032,7
0.05,9550,93,848738,88.86378389697414,8
0.05,9551,96,848834,88.86453098827471,6
0.05,9552,96,848930,88.8652779231655,6
0.05,9553,96,849026,88.86602470169562,6
0.05,9554,93,849119,88.86645735217164,8
0.05,9555,93,849212,88.86688991209711,8
0.05,9556,96,849308,88.86763628753793,6
0.05,9557,94,849402,88.86817325800376,7
0.05,9558,92,849494,88.86850088921436,9
0.05,9559,96,849590,88.86924686192468,6
0.05,9560,94,849684,88.86978349545026,7
0.05,9561,96,849780,88.87052917799623,6
0.05,9562,95,849875,88.87117013489491,6
0.05,9563,91,849966,88.87139272271017,10
0.05,9564,94,850060,88.87192890747517,7
0.05,9565,94,850154,88.87246498013799,7
0.05,9566,93,850247,88.87289641475907,8
0.05,9567,89,850336,88.87290969899665,12
0.05,9568,92,850428,88.87323649284147,9
0.05,9569,92,850520,88.8735632183908,10
0.05,9570,95,850615,88.87420332253683,6
0.05,9571,95,850710,88.87484329293774,6
0.05,9572,94,850804,88.87537866917371,7
0.05,9573,93,850897,88.87580948401921,8
0.05,9574,95,850992,88.87644908616188,6
0.05,9575,96,851088,88.87719298245614,6
0.05,9576,95,851183,88.87783230656783,6
0.05,9577,96,851279,88.8785759031113,6
0.05,9578,94,851373,88.87911055433761,8
0.05,9579,95,851468,88.87974947807933,7
0.05,9580,89,851557,88.87976202901577,12
0.05,9581,96,851653,88.88050511375496,6
0.05,9582,94,851747,88.8810393404988,7
0.05,9583,94,851841,88.8815734557596,7
0.05,9584,96,851937,88.88231611893583,6
0.05,9585,92,852029,88.88264135197163,9
0.05,9586,96,852125,88.88338374882653,6
0.05,9587,96,852221,88.88412599082186,6
0.05,9588,92,852313,88.88445093336114,9
0.05,9589,95,852408,88.88508863399375,6
0.05,9590,93,852501,88.88551767281827,8
0.05,9591,94,852595,88.88605087572978,7
0.05,9592,92,852687,88.88637548212238,9
0.05,9593,94,852781,88.88690848446946,7
0.05,9594,95,852876,88.88754559666494,6
0.05,9595,92,852968,88.88786994581075,9
0.05,9596,27,852995,88.88142127748254,6
0.05,9597,96,853091,88.88216295061471,7
0.05,9598,94,853185,88.88269611417856,7
0.05,9599,94,853279,88.88322916666667,7
0.05,9600,93,853372,88.88365795229663,8
0.05,9601,96,853468,88.88439908352427,6
0.05,9602,94,853562,88.8849317921483,7
0.05,9603,94,853656,88.88546438983757,7
0.05,9604,94,853750,88.88599687662676,7
0.05,9605,96,853846,88.88673745575682,6
0.05,9606,94,853940,88.88726969917768,7
0.05,9607,94,854034,88.88780183180683,7
0.05,9608,94,854128,88.88833385367884,8
0.05,9609,95,854223,88.88896982310094,6
0.05,9610,92,854315,88.88929351784414,9
0.05,9611,96,854411,88.89003329171868,6
0.05,9612,94,854505,88.8905648600853,7
0.05,9613,96,854601,88.8913043478261,6
0.05,9614,95,854696,88.8919396775871,6
0.05,9615,95,854791,88.89257487520798,6
0.05,9616,92,854883,88.89289799313715,9
0.05,9617,90,854973,88.89301310043668,11
0.05,9618,95,855068,88.89364798835638,6
0.05,9619,95,855163,88.89428274428275,6
0.05,9620,25,855188,88.8876416172955,8
0.05,9621,93,855281,88.88806900852214,8
0.05,9622,95,855376,88.88870414631612,6
0.05,9623,94,855470,88.88923524522028,7
0.05,9624,85,855555,88.88883116883117,17
0.05,9625,94,855649,88.88936214419282,7
0.05,9626,94,855743,88.88989300924483,7
0.05,9627,94,855837,88.8904237640216,7
0.05,9628,91,855928,88.89064284972478,10
0.05,9629,94,856022,88.89117341640706,7
0.05,9630,24,856046,88.88443567646142,9
0.05,9631,95,856141,88.88507059800665,6
0.05,9632,93,856234,88.88549776808887,8
0.05,9633,95,856329,88.88613244758149,6
0.05,9634,95,856424,88.88676699532952,6
0.05,9635,94,856518,88.88729763387298,7
0.05,9636,95,856613,88.88793192902355,6
0.05,9637,94,856707,88.88846233658435,7
0.05,9638,91,856798,88.88868139848532,10
0.05,9639,95,856893,88.8893153526971,7
0.05,9640,94,856987,88.88984545171662,7
0.05,9641,91,857078,88.89006430201204,10
0.05,9642,94,857172,88.89059421341906,7
0.05,9643,96,857268,88.89133139776027,6
0.05,9644,88,857356,88.8912389839295,13
0.05,9645,94,857450,88.89176860874974,7
0.05,9646,94,857544,88.89229812376905,7
0.05,9647,94,857638,88.89282752902156,8
0.05,9648,93,857731,88.89325318685874,8
0.05,9649,92,857823,88.89357512953367,9
0.05,9650,95,857918,88.89420785410839,7
0.05,9651,93,858011,88.89463323663489,8
0.05,9652,92,858103,88.89495493628924,9
0.05,9653,92,858195,88.8952765692977,10
0.05,9654,95,858290,88.89590885551527,6
0.05,9655,90,858380,88.8960231980116,11
0.05,9656,94,858474,88.89655172413794,7
0.05,9657,94,858568,88.8970801408159,8
0.05,9658,27,858595,88.89067191220623,6
0.05,9659,93,858688,88.89109730848861,8
0.05,9660,96,858784,88.89183314356691,6
0.05,9661,95,858879,88.89246532808943,6
0.05,9662,96,858975,88.89320086929526,6
0.05,9663,94,859069,88.89372930463576,7
0.05,9664,96,859165,88.89446456285566,6
0.05,9665,95,859260,88.89509621353197,6
0.05,9666,94,859354,88.89562428881763,7
0.05,9667,94,859448,88.89615225486139,7
0.05,9668,94,859542,88.89668011169718,7
0.05,9669,94,859636,88.89720785935884,7
0.05,9670,92,859728,88.89752869403371,10
0.05,9671,93,859821,88.89795285359801,9
0.05,9672,92,859913,88.89827354491885,9
0.05,9673,94,860007,88.89880090965474,7
0.05,9674,94,860101,88.89932816537468,7
0.05,9675,95,860196,88.89995866060356,7
0.05,9676,95,860291,88.90058902552444,6
0.05,9677,95,860386,88.90121926017773,7
0.05,9678,94,860480,88.90174604814547,7
0.05,9679,94,860574,88.90227272727273,8
0.05,9680,91,860665,88.9024894122508,10
0.05,9681,94,860759,88.90301590580458,7
0.05,9682,93,860852,88.90343901683363,8
0.05,9683,93,860945,88.90386204047914,8
0.05,9684,94,861039,88.90438822922044,7
0.05,9685,96,861135,88.90512079289697,6
0.05,9686,93,861228,88.9055435119232,8
0.05,9687,95,861323,88.9061725846408,6
0.05,9688,96,861419,88.90690473733099,7
0.05,9689,93,861512,88.90732714138286,8
0.05,9690,91,861603,88.90754308120937,10
0.05,9691,94,861697,88.90806851011143,7
0.05,9692,96,861793,88.90880016506757,6
0.05,9693,94,861887,88.90932535589025,7
0.05,9694,96,861983,88.91005673027334,6
0.05,9695,95,862078,88.91068481848185,6
0.05,9696,96,862174,88.91141590182531,6
0.05,9697,93,862267,88.91183749226644,8
0.05,9698,27,862294,88.90545417053305,6
0.05,9699,93,862387,88.9058762886598,8
0.05,9700,92,862479,88.90619523760436,9
0.05,9701,96,862575,88.9069264069264,6
0.05,9702,96,862671,88.90765742553849,6
0.05,9703,94,862765,88.90818219291015,7
0.05,9704,95,862860,88.90880989180835,6
0.05,9705,93,862953,88.90923140325572,8
0.05,9706,92,863045,88.90954980941588,9
0.05,9707,94,863139,88.91007416563659,7
0.05,9708,93,863232,88.91049541662375,8
0.05,9709,94,863326,88.91101956745624,7
0.05,9710,94,863420,88.9115436103388,7
0.05,9711,93,863513,88.91196457990115,8
0.05,9712,95,863608,88.91259137238752,6
0.05,9713,95,863703,88.91321803582458,6
0.05,9714,96,863799,88.91394750386002,6
0.05,9715,95,863894,88.91457389872376,6
0.05,9716,92,863986,88.91489142739529,9
0.05,9717,95,864081,88.9155175962132,6
0.05,9718,94,864175,88.9160407449326,7
0.05,9719,94,864269,88.91656378600823,7
0.05,9720,91,864360,88.91677810924801,10
0.05,9721,93,864453,88.91719810738532,8
0.05,9722,95,864548,88.91782371695979,6
0.05,9723,95,864643,88.91844919786097,6
0.05,9724,94,864737,88.91897172236504,7
0.05,9725,94,864831,88.91949413942011,7
0.05,9726,94,864925,88.92001644905932,7
0.05,9727,95,865020,88.92064144736842,7
0.05,9728,95,865115,88.92126631719601,6
0.05,9729,95,865210,88.9218910585817,6
0.05,9730,94,865304,88.92241290720378,7
0.05,9731,93,865397,88.9228318947801,8
0.05,9732,92,865489,88.92314805301551,9
0.05,9733,95,865584,88.92377234435997,6
0.05,9734,91,865675,88.92398561890087,10
0.05,9735,94,865769,88.92450698438783,7
0.05,9736,94,865863,88.92502824278525,7
0.05,9737,93,865956,88.92544670363525,8
0.05,9738,94,866050,88.92596775849677,7
0.05,9739,27,866077,88.91960985626284,6
0.05,9740,96,866173,88.92033672107587,6
0.05,9741,92,866265,88.92065284335865,9
0.05,9742,94,866359,88.92117417633173,7
0.05,9743,92,866451,88.92149014778325,9
0.05,9744,94,866545,88.92201128783992,7
0.05,9745,92,866637,88.92232710855735,9
0.05,9746,96,866733,88.92305324715296,6
0.05,9747,96,866829,88.92377923676652,6
0.05,9748,91,866920,88.92399220432866,10
0.05,9749,96,867016,88.92471794871796,7
0.05,9750,90,867106,88.92482822274638,11
0.05,9751,93,867199,88.9252461033634,9
0.05,9752,91,867290,88.92545883317953,12
0.05,9753,94,867384,88.92597908550339,8
0.05,9754,94,867478,88.9264992311635,7
0.05,9755,94,867572,88.9270192701927,7
0.05,9756,95,867667,88.92764169314339,7
0.05,9757,95,867762,88.92826398852223,6
0.05,9758,94,867856,88.92878368685317,7
0.05,9759,93,867949,88.92920081967213,8
0.05,9760,94,868043,88.92972031554145,7
0.05,9761,92,868135,88.9300348289285,9
0.05,9762,96,868231,88.93075898801598,6
0.05,9763,92,868323,88.93107333060222,9
0.05,9764,95,868418,88.93169482846902,6
0.05,9765,92,868510,88.93200901085399,9
0.05,9766,95,868605,88.93263028565578,7
0.05,9767,93,868698,88.93304668304668,8
0.05,9768,96,868794,88.93377008905722,6
0.05,9769,93,868887,88.93418628454452,8
0.05,9770,94,868981,88.93470473851193,7
0.05,9771,94,869075,88.93522308636922,7
0.05,9772,-48,869027,88.92121150107438,12
0.05,9773,94,869121,88.92173112338858,7
0.05,9774,92,869213,88.92204603580562,9
0.05,9775,95,869308,88.92266775777414,7
0.05,9776,93,869401,88.92308479083563,8
0.05,9777,94,869495,88.92360400899979,7
0.05,9778,96,869591,88.92432764086307,6
0.05,9779,96,869687,88.92505112474437,6
0.05,9780,91,869778,88.92526326551477,10
0.05,9781,94,869872,88.9257820486608,7
0.05,9782,94,869966,88.92630072574875,7
0.05,9783,93,870059,88.9267170891251,8
0.05,9784,94,870153,88.92723556463976,7
0.05,9785,93,870246,88.92765174739424,9
0.05,9786,95,870341,88.92827219781343,6
0.05,9787,94,870435,88.92879035553739,7
0.05,9788,92,870527,88.92910409643477,9
0.05,9789,95,870622,88.92972420837589,6
0.05,9790,94,870716,88.9302420590338,7
0.05,9791,93,870809,88.93065767973856,8
0.05,9792,92,870901,88.93097110180742,9
0.05,9793,24,870925,88.92434143353073,9
0.05,9794,93,871018,88.92475752935171,8
0.05,9795,96,871114,88.92547978766844,6
0.05,9796,91,871205,88.92569153822599,10
0.05,9797,94,871299,88.92620943049602,7
0.05,9798,94,871393,88.92672721706296,7
0.05,9799,95,871488,88.92734693877551,6
0.05,9800,96,871584,88.9280685644322,6
0.05,9801,94,871678,88.92858600285656,7
0.05,9802,94,871772,88.92910333571356,7
0.05,9803,94,871866,88.9296205630355,7
0.05,9804,27,871893,88.92330443651198,6
0.05,9805,93,871986,88.92372017132368,8
0.05,9806,94,872080,88.92423778933414,7
0.05,9807,92,872172,88.92455138662316,9
0.05,9808,95,872267,88.92517076154552,6
0.05,9809,94,872361,88.9256880733945,7
0.05,9810,91,872452,88.92589950056059,10
0.05,9811,94,872546,88.92641663269465,7
0.05,9812,95,872641,88.92703556506675,7
0.05,9813,95,872736,88.9276543713063,6
0.05,9814,92,872828,88.92796739684157,9
0.05,9815,92,872920,88.9282803585982,9
0.05,9816,95,873015,88.92889884893552,6
0.05,9817,95,873110,88.92951721328173,6
0.05,9818,94,873204,88.93003360831042,7
0.05,9819,94,873298,88.930549898167,7
0.05,9820,94,873392,88.93106608288362,7
0.05,9821,95,873487,88.93168397475056,6
0.05,9822,94,873581,88.93219993891887,7
0.05,9823,94,873675,88.9327157980456,7
0.05,9824,94,873769,88.93323155216285,7
0.05,9825,92,873861,88.9335436596784,9
0.05,9826,92,873953,88.93385570367356,9
0.05,9827,92,874045,88.93416768416769,9
0.05,9828,94,874139,88.93468308067962,7
0.05,9829,93,874232,88.9350966429298,8
0.05,9830,95,874327,88.93571355914963,7
0.05,9831,92,874419,88.93602522375916,9
0.05,9832,91,874510,88.93623512661446,10
0.05,9833,96,874606,88.93695342688632,6
0.05,9834,95,874701,88.9375699034062,6
0.05,9835,95,874796,88.93818625457503,6
0.05,9836,96,874892,88.93890413744028,6
0.05,9837,96,874988,88.9396218743647,6
0.05,9838,95,875083,88.94023782904766,7
0.05,9839,95,875178,88.94085365853658,6
0.05,9840,96,875274,88.94157097855908,6
0.05,9841,94,875368,88.94208494208495,7
0.05,9842,93,875461,88.94249720613634,8
0.05,9843,90,875551,88.94260463226331,11
0.05,9844,95,875646,88.94321990858303,6
0.05,9845,96,875742,88.94393662400975,6
0.05,9846,92,875834,88.94424697877527,9
0.05,9847,96,875930,88.94496344435419,6
0.05,9848,96,876026,88.94567976444308,6
0.05,9849,93,876119,88.94609137055838,8
0.05,9850,95,876214,88.9467059181809,6
0.05,9851,94,876308,88.94721883881445,7
0.05,9852,93,876401,88.94763016340201,8
0.05,9853,96,876497,88.94834584940126,6
0.05,9854,94,876591,88.94885844748859,7
0.05,9855,94,876685,88.94937094155844,7
0.05,9856,95,876780,88.94998478238816,6
0.05,9857,95,876875,88.95059849868127,6
0.05,9858,94,876969,88.95111066031038,7
0.05,9859,95,877064,88.95172413793104,7
0.05,9860,96,877160,88.95243890072001,7
0.05,9861,95,877255,88.95305211924558,6
0.05,9862,93,877348,88.9534624353645,8
0.05,9863,95,877443,88.95407542579075,6
0.05,9864,95,877538,88.95468829194121,6
0.05,9865,94,877632,88.95519967565376,7
0.05,9866,96,877728,88.95591365156582,6
0.05,9867,95,877823,88.95652614511552,6
0.05,9868,92,877915,88.9568345323741,10
0.05,9869,96,878011,88.95754812563324,6
0.05,9870,92,878103,88.95785634687468,9
0.05,9871,94,878197,88.95836709886548,7
0.05,9872,91,878288,88.95857388838246,10
0.05,9873,94,878382,88.95908446424954,7
0.05,9874,94,878476,88.95959493670887,8
0.05,9875,95,878571,88.96020656136088,7
0.05,9876,94,878665,88.96071681684722,7
0.05,9877,92,878757,88.96102449888642,10
0.05,9878,95,878852,88.96163579309646,6
0.05,9879,92,878944,88.96194331983806,9
0.05,9880,94,879038,88.96245319299666,7
0.05,9881,95,879133,88.96306415705322,6
0.05,9882,96,879229,88.96377618132146,6
0.05,9883,94,879323,88.96428571428571,7
0.05,9884,95,879418,88.96489630753668,6
0.05,9885,90,879508,88.96500101153146,11
0.05,9886,95,879603,88.96561140892081,7
0.05,9887,94,879697,88.96612055016182,7
0.05,9888,96,879793,88.96683183335018,6
0.05,9889,93,879886,88.96723963599595,8
0.05,9890,96,879982,88.96795066221817,6
0.05,9891,94,880076,88.96845936109987,8
0.05,9892,93,880169,88.96886687556858,8
0.05,9893,94,880263,88.96937537901759,7
0.05,9894,94,880357,88.96988377968671,7
0.05,9895,93,880450,88.97029102667744,8
0.05,9896,95,880545,88.97090027280994,6
0.05,9897,95,880640,88.97150939583754,7
0.05,9898,21,880661,88.96464289322154,12
0.05,9899,96,880757,88.96535353535353,6
0.05,9900,92,880849,88.96566003433996,9
0.05,9901,92,880941,88.96596647141992,9
0.05,9902,94,881035,88.96647480561445,7
0.05,9903,90,881125,88.96657915993538,11
0.05,9904,94,881219,88.9670873296315,7
0.05,9905,93,881312,88.96749444780941,8
0.05,9906,94,881406,88.96800242252952,7
0.05,9907,25,881431,88.96154622527251,8
0.05,9908,95,881526,88.96215561610657,6
0.05,9909,94,881620,88.96266397578204,7
0.05,9910,94,881714,88.96317223287257,7
0.05,9911,94,881808,88.9636803874092,7
0.05,9912,94,881902,88.96418843942298,7
0.05,9913,94,881996,88.96469638894493,7
0.05,9914,94,882090,88.96520423600604,7
0.05,9915,93,882183,88.96561113352158,8
0.05,9916,95,882278,88.96621962286981,6
0.05,9917,89,882367,88.96622302883645,12
0.05,9918,94,882461,88.96673051718923,7
0.05,9919,93,882554,88.9671370967742,8
0.05,9920,95,882649,88.96774518697713,6
0.05,9921,94,882743,88.9682523684741,7
0.05,9922,94,882837,88.96875944774766,7
0.05,9923,91,882928,88.968964127368,10
0.05,9924,94,883022,88.96947103274559,7
0.05,9925,95,883117,88.97007858150312,6
0.05,9926,95,883212,88.97068600785735,6
0.05,9927,89,883301,88.97068896051572,12
0.05,9928,94,883395,88.97119548796455,8
0.05,9929,96,883491,88.97190332326284,6
0.05,9930,91,883582,88.97210754204008,10
0.05,9931,96,883678,88.97281514297221,6
0.05,9932,95,883773,88.9734219269103,6
0.05,9933,95,883868,88.97402858868533,7
0.05,9934,92,883960,88.97433316557624,9
0.05,9935,92,884052,88.97463768115942,9
0.05,9936,96,884148,88.97534467143001,6
0.05,9937,89,884237,88.97534715234454,12
0.05,9938,93,884330,88.97575208773519,8
0.05,9939,88,884418,88.97565392354124,13
0.05,9940,94,884512,88.97615934010663,7
0.05,9941,94,884606,88.976664654999,7
0.05,9942,94,884700,88.97716986824902,7
0.05,9943,96,884796,88.97787610619469,6
0.05,9944,92,884888,88.97817998994469,11
0.05,9945,94,884982,88.97868489845163,7
0.05,9946,96,885078,88.97939077108676,6
0.05,9947,92,885170,88.97969441093687,10
0.05,9948,92,885262,88.97999798974772,9
0.05,9949,91,885353,88.98020100502512,10
0.05,9950,24,885377,88.97367098784042,9
0.05,9951,96,885473,88.9743770096463,6
0.05,9952,95,885568,88.9749824173616,6
0.05,9953,94,885662,88.97548724131002,7
0.05,9954,94,885756,88.97599196383727,7
0.05,9955,93,885849,88.97639614302933,8
0.05,9956,94,885943,88.97690067289344,7
0.05,9957,94,886037,88.97740510142599,7
0.05,9958,94,886131,88.9779094286575,7
0.05,9959,94,886225,88.97841365461848,7
0.05,9960,94,886319,88.97891777933943,7
0.05,9961,96,886415,88.97962256574985,6
0.05,9962,93,886508,88.98002609655727,8
0.05,9963,94,886602,88.9805299076676,7
0.05,9964,94,886696,88.98103361766182,8
0.05,9965,95,886791,88.98163756773029,6
0.05,9966,96,886887,88.98234172770141,6
0.05,9967,95,886982,88.98294542536115,6
0.05,9968,94,887076,88.98344869094193,7
0.05,9969,94,887170,88.9839518555667,7
0.05,9970,91,887261,88.98415404673554,10
0.05,9971,92,887353,88.98445647813878,9
0.05,9972,93,887446,88.98485911962298,8
0.05,9973,94,887540,88.98536194104672,7
0.05,9974,93,887633,88.98576441102757,8
0.05,9975,96,887729,88.98646752205293,6
0.05,9976,94,887823,88.98697003107146,7
0.05,9977,94,887917,88.98747243936661,7
0.05,9978,96,888013,88.98817516785249,6
0.05,9979,96,888109,88.98887775551103,6
0.05,9980,95,888204,88.98948001202284,7
0.05,9981,95,888299,88.99008214786616,6
0.05,9982,94,888393,88.99058399278773,7
0.05,9983,92,888485,88.99088541666667,9
0.05,9984,92,888577,88.99118678017025,9
0.05,9985,93,888670,88.99158822351292,8
0.05,9986,95,888765,88.99218984680084,6
0.05,9987,27,888792,88.98598317981578,6
0.05,9988,92,888884,88.98628491340475,9
0.05,9989,25,888909,88.97987987987987,8
0.05,9990,-44,888865,88.96656991292163,8
0.05,9991,94,888959,88.96707365892715,7
0.05,9992,94,889053,88.96757730411288,7
0.05,9993,95,889148,88.96818090854512,6
0.05,9994,94,889242,88.96868434217109,7
0.05,9995,92,889334,88.96898759503802,9
0.05,9996,95,889429,88.96959087726317,6
0.05,9997,96,889525,88.97029405881176,6
0.05,9998,92,889617,88.97059705970597,9
0.05,9999,96,889713,88.9713,6
