0.05,0,-130,-130,-130.0,47
0.05,1,-255,-385,-192.5,761
0.05,2,91,-294,-98.0,30
0.05,3,-240,-534,-133.5,341
0.05,4,-893,-1427,-285.4,2150
0.05,5,-163,-1590,-265.0,718
0.05,6,79,-1511,-215.85714285714286,132
0.05,7,79,-1432,-179.0,120
0.05,8,91,-1341,-149.0,10
0.05,9,95,-1246,-124.6,6
0.05,10,13,-1233,-112.0909090909091,172
0.05,11,92,-1141,-95.08333333333333,16
0.05,12,93,-1048,-80.61538461538461,9
0.05,13,94,-954,-68.14285714285714,8
0.05,14,94,-860,-57.333333333333336,7
0.05,15,95,-765,-47.8125,6
0.05,16,95,-670,-39.411764705882355,6
0.05,17,92,-578,-32.111111111111114,10
0.05,18,96,-482,-25.36842105263158,6
0.05,19,86,-396,-19.8,15
0.05,20,91,-305,-14.523809523809524,10
0.05,21,86,-219,-9.954545454545455,15
0.05,22,95,-124,-5.391304347826087,7
0.05,23,94,-30,-1.25,7
0.05,24,20,-10,-0.4,13
0.05,25,16,6,0.23076923076923078,19
0.05,26,92,98,3.6296296296296298,9
0.05,27,96,194,6.928571428571429,6
0.05,28,91,285,9.827586206896552,12
0.05,29,85,370,12.333333333333334,16
0.05,30,20,390,12.580645161290322,13
0.05,31,94,484,15.125,7
0.05,32,95,579,17.545454545454547,6
0.05,33,92,671,19.735294117647058,9
0.05,34,96,767,21.914285714285715,6
0.05,35,94,861,23.916666666666668,7
0.05,36,95,956,25.83783783783784,6
0.05,37,94,1050,27.63157894736842,7
0.05,38,94,1144,29.333333333333332,7
0.05,39,96,1240,31.0,6
0.05,40,93,1333,32.51219512195122,8
0.05,41,94,1427,33.976190476190474,7
0.05,42,94,1521,35.372093023255815,7
0.05,43,95,1616,36.72727272727273,6
0.05,44,22,1638,36.4,11
0.05,45,93,1731,37.630434782608695,9
0.05,46,94,1825,38.829787234042556,7
0.05,47,91,1916,39.916666666666664,10
0.05,48,92,2008,40.97959183673469,9
0.05,49,93,2101,42.02,8
0.05,50,94,2195,43.03921568627451,7
0.05,51,96,2291,44.05769230769231,6
0.05,52,93,2384,44.9811320754717,8
0.05,53,22,2406,44.55555555555556,11
0.05,54,96,2502,45.49090909090909,6
0.05,55,94,2596,46.357142857142854,7
0.05,56,90,2686,47.12280701754386,11
0.05,57,96,2782,47.96551724137931,6
0.05,58,23,2805,47.54237288135593,10
0.05,59,94,2899,48.31666666666667,7
0.05,60,94,2993,49.0655737704918,7
0.05,61,95,3088,49.806451612903224,6
0.05,62,92,3180,50.476190476190474,9
0.05,63,94,3274,51.15625,7
0.05,64,94,3368,51.815384615384616,7
0.05,65,94,3462,52.45454545454545,7
0.05,66,23,3485,52.014925373134325,10
0.05,67,95,3580,52.64705882352941,6
0.05,68,94,3674,53.2463768115942,7
0.05,69,93,3767,53.81428571428572,8
0.05,70,92,3859,54.352112676056336,9
0.05,71,96,3955,54.93055555555556,6
0.05,72,92,4047,55.43835616438356,9
0.05,73,93,4140,55.945945945945944,8
0.05,74,93,4233,56.44,8
0.05,75,96,4329,56.96052631578947,6
0.05,76,94,4423,57.44155844155844,8
0.05,77,93,4516,57.8974358974359,8
0.05,78,93,4609,58.34177215189873,8
0.05,79,96,4705,58.8125,6
0.05,80,91,4796,59.20987654320987,11
0.05,81,94,4890,59.63414634146341,7
0.05,82,93,4983,60.036144578313255,8
0.05,83,90,5073,60.392857142857146,11
0.05,84,90,5163,60.741176470588236,11
0.05,85,83,5246,61.0,18
0.05,86,93,5339,61.367816091954026,8
0.05,87,94,5433,61.73863636363637,7
0.05,88,93,5526,62.08988764044944,8
0.05,89,94,5620,62.44444444444444,7
0.05,90,96,5716,62.81318681318681,6
0.05,91,20,5736,62.34782608695652,12
0.05,92,89,5825,62.634408602150536,12
0.05,93,20,5845,62.180851063829785,12
0.05,94,95,5940,62.526315789473685,7
0.05,95,94,6034,62.854166666666664,7
0.05,96,94,6128,63.175257731958766,8
0.05,97,91,6219,63.45918367346939,10
0.05,98,94,6313,63.76767676767677,7
0.05,99,95,6408,64.08,6
0.05,100,96,6504,64.39603960396039,7
0.05,101,20,6524,63.96078431372549,13
0.05,102,-48,6476,62.87378640776699,11
0.05,103,16,6492,62.42307692307692,16
0.05,104,95,6587,62.733333333333334,6
0.05,105,96,6683,63.04716981132076,6
0.05,106,92,6775,63.3177570093458,9
0.05,107,94,6869,63.601851851851855,7
0.05,108,94,6963,63.88073394495413,7
0.05,109,94,7057,64.15454545454546,7
0.05,110,94,7151,64.42342342342343,7
0.05,111,27,7178,64.08928571428571,6
0.05,112,92,7270,64.33628318584071,12
0.05,113,96,7366,64.6140350877193,6
0.05,114,95,7461,64.87826086956522,6
0.05,115,94,7555,65.12931034482759,7
0.05,116,92,7647,65.35897435897436,9
0.05,117,23,7670,65.0,9
0.05,118,94,7764,65.24369747899159,7
0.05,119,94,7858,65.48333333333333,7
0.05,120,95,7953,65.72727272727273,7
0.05,121,95,8048,65.9672131147541,6
0.05,122,95,8143,66.20325203252033,6
0.05,123,94,8237,66.4274193548387,7
0.05,124,94,8331,66.648,9
0.05,125,93,8424,66.85714285714286,8
0.05,126,23,8447,66.51181102362204,9
0.05,127,96,8543,66.7421875,6
0.05,128,94,8637,66.95348837209302,7
0.05,129,91,8728,67.13846153846154,10
0.05,130,95,8823,67.35114503816794,7
0.05,131,95,8918,67.56060606060606,6
0.05,132,90,9008,67.72932330827068,11
0.05,133,12,9020,67.31343283582089,20
0.05,134,95,9115,67.51851851851852,6
0.05,135,95,9210,67.72058823529412,6
0.05,136,95,9305,67.91970802919708,8
0.05,137,92,9397,68.09420289855072,9
0.05,138,96,9493,68.29496402877697,6
0.05,139,91,9584,68.45714285714286,11
0.05,140,96,9680,68.65248226950355,6
0.05,141,94,9774,68.83098591549296,8
0.05,142,95,9869,69.01398601398601,6
0.05,143,88,9957,69.14583333333333,13
0.05,144,88,10045,69.27586206896552,13
0.05,145,-53,9992,68.43835616438356,16
0.05,146,93,10085,68.60544217687075,8
0.05,147,92,10177,68.76351351351352,9
0.05,148,94,10271,68.93288590604027,7
0.05,149,91,10362,69.08,10
0.05,150,91,10453,69.2251655629139,11
0.05,151,94,10547,69.38815789473684,7
0.05,152,91,10638,69.52941176470588,10
0.05,153,95,10733,69.6948051948052,8
0.05,154,95,10828,69.85806451612903,6
0.05,155,94,10922,70.01282051282051,7
0.05,156,88,11010,70.12738853503184,13
0.05,157,85,11095,70.22151898734177,16
0.05,158,23,11118,69.9245283018868,9
0.05,159,95,11213,70.08125,6
0.05,160,93,11306,70.22360248447205,8
0.05,161,95,11401,70.37654320987654,7
0.05,162,96,11497,70.53374233128834,6
0.05,163,93,11590,70.67073170731707,8
0.05,164,96,11686,70.82424242424243,6
0.05,165,94,11780,70.96385542168674,7
0.05,166,93,11873,71.09580838323353,8
0.05,167,96,11969,71.24404761904762,6
0.05,168,94,12063,71.37869822485207,7
0.05,169,23,12086,71.09411764705882,9
0.05,170,92,12178,71.21637426900585,9
0.05,171,93,12271,71.34302325581395,9
0.05,172,95,12366,71.47976878612717,7
0.05,173,18,12384,71.17241379310344,16
0.05,174,92,12476,71.29142857142857,9
0.05,175,96,12572,71.43181818181819,6
0.05,176,95,12667,71.56497175141243,7
0.05,177,92,12759,71.67977528089888,9
0.05,178,24,12783,71.41340782122904,8
0.05,179,92,12875,71.52777777777777,9
0.05,180,95,12970,71.65745856353591,7
0.05,181,94,13064,71.78021978021978,7
0.05,182,96,13160,71.91256830601093,6
0.05,183,94,13254,72.03260869565217,7
0.05,184,94,13348,72.15135135135135,7
0.05,185,94,13442,72.26881720430107,7
0.05,186,95,13537,72.3903743315508,7
0.05,187,92,13629,72.49468085106383,9
0.05,188,92,13721,72.5978835978836,9
0.05,189,90,13811,72.68947368421053,11
0.05,190,92,13903,72.79057591623037,9
0.05,191,96,13999,72.91145833333333,6
0.05,192,93,14092,73.01554404145078,8
0.05,193,94,14186,73.12371134020619,7
0.05,194,94,14280,73.23076923076923,7
0.05,195,94,14374,73.33673469387755,10
0.05,196,94,14468,73.44162436548223,7
0.05,197,96,14564,73.55555555555556,6
0.05,198,96,14660,73.66834170854271,6
0.05,199,94,14754,73.77,7
0.05,200,94,14848,73.87064676616916,8
0.05,201,95,14943,73.97524752475248,6
0.05,202,17,14960,73.69458128078817,15
0.05,203,95,15055,73.79901960784314,6
0.05,204,94,15149,73.89756097560975,7
0.05,205,96,15245,74.00485436893204,6
0.05,206,93,15338,74.09661835748793,8
0.05,207,93,15431,74.1875,8
0.05,208,90,15521,74.26315789473684,11
0.05,209,21,15542,74.00952380952381,12
0.05,210,94,15636,74.10426540284361,7
0.05,211,94,15730,74.19811320754717,7
0.05,212,95,15825,74.29577464788733,6
0.05,213,89,15914,74.3644859813084,13
0.05,214,94,16008,74.45581395348837,7
0.05,215,94,16102,74.54629629629629,7
0.05,216,21,16123,74.29953917050692,11
0.05,217,86,16209,74.35321100917432,15
0.05,218,93,16302,74.43835616438356,8
0.05,219,94,16396,74.52727272727273,7
0.05,220,96,16492,74.62443438914028,6
0.05,221,94,16586,74.71171171171171,7
0.05,222,95,16681,74.80269058295964,6
0.05,223,93,16774,74.88392857142857,8
0.05,224,94,16868,74.96888888888888,7
0.05,225,92,16960,75.04424778761062,10
0.05,226,94,17054,75.12775330396475,7
0.05,227,94,17148,75.21052631578948,7
0.05,228,94,17242,75.29257641921397,7
0.05,229,27,17269,75.08260869565217,6
0.05,230,88,17357,75.13852813852814,13
0.05,231,89,17446,75.19827586206897,12
0.05,232,89,17535,75.25751072961373,13
0.05,233,93,17628,75.33333333333333,8
0.05,234,27,17655,75.12765957446808,6
0.05,235,94,17749,75.20762711864407,7
0.05,236,88,17837,75.26160337552743,13
0.05,237,93,17930,75.33613445378151,8
0.05,238,92,18022,75.40585774058577,9
0.05,239,93,18115,75.47916666666667,8
0.05,240,96,18211,75.5643153526971,6
0.05,241,94,18305,75.64049586776859,7
0.05,242,96,18401,75.72427983539094,6
0.05,243,94,18495,75.79918032786885,7
0.05,244,94,18589,75.87346938775511,7
0.05,245,85,18674,75.91056910569105,17
0.05,246,91,18765,75.97165991902834,10
0.05,247,93,18858,76.04032258064517,8
0.05,248,92,18950,76.10441767068274,9
0.05,249,95,19045,76.18,6
0.05,250,96,19141,76.2589641434263,6
0.05,251,23,19164,76.04761904761905,9
0.05,252,94,19258,76.11857707509881,7
0.05,253,95,19353,76.19291338582677,6
0.05,254,95,19448,76.26666666666667,6
0.05,255,91,19539,76.32421875,10
0.05,256,94,19633,76.39299610894942,7
0.05,257,95,19728,76.46511627906976,6
0.05,258,95,19823,76.53667953667954,7
0.05,259,95,19918,76.6076923076923,6
0.05,260,91,20009,76.66283524904215,10
0.05,261,20,20029,76.44656488549619,14
0.05,262,94,20123,76.51330798479087,7
0.05,263,93,20216,76.57575757575758,8
0.05,264,94,20310,76.64150943396227,7
0.05,265,88,20398,76.6842105263158,13
0.05,266,94,20492,76.74906367041199,7
0.05,267,94,20586,76.81343283582089,7
0.05,268,92,20678,76.86988847583643,9
0.05,269,95,20773,76.93703703703704,6
0.05,270,18,20791,76.71955719557195,14
0.05,271,94,20885,76.78308823529412,7
0.05,272,90,20975,76.83150183150182,11
0.05,273,93,21068,76.8905109489051,8
0.05,274,94,21162,76.95272727272727,7
0.05,275,93,21255,77.01086956521739,8
0.05,276,96,21351,77.07942238267148,6
0.05,277,96,21447,77.14748201438849,6
0.05,278,95,21542,77.21146953405018,6
0.05,279,95,21637,77.275,8
0.05,280,21,21658,77.07473309608541,11
0.05,281,96,21754,77.1418439716312,6
0.05,282,94,21848,77.20141342756183,7
0.05,283,96,21944,77.26760563380282,6
0.05,284,94,22038,77.32631578947368,7
0.05,285,96,22134,77.39160839160839,6
0.05,286,22,22156,77.19860627177701,10
0.05,287,95,22251,77.26041666666667,6
0.05,288,92,22343,77.31141868512111,10
0.05,289,16,22359,77.1,16
0.05,290,96,22455,77.16494845360825,6
0.05,291,95,22550,77.22602739726027,6
0.05,292,94,22644,77.28327645051195,8
0.05,293,96,22740,77.34693877551021,6
0.05,294,96,22836,77.41016949152542,6
0.05,295,94,22930,77.46621621621621,7
0.05,296,90,23020,77.50841750841751,11
0.05,297,94,23114,77.56375838926175,7
0.05,298,95,23209,77.62207357859532,6
0.05,299,94,23303,77.67666666666666,7
0.05,300,-46,23257,77.265780730897,10
0.05,301,96,23353,77.32781456953643,6
0.05,302,90,23443,77.36963696369637,11
0.05,303,93,23536,77.42105263157895,8
0.05,304,94,23630,77.47540983606558,7
0.05,305,18,23648,77.28104575163398,14
0.05,306,94,23742,77.33550488599349,7
0.05,307,94,23836,77.3896103896104,7
0.05,308,96,23932,77.44983818770227,6
0.05,309,96,24028,77.50967741935484,6
0.05,310,96,24124,77.56913183279742,6
0.05,311,87,24211,77.59935897435898,14
0.05,312,89,24300,77.63578274760384,13
0.05,313,94,24394,77.68789808917198,7
0.05,314,93,24487,77.73650793650793,8
0.05,315,-47,24440,77.34177215189874,10
0.05,316,93,24533,77.39116719242902,8
0.05,317,19,24552,77.20754716981132,13
0.05,318,20,24572,77.0282131661442,12
0.05,319,94,24666,77.08125,7
0.05,320,94,24760,77.13395638629284,7
0.05,321,92,24852,77.18012422360249,11
0.05,322,92,24944,77.22600619195046,10
0.05,323,95,25039,77.28086419753086,7
0.05,324,91,25130,77.32307692307693,10
0.05,325,92,25222,77.3680981595092,9
0.05,326,92,25314,77.41284403669725,10
0.05,327,93,25407,77.46036585365853,9
0.05,328,95,25502,77.51367781155015,8
0.05,329,95,25597,77.56666666666666,6
0.05,330,94,25691,77.61631419939577,7
0.05,331,94,25785,77.66566265060241,7
0.05,332,23,25808,77.50150150150151,9
0.05,333,93,25901,77.54790419161677,8
0.05,334,94,25995,77.59701492537313,7
0.05,335,94,26089,77.64583333333333,7
0.05,336,93,26182,77.69139465875371,9
0.05,337,94,26276,77.7396449704142,7
0.05,338,13,26289,77.54867256637168,20
0.05,339,93,26382,77.59411764705882,8
0.05,340,93,26475,77.63929618768329,8
0.05,341,92,26567,77.68128654970761,9
0.05,342,94,26661,77.72886297376094,7
0.05,343,96,26757,77.78197674418605,6
0.05,344,95,26852,77.83188405797101,7
0.05,345,93,26945,77.8757225433526,9
0.05,346,94,27039,77.92219020172911,7
0.05,347,94,27133,77.9683908045977,7
0.05,348,94,27227,78.01432664756447,7
0.05,349,86,27313,78.03714285714285,15
0.05,350,90,27403,78.07122507122507,11
0.05,351,94,27497,78.11647727272727,8
0.05,352,93,27590,78.15864022662889,8
0.05,353,94,27684,78.20338983050847,7
0.05,354,90,27774,78.23661971830985,11
0.05,355,92,27866,78.2752808988764,10
0.05,356,92,27958,78.31372549019608,9
0.05,357,92,28050,78.35195530726257,9
0.05,358,92,28142,78.3899721448468,9
0.05,359,92,28234,78.42777777777778,9
0.05,360,92,28326,78.46537396121883,9
0.05,361,94,28420,78.50828729281768,7
0.05,362,25,28445,78.36088154269973,8
0.05,363,94,28539,78.40384615384616,7
0.05,364,94,28633,78.44657534246575,7
0.05,365,94,28727,78.48907103825137,8
0.05,366,94,28821,78.53133514986376,7
0.05,367,93,28914,78.57065217391305,8
0.05,368,92,29006,78.60704607046071,9
0.05,369,94,29100,78.64864864864865,7
0.05,370,23,29123,78.49865229110512,9
0.05,371,91,29214,78.53225806451613,10
0.05,372,94,29308,78.57372654155496,7
0.05,373,96,29404,78.62032085561498,6
0.05,374,90,29494,78.65066666666667,11
0.05,375,92,29586,78.68617021276596,9
0.05,376,23,29609,78.53846153846153,9
0.05,377,95,29704,78.58201058201058,6
0.05,378,96,29800,78.62796833773088,6
0.05,379,-57,29743,78.27105263157895,20
0.05,380,96,29839,78.31758530183727,6
0.05,381,94,29933,78.3586387434555,7
0.05,382,86,30019,78.37859007832898,15
0.05,383,93,30112,78.41666666666667,8
0.05,384,22,30134,78.27012987012986,10
0.05,385,96,30230,78.3160621761658,6
0.05,386,95,30325,78.35917312661499,6
0.05,387,93,30418,78.39690721649484,8
0.05,388,88,30506,78.42159383033419,13
0.05,389,24,30530,78.28205128205128,9
0.05,390,94,30624,78.32225063938618,7
0.05,391,91,30715,78.3545918367347,10
0.05,392,90,30805,78.38422391857506,11
0.05,393,94,30899,78.4238578680203,7
0.05,394,91,30990,78.45569620253164,10
0.05,395,93,31083,78.49242424242425,8
0.05,396,93,31176,78.52896725440806,8
0.05,397,92,31268,78.56281407035176,9
0.05,398,95,31363,78.60401002506266,6
0.05,399,93,31456,78.64,8
0.05,400,95,31551,78.68079800498754,6
0.05,401,96,31647,78.72388059701493,6
0.05,402,93,31740,78.75930521091811,10
0.05,403,95,31835,78.79950495049505,6
0.05,404,96,31931,78.84197530864198,6
0.05,405,95,32026,78.88177339901478,6
0.05,406,93,32119,78.91646191646191,8
0.05,407,91,32210,78.94607843137256,10
0.05,408,93,32303,78.98044009779952,10
0.05,409,-54,32249,78.65609756097561,17
0.05,410,24,32273,78.52311435523114,10
0.05,411,25,32298,78.39320388349515,7
0.05,412,25,32323,78.2639225181598,8
0.05,413,94,32417,78.30193236714976,7
0.05,414,96,32513,78.34457831325301,6
0.05,415,88,32601,78.36778846153847,13
0.05,416,96,32697,78.41007194244604,6
0.05,417,92,32789,78.44258373205741,9
0.05,418,93,32882,78.47732696897374,8
0.05,419,94,32976,78.51428571428572,7
0.05,420,94,33070,78.55106888361045,8
0.05,421,93,33163,78.58530805687204,8
0.05,422,22,33185,78.451536643026,10
0.05,423,91,33276,78.48113207547169,10
0.05,424,24,33300,78.3529411764706,8
0.05,425,95,33395,78.39201877934272,6
0.05,426,93,33488,78.42622950819673,9
0.05,427,96,33584,78.46728971962617,6
0.05,428,94,33678,78.5034965034965,7
0.05,429,94,33772,78.53953488372093,8
0.05,430,95,33867,78.57772621809745,6
0.05,431,94,33961,78.61342592592592,7
0.05,432,94,34055,78.64896073903002,7
0.05,433,86,34141,78.66589861751152,15
0.05,434,94,34235,78.70114942528735,7
0.05,435,95,34330,78.73853211009174,6
0.05,436,92,34422,78.76887871853548,9
0.05,437,96,34518,78.8082191780822,6
0.05,438,90,34608,78.83371298405467,12
0.05,439,94,34702,78.86818181818182,7
0.05,440,95,34797,78.9047619047619,6
0.05,441,23,34820,78.77828054298642,9
0.05,442,19,34839,78.6433408577878,13
0.05,443,92,34931,78.67342342342343,9
0.05,444,92,35023,78.70337078651686,9
0.05,445,94,35117,78.73766816143498,7
0.05,446,95,35212,78.77404921700224,6
0.05,447,96,35308,78.8125,6
0.05,448,96,35404,78.85077951002228,6
0.05,449,93,35497,78.88222222222223,8
0.05,450,95,35592,78.9179600886918,6
0.05,451,94,35686,78.95132743362832,7
0.05,452,93,35779,78.9823399558499,8
0.05,453,94,35873,79.01541850220265,7
0.05,454,92,35965,79.04395604395604,9
0.05,455,94,36059,79.07675438596492,8
0.05,456,94,36153,79.10940919037199,7
0.05,457,93,36246,79.13973799126637,8
0.05,458,94,36340,79.17211328976035,8
0.05,459,93,36433,79.20217391304348,8
0.05,460,94,36527,79.23427331887201,7
0.05,461,24,36551,79.11471861471861,8
0.05,462,90,36641,79.13822894168466,12
0.05,463,95,36736,79.17241379310344,6
0.05,464,91,36827,79.1978494623656,10
0.05,465,91,36918,79.22317596566523,10
0.05,466,25,36943,79.10706638115632,7
0.05,467,94,37037,79.13888888888889,7
0.05,468,94,37131,79.17057569296375,7
0.05,469,94,37225,79.20212765957447,7
0.05,470,93,37318,79.23142250530786,8
0.05,471,90,37408,79.2542372881356,11
0.05,472,94,37502,79.28541226215644,7
0.05,473,94,37596,79.31645569620254,8
0.05,474,90,37686,79.33894736842105,11
0.05,475,94,37780,79.36974789915966,7
0.05,476,94,37874,79.40041928721175,7
0.05,477,94,37968,79.43096234309624,7
0.05,478,24,37992,79.3152400835073,8
0.05,479,92,38084,79.34166666666667,9
0.05,480,95,38179,79.37422037422037,7
0.05,481,21,38200,79.25311203319502,11
0.05,482,86,38286,79.26708074534162,15
0.05,483,94,38380,79.29752066115702,7
0.05,484,96,38476,79.3319587628866,6
0.05,485,96,38572,79.36625514403292,6
0.05,486,91,38663,79.39014373716633,10
0.05,487,96,38759,79.42418032786885,6
0.05,488,96,38855,79.45807770961146,6
0.05,489,94,38949,79.48775510204082,7
0.05,490,96,39045,79.5213849287169,6
0.05,491,90,39135,79.54268292682927,11
0.05,492,93,39228,79.56997971602433,8
0.05,493,92,39320,79.59514170040485,9
0.05,494,95,39415,79.62626262626263,6
0.05,495,22,39437,79.5100806451613,10
0.05,496,95,39532,79.54124748490946,6
0.05,497,95,39627,79.57228915662651,7
0.05,498,96,39723,79.60521042084169,6
0.05,499,89,39812,79.624,12
0.05,500,95,39907,79.65469061876247,6
0.05,501,94,40001,79.68326693227091,7
0.05,502,95,40096,79.71371769383698,6
0.05,503,94,40190,79.7420634920635,7
0.05,504,93,40283,79.76831683168317,8
0.05,505,93,40376,79.79446640316206,8
0.05,506,24,40400,79.68441814595661,8
0.05,507,27,40427,79.58070866141732,6
0.05,508,92,40519,79.60510805500982,9
0.05,509,92,40611,79.62941176470588,10
0.05,510,92,40703,79.65362035225048,9
0.05,511,95,40798,79.68359375,6
0.05,512,92,40890,79.70760233918129,9
0.05,513,96,40986,79.73929961089495,6
0.05,514,94,41080,79.76699029126213,7
0.05,515,94,41174,79.79457364341086,7
0.05,516,93,41267,79.8201160541586,8
0.05,517,22,41289,79.7084942084942,10
0.05,518,95,41384,79.73795761078998,6
0.05,519,95,41479,79.7673076923077,6
0.05,520,91,41570,79.78886756238003,10
0.05,521,96,41666,79.8199233716475,6
0.05,522,-129,41537,79.4206500956023,24
0.05,523,96,41633,79.45229007633588,7
0.05,524,93,41726,79.47809523809524,9
0.05,525,95,41821,79.50760456273764,6
0.05,526,94,41915,79.53510436432637,7
0.05,527,92,42007,79.55871212121212,9
0.05,528,94,42101,79.586011342155,8
0.05,529,95,42196,79.61509433962264,8
0.05,530,90,42286,79.6346516007533,11
0.05,531,95,42381,79.66353383458646,6
0.05,532,95,42476,79.6923076923077,6
0.05,533,94,42570,79.71910112359551,8
0.05,534,93,42663,79.74392523364486,8
0.05,535,94,42757,79.7705223880597,7
0.05,536,94,42851,79.79702048417133,7
0.05,537,95,42946,79.82527881040892,6
0.05,538,94,43040,79.85157699443414,7
0.05,539,95,43135,79.87962962962963,7
0.05,540,95,43230,79.90757855822551,6
0.05,541,93,43323,79.93173431734317,8
0.05,542,93,43416,79.95580110497238,9
0.05,543,92,43508,79.9779411764706,9
0.05,544,94,43602,80.00366972477065,7
0.05,545,92,43694,80.02564102564102,9
0.05,546,95,43789,80.05301645338209,6
0.05,547,96,43885,80.08211678832117,6
0.05,548,94,43979,80.10746812386157,7
0.05,549,94,44073,80.13272727272727,7
0.05,550,-46,44027,79.9038112522686,10
0.05,551,94,44121,79.92934782608695,7
0.05,552,93,44214,79.95298372513562,8
0.05,553,86,44300,79.96389891696751,15
0.05,554,96,44396,79.9927927927928,6
0.05,555,94,44490,80.0179856115108,7
0.05,556,23,44513,79.91561938958708,9
0.05,557,92,44605,79.93727598566308,11
0.05,558,92,44697,79.95885509838998,9
0.05,559,94,44791,79.98392857142858,7
0.05,560,94,44885,80.00891265597149,7
0.05,561,94,44979,80.0338078291815,7
0.05,562,95,45074,80.06039076376554,6
0.05,563,91,45165,80.07978723404256,10
0.05,564,91,45256,80.09911504424778,11
0.05,565,26,45282,80.00353356890459,6
0.05,566,94,45376,80.02821869488537,7
0.05,567,93,45469,80.05105633802818,8
0.05,568,94,45563,80.0755711775044,8
0.05,569,93,45656,80.0982456140351,8
0.05,570,94,45750,80.12259194395797,7
0.05,571,91,45841,80.14160839160839,10
0.05,572,92,45933,80.16230366492147,9
0.05,573,96,46029,80.18989547038328,6
0.05,574,94,46123,80.21391304347826,7
0.05,575,90,46213,80.23090277777777,12
0.05,576,88,46301,80.24436741767764,13
0.05,577,90,46391,80.26124567474048,11
0.05,578,95,46486,80.286701208981,6
0.05,579,88,46574,80.3,14
0.05,580,93,46667,80.32185886402753,8
0.05,581,96,46763,80.3487972508591,6
0.05,582,96,46859,80.37564322469983,6
0.05,583,96,46955,80.40239726027397,6
0.05,584,94,47049,80.42564102564103,7
0.05,585,95,47144,80.45051194539249,7
0.05,586,92,47236,80.4701873935264,9
0.05,587,95,47331,80.49489795918367,6
0.05,588,96,47427,80.52122241086587,6
0.05,589,92,47519,80.5406779661017,12
0.05,590,95,47614,80.56514382402707,6
0.05,591,95,47709,80.58952702702703,6
0.05,592,96,47805,80.61551433389545,6
0.05,593,11,47816,80.4983164983165,21
0.05,594,93,47909,80.51932773109243,8
0.05,595,94,48003,80.54194630872483,7
0.05,596,96,48099,80.5678391959799,6
0.05,597,23,48122,80.47157190635451,9
0.05,598,93,48215,80.49248747913188,9
0.05,599,95,48310,80.51666666666667,7
0.05,600,96,48406,80.5424292845258,6
0.05,601,96,48502,80.56810631229236,6
0.05,602,95,48597,80.59203980099502,6
0.05,603,95,48692,80.6158940397351,6
0.05,604,94,48786,80.63801652892562,7
0.05,605,96,48882,80.66336633663366,6
0.05,606,93,48975,80.6836902800659,8
0.05,607,96,49071,80.70888157894737,6
0.05,608,21,49092,80.61083743842364,11
0.05,609,94,49186,80.6327868852459,8
0.05,610,92,49278,80.65139116202946,10
0.05,611,25,49303,80.56045751633987,8
0.05,612,88,49391,80.5725938009788,13
0.05,613,93,49484,80.5928338762215,8
0.05,614,95,49579,80.61626016260162,7
0.05,615,94,49673,80.63798701298701,8
0.05,616,95,49768,80.6612641815235,6
0.05,617,-47,49721,80.4546925566343,10
0.05,618,95,49816,80.47819063004846,6
0.05,619,93,49909,80.4983870967742,9
0.05,620,94,50003,80.52012882447666,7
0.05,621,96,50099,80.54501607717042,6
0.05,622,96,50195,80.56982343499197,6
0.05,623,95,50290,80.59294871794872,7
0.05,624,92,50382,80.6112,9
0.05,625,90,50472,80.6261980830671,12
0.05,626,93,50565,80.64593301435407,8
0.05,627,95,50660,80.6687898089172,7
0.05,628,92,50752,80.68680445151034,9
0.05,629,95,50847,80.70952380952382,6
0.05,630,96,50943,80.7337559429477,6
0.05,631,93,51036,80.75316455696202,10
0.05,632,22,51058,80.66034755134281,10
0.05,633,91,51149,80.67665615141956,10
0.05,634,95,51244,80.69921259842519,6
0.05,635,94,51338,80.72012578616352,8
0.05,636,96,51434,80.74411302982732,6
0.05,637,24,51458,80.65517241379311,8
0.05,638,-50,51408,80.45070422535211,14
0.05,639,92,51500,80.46875,9
0.05,640,92,51592,80.48673946957878,9
0.05,641,94,51686,80.50778816199377,7
0.05,642,94,51780,80.52877138413686,7
0.05,643,96,51876,80.5527950310559,6
0.05,644,93,51969,80.57209302325582,9
0.05,645,94,52063,80.59287925696594,8
0.05,646,94,52157,80.61360123647604,7
0.05,647,95,52252,80.6358024691358,6
0.05,648,23,52275,80.54699537750385,9
0.05,649,95,52370,80.56923076923077,8
0.05,650,24,52394,80.48233486943164,9
0.05,651,90,52484,80.49693251533742,11
0.05,652,94,52578,80.51761102603369,7
0.05,653,90,52668,80.53211009174312,11
0.05,654,96,52764,80.5557251908397,6
0.05,655,94,52858,80.57621951219512,8
0.05,656,96,52954,80.59969558599695,6
0.05,657,96,53050,80.62310030395136,6
0.05,658,96,53146,80.64643399089529,6
0.05,659,94,53240,80.66666666666667,8
0.05,660,95,53335,80.68835098335855,6
0.05,661,94,53429,80.70845921450152,8
0.05,662,90,53519,80.72247360482655,11
0.05,663,92,53611,80.7394578313253,9
0.05,664,83,53694,80.74285714285715,18
0.05,665,92,53786,80.75975975975976,10
0.05,666,95,53881,80.78110944527737,6
0.05,667,90,53971,80.79491017964072,11
0.05,668,95,54066,80.81614349775785,6
0.05,669,95,54161,80.83731343283583,6
0.05,670,94,54255,80.85692995529061,7
0.05,671,94,54349,80.8764880952381,7
0.05,672,92,54441,80.89301634472511,9
0.05,673,94,54535,80.91246290801188,7
0.05,674,92,54627,80.92888888888889,9
0.05,675,87,54714,80.93786982248521,14
0.05,676,94,54808,80.95716395864106,7
0.05,677,95,54903,80.97787610619469,7
0.05,678,92,54995,80.9941089837997,11
0.05,679,88,55083,81.00441176470588,13
0.05,680,21,55104,80.91629955947137,12
0.05,681,92,55196,80.9325513196481,9
0.05,682,89,55285,80.94436310395315,12
0.05,683,96,55381,80.96637426900585,6
0.05,684,93,55474,80.98394160583942,8
0.05,685,95,55569,81.00437317784257,6
0.05,686,94,55663,81.02328966521107,7
0.05,687,94,55757,81.0421511627907,8
0.05,688,88,55845,81.0522496371553,13
0.05,689,94,55939,81.07101449275362,7
0.05,690,92,56031,81.08683068017366,9
0.05,691,94,56125,81.10549132947978,7
0.05,692,96,56221,81.12698412698413,6
0.05,693,94,56315,81.14553314121038,7
0.05,694,95,56410,81.16546762589928,6
0.05,695,87,56497,81.17385057471265,14
0.05,696,95,56592,81.19368723098995,6
0.05,697,92,56684,81.20916905444126,9
0.05,698,94,56778,81.2274678111588,7
0.05,699,94,56872,81.24571428571429,7
0.05,700,95,56967,81.26533523537803,7
0.05,701,92,57059,81.28062678062678,9
0.05,702,92,57151,81.29587482219061,9
0.05,703,95,57246,81.3153409090909,8
0.05,704,94,57340,81.33333333333333,8
0.05,705,94,57434,81.35127478753542,7
0.05,706,20,57454,81.26449787835926,12
0.05,707,96,57550,81.28531073446328,6
0.05,708,93,57643,81.30183356840621,8
0.05,709,92,57735,81.3169014084507,9
0.05,710,93,57828,81.33333333333333,9
0.05,711,91,57919,81.34691011235955,10
0.05,712,96,58015,81.36746143057503,6
0.05,713,92,58107,81.38235294117646,9
0.05,714,95,58202,81.4013986013986,6
0.05,715,95,58297,81.42039106145252,6
0.05,716,94,58391,81.43793584379358,7
0.05,717,94,58485,81.45543175487465,7
0.05,718,95,58580,81.47426981919332,6
0.05,719,88,58668,81.48333333333333,13
0.05,720,25,58693,81.40499306518724,8
0.05,721,96,58789,81.42520775623268,6
0.05,722,95,58884,81.44398340248962,7
0.05,723,96,58980,81.46408839779005,6
0.05,724,94,59074,81.48137931034482,7
0.05,725,93,59167,81.49724517906336,8
0.05,726,96,59263,81.5171939477304,6
0.05,727,87,59350,81.52472527472527,14
0.05,728,95,59445,81.54320987654322,7
0.05,729,92,59537,81.55753424657534,10
0.05,730,94,59631,81.57455540355677,7
0.05,731,92,59723,81.58879781420765,9
0.05,732,93,59816,81.6043656207367,8
0.05,733,96,59912,81.62397820163488,6
0.05,734,94,60006,81.64081632653061,7
0.05,735,93,60099,81.65625,8
0.05,736,94,60193,81.67299864314789,7
0.05,737,92,60285,81.6869918699187,9
0.05,738,95,60380,81.70500676589987,7
0.05,739,94,60474,81.72162162162162,7
0.05,740,93,60567,81.73684210526316,8
0.05,741,92,60659,81.75067385444744,9
0.05,742,92,60751,81.76446837146703,9
0.05,743,94,60845,81.78091397849462,7
0.05,744,92,60937,81.79463087248322,9
0.05,745,93,61030,81.80965147453082,8
0.05,746,94,61124,81.82597054886212,7
0.05,747,92,61216,81.83957219251337,9
0.05,748,91,61307,81.85180240320427,10
0.05,749,91,61398,81.864,10
0.05,750,92,61490,81.87749667110519,9
0.05,751,94,61584,81.8936170212766,7
0.05,752,20,61604,81.81142098273573,12
0.05,753,95,61699,81.8289124668435,6
0.05,754,94,61793,81.84503311258278,7
0.05,755,96,61889,81.8637566137566,6
0.05,756,94,61983,81.87978863936591,9
0.05,757,93,62076,81.89445910290237,8
0.05,758,22,62098,81.81554677206852,10
0.05,759,19,62117,81.7328947368421,14
0.05,760,92,62209,81.74638633377135,9
0.05,761,93,62302,81.76115485564304,8
0.05,762,94,62396,81.77719528178244,7
0.05,763,86,62482,81.782722513089,15
0.05,764,92,62574,81.79607843137255,9
0.05,765,27,62601,81.72454308093995,6
0.05,766,93,62694,81.73924380704042,8
0.05,767,93,62787,81.75390625,8
0.05,768,96,62883,81.77243172951886,6
0.05,769,94,62977,81.7883116883117,7
0.05,770,92,63069,81.80155642023347,9
0.05,771,26,63095,81.72927461139896,8
0.05,772,94,63189,81.74514877102199,7
0.05,773,94,63283,81.7609819121447,7
0.05,774,94,63377,81.77677419354839,7
0.05,775,94,63471,81.79252577319588,7
0.05,776,93,63564,81.8069498069498,10
0.05,777,94,63658,81.82262210796915,7
0.05,778,90,63748,81.83311938382542,11
0.05,779,17,63765,81.75,15
0.05,780,95,63860,81.76696542893725,7
0.05,781,96,63956,81.78516624040921,6
0.05,782,95,64051,81.80204342273308,8
0.05,783,89,64140,81.81122448979592,12
0.05,784,96,64236,81.82929936305733,6
0.05,785,96,64332,81.8473282442748,6
0.05,786,94,64426,81.86277001270648,7
0.05,787,96,64522,81.88071065989848,6
0.05,788,88,64610,81.88846641318125,13
0.05,789,95,64705,81.90506329113924,6
0.05,790,25,64730,81.8331226295828,8
0.05,791,92,64822,81.8459595959596,9
0.05,792,20,64842,81.76796973518285,12
0.05,793,96,64938,81.78589420654912,6
0.05,794,92,65030,81.79874213836477,9
0.05,795,94,65124,81.8140703517588,7
0.05,796,96,65220,81.83186951066499,6
0.05,797,89,65309,81.84085213032581,12
0.05,798,88,65397,81.84856070087609,13
0.05,799,96,65493,81.86625,6
0.05,800,96,65589,81.88389513108615,6
0.05,801,95,65684,81.9002493765586,6
0.05,802,93,65777,81.91407222914073,8
0.05,803,94,65871,81.92910447761194,7
0.05,804,18,65889,81.84968944099379,15
0.05,805,90,65979,81.85980148883375,12
0.05,806,89,66068,81.86864931846344,13
0.05,807,95,66163,81.88490099009901,6
0.05,808,95,66258,81.90111248454883,6
0.05,809,93,66351,81.91481481481482,9
0.05,810,94,66445,81.92971639950679,7
0.05,811,96,66541,81.94704433497537,6
0.05,812,95,66636,81.96309963099631,6
0.05,813,92,66728,81.97542997542998,9
0.05,814,95,66823,81.99141104294479,7
0.05,815,96,66919,82.00857843137256,6
0.05,816,94,67013,82.02325581395348,7
0.05,817,92,67105,82.03545232273838,9
0.05,818,94,67199,82.05006105006105,7
0.05,819,92,67291,82.06219512195122,10
0.05,820,94,67385,82.07673568818514,7
0.05,821,94,67479,82.0912408759124,7
0.05,822,90,67569,82.10085054678007,11
0.05,823,89,67658,82.10922330097087,12
0.05,824,92,67750,82.12121212121212,9
0.05,825,20,67770,82.046004842615,12
0.05,826,93,67863,82.05925030229746,8
0.05,827,92,67955,82.07125603864735,9
0.05,828,88,68043,82.07840772014475,13
0.05,829,94,68137,82.09277108433734,7
0.05,830,94,68231,82.10709987966305,7
0.05,831,94,68325,82.12139423076923,7
0.05,832,93,68418,82.1344537815126,8
0.05,833,94,68512,82.14868105515588,7
0.05,834,93,68605,82.16167664670658,8
0.05,835,95,68700,82.17703349282297,7
0.05,836,93,68793,82.18996415770609,8
0.05,837,94,68887,82.20405727923628,7
0.05,838,93,68980,82.21692491060787,8
0.05,839,94,69074,82.23095238095237,7
0.05,840,94,69168,82.24494649227111,7
0.05,841,92,69260,82.25653206650831,10
0.05,842,95,69355,82.27164887307237,6
0.05,843,92,69447,82.28317535545024,10
0.05,844,96,69543,82.29940828402367,6
0.05,845,92,69635,82.31087470449172,9
0.05,846,94,69729,82.32467532467533,8
0.05,847,95,69824,82.33962264150944,6
0.05,848,96,69920,82.35571260306243,6
0.05,849,96,70016,82.37176470588236,6
0.05,850,94,70110,82.38542890716803,7
0.05,851,94,70204,82.39906103286386,7
0.05,852,94,70298,82.4126611957796,7
0.05,853,94,70392,82.42622950819673,7
0.05,854,96,70488,82.4421052631579,6
0.05,855,94,70582,82.45560747663552,7
0.05,856,95,70677,82.47024504084014,6
0.05,857,23,70700,82.4009324009324,9
0.05,858,96,70796,82.41676367869616,6
0.05,859,20,70816,82.34418604651162,12
0.05,860,92,70908,82.35540069686411,9
0.05,861,94,71002,82.36890951276102,7
0.05,862,93,71095,82.38122827346466,9
0.05,863,92,71187,82.39236111111111,9
0.05,864,96,71283,82.40809248554913,6
0.05,865,93,71376,82.42032332563511,8
0.05,866,95,71471,82.43483275663206,7
0.05,867,93,71564,82.44700460829493,8
0.05,868,93,71657,82.45914844649022,8
0.05,869,26,71683,82.39425287356322,6
0.05,870,94,71777,82.40757749712974,7
0.05,871,96,71873,82.42316513761467,6
0.05,872,95,71968,82.43757159221077,8
0.05,873,25,71993,82.37185354691076,8
0.05,874,94,72087,82.38514285714285,7
0.05,875,88,72175,82.39155251141553,13
0.05,876,94,72269,82.40478905359178,7
0.05,877,95,72364,82.41913439635535,6
0.05,878,87,72451,82.42434584755404,15
0.05,879,92,72543,82.43522727272727,9
0.05,880,94,72637,82.4483541430193,8
0.05,881,94,72731,82.46145124716553,7
0.05,882,92,72823,82.4722536806342,9
0.05,883,86,72909,82.47624434389141,15
0.05,884,94,73003,82.48926553672317,7
0.05,885,93,73096,82.50112866817156,8
0.05,886,92,73188,82.5118376550169,9
0.05,887,96,73284,82.52702702702703,6
0.05,888,95,73379,82.54105736782903,7
0.05,889,95,73474,82.55505617977528,6
0.05,890,93,73567,82.56677890011224,8
0.05,891,95,73662,82.58071748878923,6
0.05,892,96,73758,82.59574468085107,6
0.05,893,-50,73708,82.44742729306488,13
0.05,894,95,73803,82.46145251396648,6
0.05,895,92,73895,82.47209821428571,10
0.05,896,95,73990,82.4860646599777,6
0.05,897,89,74079,82.49331848552339,13
0.05,898,94,74173,82.50611790878754,7
0.05,899,94,74267,82.5188888888889,7
0.05,900,94,74361,82.53163152053274,7
0.05,901,94,74455,82.54434589800444,7
0.05,902,92,74547,82.55481727574751,9
0.05,903,94,74641,82.5674778761062,9
0.05,904,93,74734,82.57900552486188,8
0.05,905,92,74826,82.58940397350993,9
0.05,906,96,74922,82.60418963616317,6
0.05,907,95,75017,82.61784140969164,7
0.05,908,93,75110,82.62926292629263,9
0.05,909,93,75203,82.64065934065934,8
0.05,910,93,75296,82.65203073545554,8
0.05,911,94,75390,82.66447368421052,7
0.05,912,96,75486,82.67907995618839,6
0.05,913,92,75578,82.68927789934355,9
0.05,914,23,75601,82.624043715847,10
0.05,915,96,75697,82.63864628820961,6
0.05,916,19,75716,82.56924754634679,13
0.05,917,94,75810,82.58169934640523,7
0.05,918,93,75903,82.5930359085963,8
0.05,919,25,75928,82.5304347826087,7
0.05,920,94,76022,82.54288816503801,7
0.05,921,95,76117,82.55639913232105,6
0.05,922,94,76211,82.56879739978332,7
0.05,923,96,76307,82.58333333333333,6
0.05,924,19,76326,82.5145945945946,13
0.05,925,92,76418,82.52483801295897,10
0.05,926,96,76514,82.53937432578209,6
0.05,927,89,76603,82.54633620689656,12
0.05,928,95,76698,82.55974165769645,6
0.05,929,95,76793,82.5731182795699,6
0.05,930,92,76885,82.58324382384532,9
0.05,931,93,76978,82.59442060085837,8
0.05,932,94,77072,82.60664523043944,7
0.05,933,94,77166,82.61884368308351,7
0.05,934,96,77262,82.63315508021391,6
0.05,935,93,77355,82.64423076923077,8
0.05,936,94,77449,82.65635005336179,7
0.05,937,95,77544,82.66950959488273,6
0.05,938,90,77634,82.6773162939297,11
0.05,939,96,77730,82.69148936170212,6
0.05,940,95,77825,82.70456960680127,6
0.05,941,94,77919,82.71656050955414,8
0.05,942,94,78013,82.72852598091198,7
0.05,943,94,78107,82.74046610169492,7
0.05,944,95,78202,82.75343915343916,6
0.05,945,92,78294,82.76321353065539,9
0.05,946,95,78389,82.77613516367477,6
0.05,947,94,78483,82.7879746835443,7
0.05,948,95,78578,82.80084299262381,6
0.05,949,94,78672,82.81263157894738,7
0.05,950,92,78764,82.8222923238696,9
0.05,951,92,78856,82.83193277310924,9
0.05,952,91,78947,82.8405036726128,10
0.05,953,92,79039,82.85010482180293,9
0.05,954,23,79062,82.78743455497383,9
0.05,955,93,79155,82.79811715481172,8
0.05,956,93,79248,82.80877742946709,8
0.05,957,96,79344,82.82254697286012,6
0.05,958,92,79436,82.83211678832117,9
0.05,959,95,79531,82.84479166666667,7
0.05,960,22,79553,82.78147762747139,12
0.05,961,94,79647,82.79313929313929,7
0.05,962,94,79741,82.80477673935619,7
0.05,963,93,79834,82.81535269709543,8
0.05,964,94,79928,82.82694300518135,7
0.05,965,95,80023,82.83954451345755,6
0.05,966,94,80117,82.85108583247157,8
0.05,967,93,80210,82.86157024793388,8
0.05,968,94,80304,82.87306501547988,7
0.05,969,95,80399,82.88556701030927,7
0.05,970,93,80492,82.89598352214212,8
0.05,971,96,80588,82.90946502057614,6
0.05,972,90,80678,82.91675231243576,11
0.05,973,90,80768,82.92402464065708,11
0.05,974,92,80860,82.93333333333334,9
0.05,975,94,80954,82.94467213114754,7
0.05,976,92,81046,82.9539406345957,9
0.05,977,92,81138,82.96319018404908,9
0.05,978,96,81234,82.97650663942798,6
0.05,979,93,81327,82.98673469387755,8
0.05,980,94,81421,82.99796126401631,7
0.05,981,94,81515,83.0091649694501,7
0.05,982,95,81610,83.02136317395727,6
0.05,983,15,81625,82.95223577235772,17
0.05,984,93,81718,82.96243654822335,8
0.05,985,92,81810,82.97160243407708,10
0.05,986,94,81904,82.98277608915907,7
0.05,987,96,82000,82.99595141700405,6
0.05,988,95,82095,83.00808897876644,6
0.05,989,90,82185,83.01515151515152,11
0.05,990,89,82274,83.02119071644803,13
0.05,991,94,82368,83.03225806451613,8
0.05,992,92,82460,83.04128902316214,9
0.05,993,91,82551,83.04929577464789,10
0.05,994,91,82642,83.05728643216081,10
0.05,995,92,82734,83.06626506024097,9
0.05,996,91,82825,83.07422266800401,10
0.05,997,95,82920,83.08617234468937,6
0.05,998,93,83013,83.09609609609609,8
0.05,999,94,83107,83.107,7
0.05,1000,93,83200,83.11688311688312,8
0.05,1001,96,83296,83.12974051896208,6
0.05,1002,90,83386,83.13659022931206,15
0.05,1003,92,83478,83.14541832669323,9
0.05,1004,93,83571,83.15522388059702,8
0.05,1005,94,83665,83.16600397614314,8
0.05,1006,92,83757,83.17477656405164,9
0.05,1007,94,83851,83.18551587301587,8
0.05,1008,95,83946,83.197224975223,6
0.05,1009,94,84040,83.20792079207921,10
0.05,1010,94,84134,83.21859545004945,7
0.05,1011,94,84228,83.2292490118577,7
0.05,1012,93,84321,83.23889437314907,8
0.05,1013,94,84415,83.24950690335305,7
0.05,1014,91,84506,83.25714285714285,10
0.05,1015,95,84601,83.26870078740157,6
0.05,1016,93,84694,83.27826941986234,8
0.05,1017,95,84789,83.28978388998036,6
0.05,1018,92,84881,83.29833169774288,9
0.05,1019,90,84971,83.30490196078432,11
0.05,1020,95,85066,83.31635651322233,6
0.05,1021,92,85158,83.32485322896282,9
0.05,1022,94,85252,83.33528836754643,7
0.05,1023,25,85277,83.2783203125,8
0.05,1024,95,85372,83.28975609756098,7
0.05,1025,94,85466,83.30019493177387,7
0.05,1026,95,85561,83.31158714703018,6
0.05,1027,25,85586,83.25486381322958,8
0.05,1028,92,85678,83.26336248785228,9
0.05,1029,94,85772,83.27378640776699,7
0.05,1030,94,85866,83.28419010669253,7
0.05,1031,95,85961,83.29554263565892,6
0.05,1032,94,86055,83.30590513068732,7
0.05,1033,94,86149,83.31624758220502,7
0.05,1034,84,86233,83.31690821256039,17
0.05,1035,94,86327,83.32722007722008,7
0.05,1036,94,86421,83.33751205400193,7
0.05,1037,95,86516,83.34874759152216,6
0.05,1038,94,86610,83.3589990375361,7
0.05,1039,95,86705,83.3701923076923,6
0.05,1040,94,86799,83.38040345821325,9
0.05,1041,95,86894,83.3915547024952,6
0.05,1042,94,86988,83.40172579098754,7
0.05,1043,92,87080,83.40996168582376,10
0.05,1044,95,87175,83.42105263157895,6
0.05,1045,94,87269,83.43116634799235,7
0.05,1046,91,87360,83.43839541547278,12
0.05,1047,96,87456,83.45038167938931,6
0.05,1048,92,87548,83.45853193517635,9
0.05,1049,95,87643,83.4695238095238,6
0.05,1050,94,87737,83.47954329210276,7
0.05,1051,91,87828,83.48669201520913,12
0.05,1052,87,87915,83.4900284900285,14
0.05,1053,94,88009,83.5,7
0.05,1054,96,88105,83.51184834123222,6
0.05,1055,93,88198,83.52083333333333,8
0.05,1056,91,88289,83.5279091769158,10
0.05,1057,94,88383,83.53780718336483,8
0.05,1058,95,88478,83.54863078375826,7
0.05,1059,96,88574,83.56037735849057,6
0.05,1060,94,88668,83.57021677662583,7
0.05,1061,92,88760,83.57815442561206,9
0.05,1062,94,88854,83.58795860771401,7
0.05,1063,95,88949,83.59868421052632,6
0.05,1064,92,89041,83.60657276995305,10
0.05,1065,91,89132,83.61350844277673,12
0.05,1066,95,89227,83.62417994376757,6
0.05,1067,96,89323,83.63576779026218,6
0.05,1068,94,89417,83.64546304957905,7
0.05,1069,94,89511,83.65514018691589,7
0.05,1070,90,89601,83.6610644257703,11
0.05,1071,92,89693,83.66884328358209,9
0.05,1072,93,89786,83.6775396085741,8
0.05,1073,94,89880,83.68715083798882,7
0.05,1074,96,89976,83.6986046511628,6
0.05,1075,93,90069,83.70724907063197,8
0.05,1076,94,90163,83.71680594243269,7
0.05,1077,94,90257,83.72634508348794,7
0.05,1078,94,90351,83.73586654309545,7
0.05,1079,24,90375,83.68055555555556,9
0.05,1080,90,90465,83.686401480111,12
0.05,1081,93,90558,83.69500924214418,8
0.05,1082,94,90652,83.70452446906741,7
0.05,1083,94,90746,83.7140221402214,7
0.05,1084,95,90841,83.72442396313365,6
0.05,1085,94,90935,83.73388581952118,7
0.05,1086,93,91028,83.74241030358786,9
0.05,1087,94,91122,83.75183823529412,7
0.05,1088,95,91217,83.76216712580349,6
0.05,1089,96,91313,83.77339449541284,6
0.05,1090,93,91406,83.78185151237398,8
0.05,1091,94,91500,83.79120879120879,7
0.05,1092,94,91594,83.80054894784996,7
0.05,1093,87,91681,83.8034734917733,14
0.05,1094,91,91772,83.81004566210045,10
0.05,1095,94,91866,83.81934306569343,7
0.05,1096,92,91958,83.82680036463081,11
0.05,1097,21,91979,83.76958105646631,11
0.05,1098,94,92073,83.778889899909,7
0.05,1099,96,92169,83.79,6
0.05,1100,95,92264,83.80018165304269,6
0.05,1101,96,92360,83.81125226860254,6
0.05,1102,95,92455,83.82139619220308,6
0.05,1103,95,92550,83.83152173913044,6
0.05,1104,95,92645,83.84162895927602,6
0.05,1105,91,92736,83.84810126582279,10
0.05,1106,95,92831,83.85817524841914,6
0.05,1107,95,92926,83.86823104693141,6
0.05,1108,96,93022,83.87917042380523,6
0.05,1109,95,93117,83.8891891891892,6
0.05,1110,88,93205,83.8928892889289,13
0.05,1111,96,93301,83.90377697841727,6
0.05,1112,91,93392,83.91015274034142,10
0.05,1113,92,93484,83.91741472172352,10
0.05,1114,89,93573,83.9219730941704,12
0.05,1115,15,93588,83.86021505376344,17
0.05,1116,92,93680,83.86750223813787,9
0.05,1117,92,93772,83.87477638640429,9
0.05,1118,93,93865,83.88293118856122,8
0.05,1119,96,93961,83.89375,6
0.05,1120,95,94056,83.90365744870651,6
0.05,1121,95,94151,83.91354723707664,6
0.05,1122,94,94245,83.92252894033838,8
0.05,1123,94,94339,83.9314946619217,8
0.05,1124,91,94430,83.93777777777778,10
0.05,1125,94,94524,83.94671403197158,7
0.05,1126,95,94619,83.95652173913044,6
0.05,1127,94,94713,83.96542553191489,7
0.05,1128,87,94800,83.96811337466785,14
0.05,1129,95,94895,83.97787610619469,7
0.05,1130,96,94991,83.98850574712644,6
0.05,1131,18,95009,83.93021201413427,14
0.05,1132,94,95103,83.93909973521625,8
0.05,1133,94,95197,83.94797178130511,7
0.05,1134,92,95289,83.95506607929515,9
0.05,1135,92,95381,83.96214788732394,9
0.05,1136,95,95476,83.97185576077396,6
0.05,1137,91,95567,83.9780316344464,10
0.05,1138,95,95662,83.98770851624232,6
0.05,1139,95,95757,83.99736842105263,6
0.05,1140,94,95851,84.00613496932516,7
0.05,1141,93,95944,84.01401050788091,8
0.05,1142,91,96035,84.02012248468941,10
0.05,1143,23,96058,83.96678321678321,9
0.05,1144,95,96153,83.9764192139738,7
0.05,1145,94,96247,83.98516579406632,7
0.05,1146,21,96268,83.93025283347863,11
0.05,1147,96,96364,83.94076655052265,6
0.05,1148,94,96458,83.94952132288947,7
0.05,1149,95,96553,83.95913043478261,6
0.05,1150,94,96647,83.96785403996525,7
0.05,1151,96,96743,83.97829861111111,6
0.05,1152,95,96838,83.98785776235907,6
0.05,1153,94,96932,83.99653379549393,7
0.05,1154,94,97026,84.0051948051948,7
0.05,1155,95,97121,84.01470588235294,6
0.05,1156,96,97217,84.02506482281763,6
0.05,1157,94,97311,84.03367875647669,9
0.05,1158,94,97405,84.04227782571182,7
0.05,1159,94,97499,84.05086206896551,7
0.05,1160,23,97522,83.99827734711455,10
0.05,1161,95,97617,84.00774526678141,6
0.05,1162,92,97709,84.0146173688736,9
0.05,1163,94,97803,84.02319587628865,7
0.05,1164,92,97895,84.03004291845494,9
0.05,1165,96,97991,84.04030874785592,6
0.05,1166,94,98085,84.04884318766067,7
0.05,1167,95,98180,84.0582191780822,8
0.05,1168,92,98272,84.06501283147989,9
0.05,1169,91,98363,84.07094017094018,10
0.05,1170,96,98459,84.08112724167378,6
0.05,1171,94,98553,84.089590443686,7
0.05,1172,94,98647,84.09803921568627,7
0.05,1173,96,98743,84.10817717206133,6
0.05,1174,96,98839,84.11829787234042,6
0.05,1175,20,98859,84.06377551020408,13
0.05,1176,94,98953,84.07221750212405,7
0.05,1177,93,99046,84.07979626485569,8
0.05,1178,90,99136,84.08481764206955,11
0.05,1179,95,99231,84.09406779661018,7
0.05,1180,95,99326,84.10330228619814,6
0.05,1181,93,99419,84.1108291032149,8
0.05,1182,94,99513,84.11918850380388,7
0.05,1183,94,99607,84.12753378378379,8
0.05,1184,95,99702,84.1367088607595,6
0.05,1185,95,99797,84.14586846543001,6
0.05,1186,96,99893,84.1558550968829,6
0.05,1187,95,99988,84.16498316498317,6
0.05,1188,94,100082,84.17325483599663,7
0.05,1189,95,100177,84.18235294117648,6
0.05,1190,93,100270,84.18975650713686,8
0.05,1191,92,100362,84.19630872483222,9
0.05,1192,95,100457,84.20536462699079,6
0.05,1193,94,100551,84.21356783919597,7
0.05,1194,20,100571,84.15983263598326,13
0.05,1195,96,100667,84.16973244147157,6
0.05,1196,94,100761,84.17794486215539,7
0.05,1197,94,100855,84.18614357262103,7
0.05,1198,94,100949,84.19432860717265,7
0.05,1199,93,101042,84.20166666666667,8
0.05,1200,95,101137,84.21065778517902,6
0.05,1201,95,101232,84.21963394342762,6
0.05,1202,93,101325,84.22693266832918,8
0.05,1203,94,101419,84.23504983388705,8
0.05,1204,95,101514,84.24398340248963,6
0.05,1205,94,101608,84.25207296849088,7
0.05,1206,96,101704,84.26180613090307,6
0.05,1207,94,101798,84.26986754966887,7
0.05,1208,92,101890,84.27626137303557,9
0.05,1209,24,101914,84.22644628099174,8
0.05,1210,95,102009,84.23534269199008,6
0.05,1211,94,102103,84.24339933993399,8
0.05,1212,96,102199,84.25309150865623,6
0.05,1213,93,102292,84.26029654036243,8
0.05,1214,91,102383,84.26584362139917,10
0.05,1215,95,102478,84.27467105263158,6
0.05,1216,21,102499,84.22267871815941,11
0.05,1217,93,102592,84.22988505747126,8
0.05,1218,-54,102538,84.11648892534865,18
0.05,1219,93,102631,84.12377049180328,8
0.05,1220,92,102723,84.13022113022113,9
0.05,1221,96,102819,84.13993453355155,6
0.05,1222,94,102913,84.14799672935405,7
0.05,1223,22,102935,84.09722222222223,11
0.05,1224,88,103023,84.1004081632653,13
0.05,1225,94,103117,84.10848287112562,8
0.05,1226,23,103140,84.05867970660147,10
0.05,1227,96,103236,84.06840390879479,6
0.05,1228,94,103330,84.07648494711147,8
0.05,1229,95,103425,84.08536585365853,6
0.05,1230,94,103519,84.09341998375305,7
0.05,1231,95,103614,84.10227272727273,7
0.05,1232,95,103709,84.11111111111111,6
0.05,1233,94,103803,84.11912479740681,7
0.05,1234,94,103897,84.12712550607287,7
0.05,1235,94,103991,84.13511326860842,7
0.05,1236,94,104085,84.14308811641067,7
0.05,1237,95,104180,84.1518578352181,6
0.05,1238,95,104275,84.16061339790153,6
0.05,1239,94,104369,84.16854838709678,7
0.05,1240,96,104465,84.17808219178082,6
0.05,1241,94,104559,84.18599033816425,7
0.05,1242,94,104653,84.19388576025744,9
0.05,1243,93,104746,84.20096463022509,8
0.05,1244,96,104842,84.21044176706827,6
0.05,1245,96,104938,84.2199036918138,6
0.05,1246,94,105032,84.22774659182036,7
0.05,1247,94,105126,84.23557692307692,7
0.05,1248,91,105217,84.24099279423538,11
0.05,1249,23,105240,84.192,9
0.05,1250,96,105336,84.20143884892086,6
0.05,1251,93,105429,84.20846645367412,8
0.05,1252,96,105525,84.21787709497207,6
0.05,1253,95,105620,84.22647527910686,7
0.05,1254,91,105711,84.23187250996016,11
0.05,1255,94,105805,84.23964968152866,7
0.05,1256,94,105899,84.24741447891806,7
0.05,1257,95,105994,84.25596184419715,6
0.05,1258,25,106019,84.208895949166,8
0.05,1259,96,106115,84.21825396825396,6
0.05,1260,95,106210,84.22680412371135,6
0.05,1261,96,106306,84.23613312202852,6
0.05,1262,93,106399,84.243072050673,11
0.05,1263,95,106494,84.25158227848101,6
0.05,1264,91,106585,84.25691699604744,11
0.05,1265,92,106677,84.26303317535545,9
0.05,1266,94,106771,84.2707182320442,7
0.05,1267,95,106866,84.27917981072555,6
0.05,1268,83,106949,84.27817178881008,19
0.05,1269,93,107042,84.28503937007874,8
0.05,1270,95,107137,84.29346970889064,6
0.05,1271,93,107230,84.3003144654088,8
0.05,1272,92,107322,84.30636292223095,9
0.05,1273,94,107416,84.31397174254317,7
0.05,1274,93,107509,84.3207843137255,8
0.05,1275,93,107602,84.32758620689656,8
0.05,1276,95,107697,84.33594361785434,6
0.05,1277,95,107792,84.34428794992175,6
0.05,1278,95,107887,84.3526192337764,7
0.05,1279,93,107980,84.359375,9
0.05,1280,96,108076,84.36846213895394,6
0.05,1281,-51,108025,84.26287051482059,14
0.05,1282,96,108121,84.27201870615744,6
0.05,1283,92,108213,84.27803738317758,9
0.05,1284,94,108307,84.28560311284046,7
0.05,1285,93,108400,84.29237947122861,8
0.05,1286,94,108494,84.2999222999223,7
0.05,1287,23,108517,84.25232919254658,9
0.05,1288,94,108611,84.2598913886734,7
0.05,1289,95,108706,84.26821705426356,6
0.05,1290,93,108799,84.27498063516654,8
0.05,1291,22,108821,84.22678018575851,10
0.05,1292,22,108843,84.17865429234338,10
0.05,1293,96,108939,84.18778979907265,6
0.05,1294,95,109034,84.196138996139,6
0.05,1295,93,109127,84.20293209876543,8
0.05,1296,93,109220,84.20971472629144,9
0.05,1297,94,109314,84.21725731895224,7
0.05,1298,96,109410,84.22632794457274,6
0.05,1299,94,109504,84.23384615384616,7
0.05,1300,94,109598,84.2413528055342,7
0.05,1301,94,109692,84.24884792626727,8
0.05,1302,95,109787,84.25709900230238,7
0.05,1303,94,109881,84.26457055214723,8
0.05,1304,94,109975,84.272030651341,7
0.05,1305,93,110068,84.27871362940276,8
0.05,1306,92,110160,84.28462127008416,13
0.05,1307,25,110185,84.23929663608563,8
0.05,1308,96,110281,84.24828113063407,6
0.05,1309,93,110374,84.25496183206107,8
0.05,1310,21,110395,84.20671243325705,12
0.05,1311,93,110488,84.21341463414635,8
0.05,1312,94,110582,84.22086824067021,7
0.05,1313,93,110675,84.2275494672755,8
0.05,1314,93,110768,84.2342205323194,8
0.05,1315,22,110790,84.18693009118542,10
0.05,1316,93,110883,84.19362186788155,8
0.05,1317,18,110901,84.1433990895296,14
0.05,1318,93,110994,84.15011372251706,8
0.05,1319,94,111088,84.15757575757576,7
0.05,1320,24,111112,84.11203633610901,8
0.05,1321,94,111206,84.1195158850227,7
0.05,1322,95,111301,84.12773998488284,6
0.05,1323,88,111389,84.13066465256797,13
0.05,1324,95,111484,84.1388679245283,6
0.05,1325,94,111578,84.14630467571644,7
0.05,1326,93,111671,84.15297663903542,8
0.05,1327,96,111767,84.16189759036145,6
0.05,1328,94,111861,84.16930022573364,8
0.05,1329,92,111953,84.1751879699248,9
0.05,1330,21,111974,84.12772351615327,11
0.05,1331,94,112068,84.13513513513513,7
0.05,1332,94,112162,84.14253563390848,7
0.05,1333,94,112256,84.14992503748125,7
0.05,1334,94,112350,84.15730337078652,8
0.05,1335,92,112442,84.16317365269461,9
0.05,1336,95,112537,84.1712789827973,6
0.05,1337,94,112631,84.17862481315396,7
0.05,1338,93,112724,84.18521284540702,8
0.05,1339,90,112814,84.18955223880597,12
0.05,1340,93,112907,84.19612229679343,8
0.05,1341,95,113002,84.20417287630403,6
0.05,1342,95,113097,84.21221146686523,7
0.05,1343,94,113191,84.21949404761905,7
0.05,1344,92,113283,84.22527881040892,9
0.05,1345,93,113376,84.23179791976226,8
0.05,1346,94,113470,84.23904974016332,7
0.05,1347,94,113564,84.24629080118694,7
0.05,1348,95,113659,84.25426241660489,7
0.05,1349,25,113684,84.21037037037037,8
0.05,1350,94,113778,84.21761658031087,7
0.05,1351,94,113872,84.22485207100591,7
0.05,1352,94,113966,84.23207686622321,7
0.05,1353,94,114060,84.23929098966026,7
0.05,1354,93,114153,84.24575645756458,8
0.05,1355,89,114242,84.24926253687316,13
0.05,1356,91,114333,84.2542372881356,10
0.05,1357,94,114427,84.26141384388806,8
0.05,1358,96,114523,84.2700515084621,6
0.05,1359,93,114616,84.2764705882353,8
0.05,1360,96,114712,84.28508449669361,6
0.05,1361,94,114806,84.29221732745962,7
0.05,1362,94,114900,84.2993396918562,7
0.05,1363,90,114990,84.30351906158357,11
0.05,1364,95,115085,84.31135531135531,6
0.05,1365,92,115177,84.31698389458272,9
0.05,1366,94,115271,84.32406730065837,8
0.05,1367,91,115362,84.32894736842105,10
0.05,1368,94,115456,84.33601168736304,7
0.05,1369,94,115550,84.34306569343066,7
0.05,1370,92,115642,84.3486506199854,9
0.05,1371,94,115736,84.35568513119533,7
0.05,1372,92,115828,84.36125273124544,10
0.05,1373,94,115922,84.36826783114992,7
0.05,1374,94,116016,84.37527272727273,7
0.05,1375,95,116111,84.38299418604652,6
0.05,1376,92,116203,84.38852578068264,9
0.05,1377,94,116297,84.3955007256894,7
0.05,1378,92,116389,84.4010152284264,9
0.05,1379,93,116482,84.4072463768116,8
0.05,1380,94,116576,84.41419261404779,7
0.05,1381,94,116670,84.42112879884226,7
0.05,1382,91,116761,84.42588575560376,10
0.05,1383,92,116853,84.43135838150289,9
0.05,1384,96,116949,84.43971119133575,6
0.05,1385,92,117041,84.44516594516594,10
0.05,1386,95,117136,84.45277577505408,6
0.05,1387,92,117228,84.45821325648414,10
0.05,1388,95,117323,84.46580273578114,6
0.05,1389,91,117414,84.4705035971223,10
0.05,1390,96,117510,84.47879223580158,6
0.05,1391,94,117604,84.48563218390805,9
0.05,1392,96,117700,84.49389806173726,6
0.05,1393,96,117796,84.50215208034433,6
0.05,1394,94,117890,84.5089605734767,7
0.05,1395,94,117984,84.51575931232092,8
0.05,1396,96,118080,84.52397995705083,6
0.05,1397,94,118174,84.5307582260372,7
0.05,1398,94,118268,84.53752680486062,7
0.05,1399,94,118362,84.54428571428572,7
0.05,1400,91,118453,84.54889364739472,10
0.05,1401,93,118546,84.55492154065621,8
0.05,1402,94,118640,84.56165359942979,7
0.05,1403,93,118733,84.56766381766381,8
0.05,1404,93,118826,84.57366548042705,8
0.05,1405,94,118920,84.58036984352773,8
0.05,1406,94,119014,84.58706467661692,7
0.05,1407,23,119037,84.54332386363636,10
0.05,1408,92,119129,84.5486160397445,10
0.05,1409,95,119224,84.55602836879433,6
0.05,1410,94,119318,84.56272147413182,7
0.05,1411,95,119413,84.5701133144476,8
0.05,1412,94,119507,84.57678697806087,7
0.05,1413,92,119599,84.58203677510608,9
0.05,1414,95,119694,84.58939929328622,7
0.05,1415,23,119717,84.54590395480226,10
0.05,1416,93,119810,84.55187014820042,8
0.05,1417,96,119906,84.55994358251058,6
0.05,1418,95,120001,84.56730091613812,6
0.05,1419,95,120096,84.57464788732395,7
0.05,1420,94,120190,84.58128078817734,7
0.05,1421,94,120284,84.58790436005626,7
0.05,1422,95,120379,84.59522136331694,6
0.05,1423,93,120472,84.60112359550561,9
0.05,1424,90,120562,84.60491228070175,11
0.05,1425,91,120653,84.60939691444601,10
0.05,1426,94,120747,84.61597757533286,8
0.05,1427,95,120842,84.62324929971989,6
0.05,1428,94,120936,84.629811056683,7
0.05,1429,92,121028,84.63496503496503,9
0.05,1430,96,121124,84.6429070580014,6
0.05,1431,23,121147,84.59986033519553,9
0.05,1432,96,121243,84.60781577110956,6
0.05,1433,94,121337,84.61436541143654,7
0.05,1434,13,121350,84.56445993031359,19
0.05,1435,95,121445,84.57172701949861,7
0.05,1436,95,121540,84.57898399443285,6
0.05,1437,94,121634,84.58553546592489,7
0.05,1438,94,121728,84.59207783182765,7
0.05,1439,95,121823,84.59930555555556,6
0.05,1440,94,121917,84.6058292852186,7
0.05,1441,93,122010,84.6116504854369,8
0.05,1442,94,122104,84.61815661815662,7
0.05,1443,92,122196,84.62326869806094,9
0.05,1444,94,122290,84.62975778546713,7
0.05,1445,96,122386,84.63762102351313,6
0.05,1446,96,122482,84.64547339322736,6
0.05,1447,93,122575,84.65124309392266,8
0.05,1448,92,122667,84.65631469979296,9
0.05,1449,89,122756,84.65931034482759,13
0.05,1450,95,122851,84.66643694004135,7
0.05,1451,96,122947,84.67424242424242,6
0.05,1452,95,123042,84.68134893324157,6
0.05,1453,22,123064,84.6382393397524,10
0.05,1454,94,123158,84.6446735395189,8
0.05,1455,96,123254,84.65247252747253,6
0.05,1456,94,123348,84.6588881262869,7
0.05,1457,92,123440,84.6639231824417,9
0.05,1458,94,123534,84.670322138451,7
0.05,1459,94,123628,84.67671232876712,7
0.05,1460,11,123639,84.62628336755647,22
0.05,1461,96,123735,84.63406292749659,6
0.05,1462,96,123831,84.64183185235817,6
0.05,1463,88,123919,84.64412568306011,14
0.05,1464,94,124013,84.6505119453925,7
0.05,1465,93,124106,84.65620736698499,8
0.05,1466,95,124201,84.66325835037492,7
0.05,1467,96,124297,84.67098092643052,6
0.05,1468,92,124389,84.67597004765146,9
0.05,1469,88,124477,84.67823129251701,13
0.05,1470,93,124570,84.68388851121686,8
0.05,1471,94,124664,84.69021739130434,7
0.05,1472,95,124759,84.69721656483367,7
0.05,1473,20,124779,84.65332428765265,14
0.05,1474,94,124873,84.65966101694916,7
0.05,1475,93,124966,84.66531165311653,8
0.05,1476,95,125061,84.6723087339201,6
0.05,1477,93,125154,84.67794316644114,8
0.05,1478,94,125248,84.684246112238,7
0.05,1479,95,125343,84.69121621621622,7
0.05,1480,92,125435,84.69615124915597,9
0.05,1481,95,125530,84.70310391363023,7
0.05,1482,93,125623,84.70869858395145,8
0.05,1483,25,125648,84.66846361185983,8
0.05,1484,94,125742,84.67474747474748,7
0.05,1485,96,125838,84.68236877523553,6
0.05,1486,92,125930,84.68728984532616,9
0.05,1487,95,126025,84.69422043010752,6
0.05,1488,94,126119,84.70047011417059,8
0.05,1489,93,126212,84.70604026845638,8
0.05,1490,95,126307,84.71294433266264,6
0.05,1491,93,126400,84.71849865951742,9
0.05,1492,96,126496,84.72605492297387,6
0.05,1493,93,126589,84.73159303882196,8
0.05,1494,96,126685,84.73913043478261,6
0.05,1495,94,126779,84.74532085561498,7
0.05,1496,95,126874,84.75217100868403,6
0.05,1497,23,126897,84.7109479305741,10
0.05,1498,95,126992,84.71781187458305,8
0.05,1499,93,127085,84.72333333333333,9
0.05,1500,92,127177,84.72818121252499,9
0.05,1501,94,127271,84.73435419440746,8
0.05,1502,94,127365,84.74051896207585,8
0.05,1503,94,127459,84.74667553191489,7
0.05,1504,96,127555,84.75415282392026,6
0.05,1505,94,127649,84.76029216467464,7
0.05,1506,94,127743,84.76642335766424,7
0.05,1507,96,127839,84.7738726790451,6
0.05,1508,95,127934,84.78064943671305,7
0.05,1509,96,128030,84.78807947019868,6
0.05,1510,94,128124,84.79417604235606,9
0.05,1511,93,128217,84.79960317460318,8
0.05,1512,91,128308,84.80370125578321,10
0.05,1513,94,128402,84.8097754293263,7
0.05,1514,94,128496,84.81584158415842,8
0.05,1515,95,128591,84.82255936675462,6
0.05,1516,95,128686,84.82926829268293,6
0.05,1517,23,128709,84.78853754940711,9
0.05,1518,96,128805,84.79591836734694,6
0.05,1519,92,128897,84.80065789473684,9
0.05,1520,92,128989,84.80539119000657,10
0.05,1521,93,129082,84.8107752956636,8
0.05,1522,96,129178,84.81812212738016,6
0.05,1523,94,129272,84.8241469816273,8
0.05,1524,94,129366,84.83016393442622,7
0.05,1525,21,129387,84.78833551769331,11
0.05,1526,95,129482,84.79502292075966,6
0.05,1527,96,129578,84.80235602094241,6
0.05,1528,95,129673,84.80902550686723,6
0.05,1529,92,129765,84.81372549019608,9
0.05,1530,94,129859,84.81972566949706,7
0.05,1531,94,129953,84.8257180156658,10
0.05,1532,96,130049,84.83300717547293,6
0.05,1533,94,130143,84.83898305084746,7
0.05,1534,95,130238,84.84560260586319,6
0.05,1535,94,130332,84.8515625,7
0.05,1536,86,130418,84.8523096942095,15
0.05,1537,91,130509,84.85630689206762,10
0.05,1538,93,130602,84.8615984405458,8
0.05,1539,93,130695,84.86688311688312,8
0.05,1540,96,130791,84.87410772225827,6
0.05,1541,96,130887,84.88132295719845,6
0.05,1542,96,130983,84.88852883992223,6
0.05,1543,93,131076,84.89378238341969,8
0.05,1544,95,131171,84.90032362459547,6
0.05,1545,90,131261,84.90362225097024,11
0.05,1546,94,131355,84.90950226244344,8
0.05,1547,89,131444,84.91214470284238,13
0.05,1548,-47,131397,84.82698515171079,10
0.05,1549,89,131486,84.82967741935484,12
0.05,1550,87,131573,84.83107672469374,14
0.05,1551,95,131668,84.83762886597938,7
0.05,1552,94,131762,84.84352865421765,7
0.05,1553,95,131857,84.85006435006434,6
0.05,1554,91,131948,84.8540192926045,11
0.05,1555,95,132043,84.86053984575835,6
0.05,1556,94,132137,84.86640976236352,7
0.05,1557,23,132160,84.82670089858793,9
0.05,1558,94,132254,84.83258499037845,8
0.05,1559,92,132346,84.83717948717948,9
0.05,1560,96,132442,84.84433055733504,6
0.05,1561,96,132538,84.85147247119077,7
0.05,1562,94,132632,84.85732565579015,7
0.05,1563,92,132724,84.86189258312021,9
0.05,1564,95,132819,84.86837060702875,6
0.05,1565,94,132913,84.87420178799489,7
0.05,1566,96,133009,84.88130185067007,6
0.05,1567,94,133103,84.88711734693878,7
0.05,1568,93,133196,84.89228808158063,8
0.05,1569,96,133292,84.89936305732483,6
0.05,1570,94,133386,84.90515595162317,7
0.05,1571,96,133482,84.91221374045801,6
0.05,1572,95,133577,84.91862682771773,6
0.05,1573,94,133671,84.92439644218551,7
0.05,1574,94,133765,84.93015873015872,7
0.05,1575,94,133859,84.93591370558376,7
0.05,1576,96,133955,84.9429296131896,6
0.05,1577,93,134048,84.94803548795944,8
0.05,1578,95,134143,84.95440151994933,6
0.05,1579,94,134237,84.96012658227848,7
0.05,1580,96,134333,84.96710942441493,6
0.05,1581,88,134421,84.96902654867256,13
0.05,1582,22,134443,84.92924826279217,10
0.05,1583,94,134537,84.93497474747475,7
0.05,1584,94,134631,84.94069400630914,7
0.05,1585,22,134653,84.90100882723833,11
0.05,1586,94,134747,84.9067422810334,8
0.05,1587,95,134842,84.91309823677582,6
0.05,1588,96,134938,84.92007551919446,6
0.05,1589,94,135032,84.92578616352202,8
0.05,1590,95,135127,84.93211816467631,6
0.05,1591,94,135221,84.93781407035176,7
0.05,1592,93,135314,84.9428750784683,9
0.05,1593,93,135407,84.94792973651192,9
0.05,1594,94,135501,84.95360501567399,7
0.05,1595,94,135595,84.95927318295739,8
0.05,1596,95,135690,84.96556042579837,6
0.05,1597,94,135784,84.9712140175219,7
0.05,1598,92,135876,84.97560975609755,9
0.05,1599,94,135970,84.98125,7
0.05,1600,25,135995,84.94378513429106,8
0.05,1601,93,136088,84.94881398252184,8
0.05,1602,94,136182,84.9544603867748,9
0.05,1603,92,136274,84.95885286783043,10
0.05,1604,91,136365,84.96261682242991,10
0.05,1605,93,136458,84.96762141967622,10
0.05,1606,92,136550,84.97199751088986,9
0.05,1607,95,136645,84.97823383084577,7
0.05,1608,94,136739,84.98384089496582,7
0.05,1609,90,136829,84.98695652173913,11
0.05,1610,95,136924,84.99317194289262,6
0.05,1611,25,136949,84.95595533498759,8
0.05,1612,95,137044,84.96218226906386,6
0.05,1613,96,137140,84.96902106567534,6
0.05,1614,90,137230,84.97213622291022,11
0.05,1615,94,137324,84.97772277227723,8
0.05,1616,96,137420,84.98453927025355,6
0.05,1617,93,137513,84.98949320148331,8
0.05,1618,92,137605,84.99382334774552,9
0.05,1619,24,137629,84.95617283950617,8
0.05,1620,95,137724,84.96236890808143,6
0.05,1621,23,137747,84.92416769420468,9
0.05,1622,91,137838,84.9279112754159,10
0.05,1623,96,137934,84.9347290640394,6
0.05,1624,95,138029,84.94092307692307,6
0.05,1625,96,138125,84.94772447724478,6
0.05,1626,94,138219,84.95328826060233,7
0.05,1627,95,138314,84.95945945945945,6
0.05,1628,95,138409,84.96562308164518,6
0.05,1629,23,138432,84.9276073619632,10
0.05,1630,93,138525,84.9325567136726,8
0.05,1631,93,138618,84.9375,10
0.05,1632,94,138712,84.94304960195959,7
0.05,1633,94,138806,84.9485924112607,7
0.05,1634,87,138893,84.94984709480123,15
0.05,1635,96,138989,84.95660146699267,6
0.05,1636,94,139083,84.96212583995113,7
0.05,1637,95,139178,84.96825396825396,6
0.05,1638,94,139272,84.97376449054302,7
0.05,1639,92,139364,84.97804878048781,10
0.05,1640,94,139458,84.9835466179159,7
0.05,1641,90,139548,84.98660170523752,11
0.05,1642,94,139642,84.99208764455265,7
0.05,1643,95,139737,84.99817518248175,6
0.05,1644,94,139831,85.00364741641337,7
0.05,1645,94,139925,85.00911300121507,7
0.05,1646,95,140020,85.01517911353977,6
0.05,1647,92,140112,85.01941747572816,9
0.05,1648,23,140135,84.98180715585202,9
0.05,1649,93,140228,84.98666666666666,8
0.05,1650,94,140322,84.99212598425197,7
0.05,1651,95,140417,84.99818401937046,6
0.05,1652,92,140509,85.00241984271022,9
0.05,1653,19,140528,84.96251511487303,13
0.05,1654,90,140618,84.96555891238671,11
0.05,1655,94,140712,84.97101449275362,7
0.05,1656,95,140807,84.9770669885335,6
0.05,1657,94,140901,84.98250904704463,7
0.05,1658,91,140992,84.98613622664256,10
0.05,1659,94,141086,84.99156626506024,8
0.05,1660,92,141178,84.99578567128236,9
0.05,1661,93,141271,85.00060168471721,8
0.05,1662,94,141365,85.00601322910403,7
0.05,1663,91,141456,85.00961538461539,10
0.05,1664,93,141549,85.01441441441442,8
0.05,1665,94,141643,85.01980792316927,7
0.05,1666,96,141739,85.0263947210558,6
0.05,1667,93,141832,85.03117505995203,8
0.05,1668,94,141926,85.03654883163571,7
0.05,1669,94,142020,85.04191616766467,7
0.05,1670,96,142116,85.04847396768402,6
0.05,1671,93,142209,85.05322966507177,8
0.05,1672,96,142305,85.05977286312014,6
0.05,1673,95,142400,85.06571087216248,7
0.05,1674,94,142494,85.07104477611941,8
0.05,1675,94,142588,85.0763723150358,7
0.05,1676,94,142682,85.08169350029816,7
0.05,1677,95,142777,85.08760429082241,6
0.05,1678,92,142869,85.09172126265635,9
0.05,1679,94,142963,85.0970238095238,8
0.05,1680,94,143057,85.10232004759072,8
0.05,1681,95,143152,85.10820451843044,6
0.05,1682,94,143246,85.11348781937018,8
0.05,1683,94,143340,85.1187648456057,7
0.05,1684,96,143436,85.12522255192879,6
0.05,1685,23,143459,85.08837485172005,9
0.05,1686,96,143555,85.09484291641968,6
0.05,1687,24,143579,85.05864928909952,9
0.05,1688,93,143672,85.06335109532267,8
0.05,1689,91,143763,85.06686390532545,10
0.05,1690,95,143858,85.07273802483738,6
0.05,1691,90,143948,85.07565011820331,11
0.05,1692,93,144041,85.08033077377436,8
0.05,1693,93,144134,85.08500590318772,8
0.05,1694,96,144230,85.09144542772862,6
0.05,1695,93,144323,85.09610849056604,8
0.05,1696,96,144419,85.10253388332352,7
0.05,1697,94,144513,85.10777385159011,7
0.05,1698,94,144607,85.11300765155974,7
0.05,1699,95,144702,85.11882352941177,6
0.05,1700,96,144798,85.1252204585538,6
0.05,1701,94,144892,85.1304347826087,7
0.05,1702,95,144987,85.13623018203171,6
0.05,1703,92,145079,85.14025821596245,9
0.05,1704,92,145171,85.14428152492668,10
0.05,1705,95,145266,85.15005861664713,6
0.05,1706,93,145359,85.15465729349737,8
0.05,1707,94,145453,85.15983606557377,7
0.05,1708,94,145547,85.16500877706261,7
0.05,1709,94,145641,85.17017543859649,8
0.05,1710,95,145736,85.17592051431912,6
0.05,1711,87,145823,85.1769859813084,14
0.05,1712,94,145917,85.18213660245183,7
0.05,1713,93,146010,85.18669778296383,8
0.05,1714,94,146104,85.19183673469388,7
0.05,1715,90,146194,85.1946386946387,11
0.05,1716,92,146286,85.19860221316249,9
0.05,1717,93,146379,85.20314318975554,8
0.05,1718,93,146472,85.20767888307155,8
0.05,1719,96,146568,85.2139534883721,6
0.05,1720,94,146662,85.21905868681,7
0.05,1721,92,146754,85.22299651567944,9
0.05,1722,90,146844,85.22576900754498,11
0.05,1723,92,146936,85.22969837587007,9
0.05,1724,94,147030,85.23478260869565,7
0.05,1725,94,147124,85.2398609501738,7
0.05,1726,92,147216,85.24377533294731,9
0.05,1727,93,147309,85.24826388888889,8
0.05,1728,89,147398,85.25043377674956,12
0.05,1729,92,147490,85.25433526011561,9
0.05,1730,95,147585,85.25996533795494,6
0.05,1731,95,147680,85.26558891454965,6
0.05,1732,93,147773,85.27005193306405,8
0.05,1733,96,147869,85.2762399077278,6
0.05,1734,91,147960,85.27953890489914,10
0.05,1735,94,148054,85.28456221198157,7
0.05,1736,96,148150,85.29073114565342,6
0.05,1737,92,148242,85.2945914844649,9
0.05,1738,96,148338,85.30074755606671,6
0.05,1739,91,148429,85.30402298850575,10
0.05,1740,91,148520,85.30729465824238,11
0.05,1741,94,148614,85.31228473019517,7
0.05,1742,94,148708,85.31726907630522,7
0.05,1743,94,148802,85.32224770642202,7
0.05,1744,96,148898,85.32836676217765,6
0.05,1745,23,148921,85.29266895761741,10
0.05,1746,93,149014,85.2970807097882,8
0.05,1747,92,149106,85.30091533180779,10
0.05,1748,96,149202,85.30703259005146,6
0.05,1749,16,149218,85.26742857142857,16
0.05,1750,95,149313,85.27298686464877,6
0.05,1751,94,149407,85.27796803652969,7
0.05,1752,94,149501,85.28294352538505,7
0.05,1753,91,149592,85.28620296465222,11
0.05,1754,96,149688,85.29230769230769,6
0.05,1755,90,149778,85.29498861047836,11
0.05,1756,96,149874,85.3010813887308,6
0.05,1757,93,149967,85.30546075085324,8
0.05,1758,94,150061,85.31040363843093,7
0.05,1759,94,150155,85.3153409090909,7
0.05,1760,95,150250,85.32084043157298,6
0.05,1761,94,150344,85.32576617480136,7
0.05,1762,94,150438,85.33068633011912,7
0.05,1763,96,150534,85.33673469387755,6
0.05,1764,91,150625,85.33994334277621,10
0.05,1765,92,150717,85.34371460928652,9
0.05,1766,95,150812,85.34917940011319,8
0.05,1767,95,150907,85.35463800904978,6
0.05,1768,24,150931,85.31995477671,10
0.05,1769,94,151025,85.32485875706215,7
0.05,1770,94,151119,85.32975719932242,7
0.05,1771,94,151213,85.33465011286681,7
0.05,1772,94,151307,85.3395375070502,7
0.05,1773,96,151403,85.34554678692221,6
0.05,1774,88,151491,85.34704225352112,13
0.05,1775,93,151584,85.35135135135135,9
0.05,1776,22,151606,85.31570061902082,10
0.05,1777,95,151701,85.32114735658043,6
0.05,1778,92,151793,85.32490163012929,10
0.05,1779,92,151885,85.32865168539325,9
0.05,1780,91,151976,85.33183604716451,10
0.05,1781,94,152070,85.33670033670033,7
0.05,1782,92,152162,85.34043746494672,9
0.05,1783,95,152257,85.34585201793722,6
0.05,1784,95,152352,85.35126050420168,6
0.05,1785,94,152446,85.35610302351624,7
0.05,1786,93,152539,85.36038052602126,9
0.05,1787,96,152635,85.36633109619687,6
0.05,1788,92,152727,85.37003912800448,9
0.05,1789,91,152818,85.3731843575419,10
0.05,1790,93,152911,85.37744276940256,8
0.05,1791,22,152933,85.34207589285714,11
0.05,1792,24,152957,85.30786391522588,10
0.05,1793,96,153053,85.31382385730211,6
0.05,1794,92,153145,85.3175487465181,9
0.05,1795,92,153237,85.32126948775056,12
0.05,1796,93,153330,85.32554257095158,8
0.05,1797,22,153352,85.29032258064517,10
0.05,1798,22,153374,85.25514174541412,10
0.05,1799,94,153468,85.26,8
0.05,1800,25,153493,85.22654081066075,7
0.05,1801,89,153582,85.22863485016649,12
0.05,1802,94,153676,85.23349972268441,7
0.05,1803,95,153771,85.23891352549889,6
0.05,1804,92,153863,85.2426592797784,10
0.05,1805,92,153955,85.24640088593577,9
0.05,1806,93,154048,85.25069175428888,8
0.05,1807,94,154142,85.25553097345133,9
0.05,1808,-48,154094,85.18186843559978,11
0.05,1809,91,154185,85.18508287292818,10
0.05,1810,95,154280,85.19050248481501,7
0.05,1811,96,154376,85.19646799116998,6
0.05,1812,94,154470,85.20132377275235,7
0.05,1813,90,154560,85.20396912899669,11
0.05,1814,93,154653,85.20826446280992,8
0.05,1815,23,154676,85.17400881057269,9
0.05,1816,94,154770,85.178866263071,7
0.05,1817,93,154863,85.18316831683168,8
0.05,1818,96,154959,85.18911489829577,6
0.05,1819,96,155055,85.19505494505495,6
0.05,1820,94,155149,85.19989017023613,7
0.05,1821,95,155244,85.205268935236,6
0.05,1822,94,155338,85.21009325287987,8
0.05,1823,95,155433,85.2154605263158,6
0.05,1824,95,155528,85.22082191780822,6
0.05,1825,92,155620,85.22453450164294,9
0.05,1826,92,155712,85.22824302134647,9
0.05,1827,95,155807,85.2335886214442,7
0.05,1828,95,155902,85.23892837616184,8
0.05,1829,93,155995,85.2431693989071,8
0.05,1830,94,156089,85.24795193883124,8
0.05,1831,96,156185,85.25382096069869,6
0.05,1832,94,156279,85.25859247135843,7
0.05,1833,95,156374,85.2639040348964,6
0.05,1834,93,156467,85.26811989100817,8
0.05,1835,94,156561,85.27287581699346,7
0.05,1836,93,156654,85.27708219923788,9
0.05,1837,93,156747,85.28128400435256,10
0.05,1838,92,156839,85.28493746601414,9
0.05,1839,92,156931,85.28858695652174,9
0.05,1840,94,157025,85.29331884845193,7
0.05,1841,93,157118,85.29750271444082,8
0.05,1842,94,157212,85.30222463374932,7
0.05,1843,96,157308,85.30802603036877,6
0.05,1844,88,157396,85.30948509485094,13
0.05,1845,96,157492,85.31527627302275,6
0.05,1846,24,157516,85.28207904710341,8
0.05,1847,94,157610,85.28679653679653,7
0.05,1848,25,157635,85.25419145484045,7
0.05,1849,94,157729,85.25891891891892,7
0.05,1850,95,157824,85.26418152350081,6
0.05,1851,94,157918,85.26889848812095,7
0.05,1852,94,158012,85.27361036157582,7
0.05,1853,91,158103,85.27669902912622,10
0.05,1854,93,158196,85.28086253369273,8
0.05,1855,93,158289,85.28502155172414,8
0.05,1856,94,158383,85.28971459343026,8
0.05,1857,89,158472,85.29171151776103,13
0.05,1858,94,158566,85.29639591178052,7
0.05,1859,95,158661,85.3016129032258,6
0.05,1860,93,158754,85.30574959699086,8
0.05,1861,25,158779,85.2733619763695,8
0.05,1862,95,158874,85.27858293075684,6
0.05,1863,95,158969,85.2837982832618,6
0.05,1864,93,159062,85.28793565683647,8
0.05,1865,96,159158,85.29367631296891,6
0.05,1866,92,159250,85.2972683449384,9
0.05,1867,92,159342,85.30085653104925,9
0.05,1868,94,159436,85.30551096843232,7
0.05,1869,91,159527,85.30855614973262,10
0.05,1870,21,159548,85.27418492784606,11
0.05,1871,95,159643,85.27938034188034,6
0.05,1872,91,159734,85.28243459690336,13
0.05,1873,93,159827,85.28655282817503,8
0.05,1874,96,159923,85.29226666666666,6
0.05,1875,95,160018,85.29744136460555,6
0.05,1876,94,160112,85.30207778369738,7
0.05,1877,23,160135,85.26890308839191,9
0.05,1878,94,160229,85.2735497605109,7
0.05,1879,93,160322,85.27765957446809,8
0.05,1880,95,160417,85.28282828282828,6
0.05,1881,94,160511,85.2874601487779,7
0.05,1882,93,160604,85.29155602761551,8
0.05,1883,95,160699,85.29670912951168,6
0.05,1884,93,160792,85.30079575596817,8
0.05,1885,93,160885,85.3048780487805,8
0.05,1886,23,160908,85.27186009538951,9
0.05,1887,91,160999,85.27489406779661,10
0.05,1888,96,161095,85.28057173107464,6
0.05,1889,93,161188,85.28465608465608,10
0.05,1890,91,161279,85.2876784769963,11
0.05,1891,93,161372,85.29175475687103,8
0.05,1892,91,161463,85.29477020602219,10
0.05,1893,95,161558,85.29989440337908,6
0.05,1894,94,161652,85.30448548812664,7
0.05,1895,91,161743,85.3074894514768,10
0.05,1896,89,161832,85.30943595150237,12
0.05,1897,89,161921,85.3113804004215,13
0.05,1898,95,162016,85.31648235913639,6
0.05,1899,95,162111,85.32157894736842,6
0.05,1900,92,162203,85.32509205681221,10
0.05,1901,94,162297,85.32965299684543,7
0.05,1902,22,162319,85.29637414608513,10
0.05,1903,93,162412,85.30042016806723,8
0.05,1904,22,162434,85.26719160104987,10
0.05,1905,93,162527,85.27124868835257,8
0.05,1906,95,162622,85.27635028841112,6
0.05,1907,25,162647,85.24475890985325,8
0.05,1908,95,162742,85.24986904138292,6
0.05,1909,94,162836,85.25445026178011,7
0.05,1910,91,162927,85.2574568288854,10
0.05,1911,94,163021,85.26202928870293,7
0.05,1912,94,163115,85.2665969681129,7
0.05,1913,22,163137,85.23354231974922,10
0.05,1914,95,163232,85.23864229765013,6
0.05,1915,25,163257,85.2072025052192,7
0.05,1916,91,163348,85.21022430881585,10
0.05,1917,92,163440,85.21376433785193,9
0.05,1918,95,163535,85.21886399166232,6
0.05,1919,92,163627,85.22239583333334,9
0.05,1920,94,163721,85.22696512233212,7
0.05,1921,95,163816,85.23204994797086,6
0.05,1922,92,163908,85.2355694227769,9
0.05,1923,23,163931,85.20322245322245,9
0.05,1924,91,164022,85.20623376623377,10
0.05,1925,92,164114,85.2097611630322,9
0.05,1926,92,164206,85.21328489880644,10
0.05,1927,95,164301,85.21836099585062,6
0.05,1928,95,164396,85.22343182996372,6
0.05,1929,89,164485,85.22538860103627,12
0.05,1930,92,164577,85.2288969445883,9
0.05,1931,95,164672,85.23395445134575,6
0.05,1932,92,164764,85.23745473357475,11
0.05,1933,95,164859,85.2425025853154,6
0.05,1934,94,164953,85.2470284237726,7
0.05,1935,23,164976,85.21487603305785,9
0.05,1936,92,165068,85.21837893649975,9
0.05,1937,94,165162,85.22291021671826,7
0.05,1938,94,165256,85.2274368231047,8
0.05,1939,93,165349,85.23144329896907,8
0.05,1940,94,165443,85.2359608449253,8
0.05,1941,94,165537,85.24047373841401,7
0.05,1942,92,165629,85.24395265054041,9
0.05,1943,94,165723,85.24845679012346,7
0.05,1944,96,165819,85.25398457583547,7
0.05,1945,96,165915,85.25950668037,6
0.05,1946,94,166009,85.26399589111453,7
0.05,1947,92,166101,85.26745379876797,10
0.05,1948,92,166193,85.27090815802975,9
0.05,1949,92,166285,85.27435897435898,9
0.05,1950,93,166378,85.27831881086622,8
0.05,1951,95,166473,85.28329918032787,6
0.05,1952,92,166565,85.28673835125448,9
0.05,1953,92,166657,85.29017400204708,9
0.05,1954,92,166749,85.29360613810742,9
0.05,1955,92,166841,85.29703476482618,13
0.05,1956,94,166935,85.30148185998978,7
0.05,1957,95,167030,85.30643513789582,6
0.05,1958,90,167120,85.30883103624298,11
0.05,1959,91,167211,85.31173469387755,10
0.05,1960,94,167305,85.3161652218256,8
0.05,1961,93,167398,85.32008154943935,9
0.05,1962,93,167491,85.3239938869078,8
0.05,1963,23,167514,85.29226069246435,9
0.05,1964,94,167608,85.29669211195929,7
0.05,1965,95,167703,85.30162767039674,6
0.05,1966,17,167720,85.26690391459074,16
0.05,1967,94,167814,85.27134146341463,7
0.05,1968,95,167909,85.27628237684104,6
0.05,1969,94,168003,85.28071065989847,7
0.05,1970,94,168097,85.28513444951801,7
0.05,1971,23,168120,85.25354969574036,9
0.05,1972,96,168216,85.25899645210339,6
0.05,1973,90,168306,85.26139817629179,11
0.05,1974,95,168401,85.26632911392404,6
0.05,1975,96,168497,85.27176113360323,6
0.05,1976,25,168522,85.2412746585736,8
0.05,1977,94,168616,85.24570273003033,7
0.05,1978,93,168709,85.24962102071754,8
0.05,1979,95,168804,85.25454545454545,6
0.05,1980,25,168829,85.2241292276628,8
0.05,1981,92,168921,85.22754793138245,10
0.05,1982,95,169016,85.23247604639435,6
0.05,1983,24,169040,85.20161290322581,8
0.05,1984,96,169136,85.20705289672544,6
0.05,1985,94,169230,85.21148036253777,7
0.05,1986,25,169255,85.18117765475591,7
0.05,1987,94,169349,85.18561368209255,7
0.05,1988,92,169441,85.18903971845148,9
0.05,1989,92,169533,85.19246231155779,9
0.05,1990,96,169629,85.19789050728278,6
0.05,1991,94,169723,85.2023092369478,7
0.05,1992,94,169817,85.20672353236327,7
0.05,1993,92,169909,85.21013039117352,9
0.05,1994,94,170003,85.21453634085213,7
0.05,1995,96,170099,85.21993987975952,6
0.05,1996,94,170193,85.22433650475713,8
0.05,1997,91,170284,85.22722722722723,10
0.05,1998,95,170379,85.23211605802902,7
0.05,1999,94,170473,85.2365,7
0.05,2000,96,170569,85.24187906046977,6
0.05,2001,96,170665,85.24725274725274,6
0.05,2002,92,170757,85.25062406390414,9
0.05,2003,92,170849,85.25399201596807,9
0.05,2004,95,170944,85.25885286783043,6
0.05,2005,95,171039,85.26370887337985,6
0.05,2006,92,171131,85.26706527154958,9
0.05,2007,94,171225,85.27141434262948,7
0.05,2008,94,171319,85.27575908412145,8
0.05,2009,93,171412,85.27960199004976,8
0.05,2010,94,171506,85.28393833913476,8
0.05,2011,94,171600,85.2882703777336,8
0.05,2012,95,171695,85.29309488325882,6
0.05,2013,95,171790,85.29791459781529,6
0.05,2014,93,171883,85.30173697270472,8
0.05,2015,92,171975,85.30505952380952,9
0.05,2016,96,172071,85.31036192364898,6
0.05,2017,92,172163,85.31367690782953,9
0.05,2018,93,172256,85.31748390292223,8
0.05,2019,93,172349,85.32128712871287,8
0.05,2020,95,172444,85.32607619990104,6
0.05,2021,95,172539,85.33086053412462,6
0.05,2022,94,172633,85.33514582303509,8
0.05,2023,94,172727,85.33942687747036,7
0.05,2024,94,172821,85.34370370370371,7
0.05,2025,95,172916,85.34846989141165,6
0.05,2026,94,173010,85.35273803650715,7
0.05,2027,96,173106,85.35798816568047,6
0.05,2028,25,173131,85.32824051256777,7
0.05,2029,96,173227,85.33349753694581,6
0.05,2030,96,173323,85.33874938453964,6
0.05,2031,93,173416,85.34251968503936,8
0.05,2032,96,173512,85.34776192818495,6
0.05,2033,-51,173461,85.28072763028516,14
0.05,2034,89,173550,85.28255528255528,12
0.05,2035,95,173645,85.28732809430255,6
0.05,2036,96,173741,85.29258713794796,6
0.05,2037,93,173834,85.2963689892051,8
0.05,2038,96,173930,85.30161844041197,6
0.05,2039,93,174023,85.30539215686275,8
0.05,2040,94,174117,85.30965213130818,8
0.05,2041,-52,174065,85.24240940254653,15
0.05,2042,94,174159,85.2466960352423,7
0.05,2043,93,174252,85.25048923679061,8
0.05,2044,93,174345,85.25427872860635,8
0.05,2045,94,174439,85.25855327468231,7
0.05,2046,95,174534,85.26331216414265,6
0.05,2047,94,174628,85.267578125,7
0.05,2048,95,174723,85.2723279648609,6
0.05,2049,92,174815,85.27560975609757,9
0.05,2050,94,174909,85.27986348122867,7
0.05,2051,93,175002,85.28362573099415,8
0.05,2052,94,175096,85.28787140769606,7
0.05,2053,95,175191,85.29259980525804,6
0.05,2054,96,175287,85.2978102189781,6
0.05,2055,94,175381,85.30204280155642,7
0.05,2056,90,175471,85.30432668935343,11
0.05,2057,94,175565,85.30855199222546,7
0.05,2058,94,175659,85.31277319086935,7
0.05,2059,96,175755,85.31796116504854,6
0.05,2060,19,175774,85.28578360019408,13
0.05,2061,93,175867,85.28952473326868,8
0.05,2062,94,175961,85.29374697043141,7
0.05,2063,25,175986,85.26453488372093,7
0.05,2064,92,176078,85.2677966101695,10
0.05,2065,92,176170,85.27105517909003,10
0.05,2066,96,176266,85.2762457668118,6
0.05,2067,95,176361,85.28094777562863,6
0.05,2068,21,176382,85.24987916868052,11
0.05,2069,95,176477,85.25458937198067,7
0.05,2070,94,176571,85.25881216803477,7
0.05,2071,93,176664,85.26254826254826,8
0.05,2072,92,176756,85.26579835986493,9
0.05,2073,90,176846,85.26808100289296,11
0.05,2074,96,176942,85.27325301204819,6
0.05,2075,95,177037,85.27793834296725,6
0.05,2076,94,177131,85.28213769860376,7
0.05,2077,94,177225,85.28633301251203,7
0.05,2078,96,177321,85.2914862914863,6
0.05,2079,89,177410,85.29326923076923,12
0.05,2080,92,177502,85.29649207111966,9
0.05,2081,93,177595,85.30019212295869,8
0.05,2082,92,177687,85.30340854536726,9
0.05,2083,95,177782,85.3080614203455,6
0.05,2084,24,177806,85.27865707434053,9
0.05,2085,23,177829,85.24880153403643,9
0.05,2086,94,177923,85.25299472927648,7
0.05,2087,96,178019,85.25814176245211,6
0.05,2088,93,178112,85.26184777405457,9
0.05,2089,94,178206,85.26602870813397,7
0.05,2090,94,178300,85.2702056432329,7
0.05,2091,90,178390,85.27246653919694,11
0.05,2092,94,178484,85.2766364070712,7
0.05,2093,94,178578,85.28080229226362,7
0.05,2094,90,178668,85.28305489260143,11
0.05,2095,94,178762,85.28721374045801,7
0.05,2096,95,178857,85.29184549356223,6
0.05,2097,95,178952,85.29647283126788,6
0.05,2098,92,179044,85.29966650786089,9
0.05,2099,96,179140,85.3047619047619,6
0.05,2100,94,179234,85.30890052356021,7
0.05,2101,92,179326,85.31208372978116,9
0.05,2102,94,179420,85.31621493105088,7
0.05,2103,93,179513,85.3198669201521,8
0.05,2104,93,179606,85.32351543942993,8
0.05,2105,91,179697,85.32621082621083,10
0.05,2106,92,179789,85.32937826293308,9
0.05,2107,94,179883,85.33349146110056,7
0.05,2108,94,179977,85.3376007586534,7
0.05,2109,93,180070,85.34123222748815,8
0.05,2110,96,180166,85.3462813832307,6
0.05,2111,23,180189,85.31676136363636,9
0.05,2112,94,180283,85.32087079981069,7
0.05,2113,94,180377,85.32497634815516,7
0.05,2114,21,180398,85.29456264775413,12
0.05,2115,92,180490,85.2977315689981,9
0.05,2116,94,180584,85.30184222957014,7
0.05,2117,92,180676,85.30500472143531,9
0.05,2118,94,180770,85.30910806984427,7
0.05,2119,94,180864,85.31320754716981,7
0.05,2120,94,180958,85.31730315888731,7
0.05,2121,96,181054,85.32233741753063,6
0.05,2122,93,181147,85.32595383890721,9
0.05,2123,93,181240,85.32956685499059,8
0.05,2124,92,181332,85.33270588235294,9
0.05,2125,93,181425,85.33631232361242,8
0.05,2126,92,181517,85.3394452280207,9
0.05,2127,-47,181470,85.27725563909775,11
0.05,2128,93,181563,85.28088304368248,9
0.05,2129,92,181655,85.28403755868544,9
0.05,2130,94,181749,85.28812763960582,7
0.05,2131,92,181841,85.29127579737336,10
0.05,2132,21,181862,85.26113455227379,12
0.05,2133,93,181955,85.2647610121837,8
0.05,2134,94,182049,85.26885245901639,8
0.05,2135,91,182140,85.27153558052434,10
0.05,2136,19,182159,85.24052409920449,14
0.05,2137,95,182254,85.24508886810104,6
0.05,2138,94,182348,85.24918186068257,7
0.05,2139,92,182440,85.25233644859813,9
0.05,2140,95,182535,85.25688930406352,6
0.05,2141,95,182630,85.26143790849673,6
0.05,2142,95,182725,85.26598226784881,7
0.05,2143,93,182818,85.26958955223881,8
0.05,2144,96,182914,85.27459207459208,6
0.05,2145,94,183008,85.27865796831314,7
0.05,2146,94,183102,85.28272007452259,7
0.05,2147,94,183196,85.28677839851024,7
0.05,2148,94,183290,85.29083294555608,7
0.05,2149,95,183385,85.2953488372093,6
0.05,2150,92,183477,85.29846582984658,9
0.05,2151,95,183572,85.30297397769517,6
0.05,2152,93,183665,85.3065490013934,8
0.05,2153,93,183758,85.31012070566388,8
0.05,2154,91,183849,85.31276102088167,10
0.05,2155,91,183940,85.31539888682745,11
0.05,2156,95,184035,85.31988873435327,6
0.05,2157,94,184129,85.32391102873031,7
0.05,2158,94,184223,85.32792959703566,7
0.05,2159,95,184318,85.3324074074074,6
0.05,2160,94,184412,85.3364183248496,7
0.05,2161,93,184505,85.33996299722479,8
0.05,2162,94,184599,85.34396671289875,7
0.05,2163,94,184693,85.34796672828097,8
0.05,2164,96,184789,85.35288683602771,6
0.05,2165,94,184883,85.35687903970452,7
0.05,2166,96,184979,85.36179049377019,6
0.05,2167,94,185073,85.36577490774907,7
0.05,2168,94,185167,85.36975564776395,7
0.05,2169,96,185263,85.37465437788019,6
0.05,2170,94,185357,85.37862736066329,7
0.05,2171,95,185452,85.3830570902394,6
0.05,2172,92,185544,85.38610216290841,9
0.05,2173,94,185638,85.3900643974241,7
0.05,2174,94,185732,85.39402298850575,7
0.05,2175,95,185827,85.3984375,6
0.05,2176,95,185922,85.40284795590262,8
0.05,2177,94,186016,85.40679522497705,7
0.05,2178,23,186039,85.37815511702615,9
0.05,2179,91,186130,85.38073394495413,10
0.05,2180,96,186226,85.38560293443375,6
0.05,2181,96,186322,85.3904674610449,6
0.05,2182,96,186418,85.39532753092075,6
0.05,2183,96,186514,85.40018315018315,6
0.05,2184,95,186609,85.4045766590389,6
0.05,2185,95,186704,85.40896614821592,6
0.05,2186,93,186797,85.41243712848652,8
0.05,2187,96,186893,85.4172760511883,6
0.05,2188,92,186985,85.42028323435359,9
0.05,2189,94,187079,85.424200913242,7
0.05,2190,96,187175,85.42902784116842,7
0.05,2191,94,187269,85.43293795620438,7
0.05,2192,95,187364,85.43730050159598,6
0.05,2193,96,187460,85.44211485870557,6
0.05,2194,92,187552,85.44510250569476,9
0.05,2195,94,187646,85.44899817850637,7
0.05,2196,92,187738,85.45197997269003,9
0.05,2197,92,187830,85.45495905368517,9
0.05,2198,94,187924,85.45884492951342,7
0.05,2199,95,188019,85.46318181818182,7
0.05,2200,95,188114,85.46751476601544,6
0.05,2201,94,188208,85.47138964577657,7
0.05,2202,96,188304,85.47616886064458,6
0.05,2203,96,188400,85.48094373865699,6
0.05,2204,94,188494,85.48480725623583,7
0.05,2205,94,188588,85.48866727107888,7
0.05,2206,93,188681,85.49207068418667,8
0.05,2207,96,188777,85.49682971014492,6
0.05,2208,96,188873,85.50158442734269,6
0.05,2209,94,188967,85.5054298642534,8
0.05,2210,92,189059,85.50836725463591,9
0.05,2211,95,189154,85.5126582278481,6
0.05,2212,95,189249,85.51694532309082,6
0.05,2213,95,189344,85.52122854561878,6
0.05,2214,94,189438,85.52505643340858,7
0.05,2215,88,189526,85.52617328519855,13
0.05,2216,96,189622,85.53089760938205,6
0.05,2217,95,189717,85.53516681695221,6
0.05,2218,86,189803,85.53537629562867,17
0.05,2219,95,189898,85.53963963963965,6
0.05,2220,94,189992,85.5434488968933,7
0.05,2221,92,190084,85.54635463546354,9
0.05,2222,94,190178,85.55015744489428,7
0.05,2223,96,190274,85.55485611510791,6
0.05,2224,96,190370,85.55955056179775,6
0.05,2225,95,190465,85.56379155435759,6
0.05,2226,94,190559,85.56757970363718,7
0.05,2227,94,190653,85.5713644524237,7
0.05,2228,94,190747,85.57514580529386,7
0.05,2229,94,190841,85.57892376681615,8
0.05,2230,94,190935,85.58269834155088,7
0.05,2231,94,191029,85.58646953405018,7
0.05,2232,93,191122,85.589789520824,8
0.05,2233,94,191216,85.59355416293644,7
0.05,2234,96,191312,85.59821029082774,6
0.05,2235,95,191407,85.60241502683363,6
0.05,2236,93,191500,85.6057219490389,8
0.05,2237,92,191592,85.60857908847186,9
0.05,2238,95,191687,85.61277355962483,6
0.05,2239,92,191779,85.615625,9
0.05,2240,96,191875,85.62025881302989,6
0.05,2241,91,191966,85.62265834076717,10
0.05,2242,94,192060,85.62639322336157,7
0.05,2243,95,192155,85.63057040998217,6
0.05,2244,95,192250,85.6347438752784,6
0.05,2245,94,192344,85.63846838824577,7
0.05,2246,91,192435,85.64085447263017,10
0.05,2247,96,192531,85.64546263345196,6
0.05,2248,96,192627,85.65006669630947,6
0.05,2249,95,192722,85.65422222222222,6
0.05,2250,95,192817,85.65837405597512,6
0.05,2251,27,192844,85.63232682060391,6
0.05,2252,93,192937,85.63559698180204,10
0.05,2253,93,193030,85.63886424134871,8
0.05,2254,91,193121,85.64124168514412,11
0.05,2255,95,193216,85.64539007092199,6
0.05,2256,93,193309,85.64864864864865,8
0.05,2257,94,193403,85.65234720992028,8
0.05,2258,94,193497,85.65604249667994,7
0.05,2259,96,193593,85.66061946902654,6
0.05,2260,95,193688,85.66475011057054,6
0.05,2261,93,193781,85.66799292661362,8
0.05,2262,93,193874,85.67123287671232,8
0.05,2263,91,193965,85.67358657243817,10
0.05,2264,94,194059,85.67726269315673,8
0.05,2265,94,194153,85.68093556928508,7
0.05,2266,95,194248,85.68504631671813,6
0.05,2267,95,194343,85.68915343915344,6
0.05,2268,90,194433,85.69105332745703,12
0.05,2269,95,194528,85.69515418502202,6
0.05,2270,92,194620,85.69793042712462,10
0.05,2271,94,194714,85.70158450704226,8
0.05,2272,94,194808,85.70523537175539,7
0.05,2273,94,194902,85.70888302550571,7
0.05,2274,95,194997,85.71296703296703,6
0.05,2275,91,195088,85.7152899824253,10
0.05,2276,96,195184,85.71980676328502,6
0.05,2277,93,195277,85.72300263388938,9
0.05,2278,96,195373,85.72751206669592,6
0.05,2279,94,195467,85.7311403508772,7
0.05,2280,91,195558,85.73345024112231,10
0.05,2281,94,195652,85.73707274320772,8
0.05,2282,93,195745,85.74025405168638,9
0.05,2283,95,195840,85.74430823117338,6
0.05,2284,94,195934,85.74792122538294,7
0.05,2285,94,196028,85.75153105861767,7
0.05,2286,94,196122,85.75513773502405,7
0.05,2287,96,196218,85.75961538461539,6
0.05,2288,94,196312,85.76321537789428,7
0.05,2289,92,196404,85.76593886462882,9
0.05,2290,96,196500,85.77040593627237,6
0.05,2291,95,196595,85.77443280977312,6
0.05,2292,95,196690,85.77845617095508,6
0.05,2293,90,196780,85.78029642545772,11
0.05,2294,92,196872,85.7830065359477,9
0.05,2295,95,196967,85.78702090592334,6
0.05,2296,94,197061,85.79059643012626,7
0.05,2297,91,197152,85.79286335944299,10
0.05,2298,94,197246,85.79643323183993,7
0.05,2299,93,197339,85.7995652173913,8
0.05,2300,94,197433,85.80312907431552,7
0.05,2301,93,197526,85.80625543006082,8
0.05,2302,-47,197479,85.74858879722102,12
0.05,2303,95,197574,85.75260416666667,6
0.05,2304,95,197669,85.75661605206074,6
0.05,2305,94,197763,85.7601908065915,7
0.05,2306,95,197858,85.7641959254443,6
0.05,2307,96,197954,85.7686308492201,6
0.05,2308,96,198050,85.77306193157212,6
0.05,2309,89,198139,85.77445887445887,12
0.05,2310,96,198235,85.77888360017309,6
0.05,2311,94,198329,85.78243944636678,8
0.05,2312,96,198425,85.78685689580631,6
0.05,2313,91,198516,85.78910976663785,10
0.05,2314,93,198609,85.79222462203023,8
0.05,2315,94,198703,85.79576856649396,8
0.05,2316,96,198799,85.80017263703064,6
0.05,2317,96,198895,85.80457290767903,6
0.05,2318,90,198985,85.8063820612333,11
0.05,2319,96,199081,85.81077586206897,6
0.05,2320,94,199175,85.81430417923309,7
0.05,2321,22,199197,85.78682170542636,11
0.05,2322,95,199292,85.79078777442962,8
0.05,2323,24,199316,85.76419965576592,8
0.05,2324,94,199410,85.76774193548387,7
0.05,2325,95,199505,85.77171109200344,6
0.05,2326,95,199600,85.77567683712935,6
0.05,2327,94,199694,85.77920962199313,7
0.05,2328,96,199790,85.78359811077716,6
0.05,2329,94,199884,85.78712446351932,7
0.05,2330,91,199975,85.78936078936079,10
0.05,2331,93,200068,85.79245283018868,8
0.05,2332,95,200163,85.7963994856408,6
0.05,2333,95,200258,85.80034275921166,6
0.05,2334,24,200282,85.77387580299786,8
0.05,2335,93,200375,85.7769691780822,8
0.05,2336,95,200470,85.78091570389388,7
0.05,2337,94,200564,85.78443113772455,7
0.05,2338,96,200660,85.78879863189397,6
0.05,2339,92,200752,85.79145299145299,9
0.05,2340,94,200846,85.7949594190517,8
0.05,2341,93,200939,85.79803586678052,8
0.05,2342,94,201033,85.80153649167734,7
0.05,2343,94,201127,85.80503412969283,7
0.05,2344,94,201221,85.80852878464819,7
0.05,2345,92,201313,85.81116794543904,9
0.05,2346,95,201408,85.8150830847891,6
0.05,2347,94,201502,85.81856899488926,7
0.05,2348,91,201593,85.82077479778629,10
0.05,2349,92,201685,85.82340425531915,9
0.05,2350,92,201777,85.82603147596767,9
0.05,2351,96,201873,85.83035714285714,6
0.05,2352,94,201967,85.83382915427114,7
0.05,2353,95,202062,85.83772302463892,6
0.05,2354,92,202154,85.84033970276009,9
0.05,2355,94,202248,85.84380305602717,8
0.05,2356,94,202342,85.84726347051337,8
0.05,2357,96,202438,85.85156912637828,6
0.05,2358,93,202531,85.8545994065282,8
0.05,2359,94,202625,85.85805084745763,7
0.05,2360,25,202650,85.83227445997458,8
0.05,2361,96,202746,85.83657917019475,6
0.05,2362,94,202840,85.84003385526873,8
0.05,2363,25,202865,85.81429780033841,8
0.05,2364,91,202956,85.81649048625793,10
0.05,2365,25,202981,85.79078613693999,7
0.05,2366,94,203075,85.794254330376,7
0.05,2367,93,203168,85.79729729729729,9
0.05,2368,95,203263,85.80118193330519,6
0.05,2369,91,203354,85.80337552742616,11
0.05,2370,94,203448,85.80683256010123,7
0.05,2371,95,203543,85.81070826306915,7
0.05,2372,94,203637,85.8141592920354,7
0.05,2373,94,203731,85.81760741364785,7
0.05,2374,96,203827,85.82189473684211,6
0.05,2375,90,203917,85.8236531986532,12
0.05,2376,94,204011,85.8270929743374,7
0.05,2377,92,204103,85.82968881412953,9
0.05,2378,92,204195,85.83228247162674,9
0.05,2379,93,204288,85.83529411764705,8
0.05,2380,94,204382,85.83872322553549,7
0.05,2381,92,204474,85.84130982367758,9
0.05,2382,92,204566,85.84389425094419,9
0.05,2383,94,204660,85.84731543624162,7
0.05,2384,96,204756,85.85157232704402,6
0.05,2385,92,204848,85.85414920368818,9
0.05,2386,25,204873,85.828655215752,8
0.05,2387,90,204963,85.83040201005025,11
0.05,2388,96,205059,85.8346588530766,6
0.05,2389,-46,205013,85.77949790794979,10
0.05,2390,93,205106,85.78251777498954,9
0.05,2391,96,205202,85.78678929765886,6
0.05,2392,93,205295,85.7898035938153,8
0.05,2393,93,205388,85.79281537176274,8
0.05,2394,95,205483,85.79665970772443,6
0.05,2395,94,205577,85.80008347245409,7
0.05,2396,96,205673,85.8043387567793,6
0.05,2397,92,205765,85.80692243536281,9
0.05,2398,94,205859,85.81033764068361,7
0.05,2399,93,205952,85.81333333333333,8
0.05,2400,96,206048,85.81757600999583,6
0.05,2401,94,206142,85.82098251457118,7
0.05,2402,91,206233,85.82313774448606,10
0.05,2403,94,206327,85.8265391014975,7
0.05,2404,94,206421,85.82993762993763,7
0.05,2405,96,206517,85.83416458852868,6
0.05,2406,95,206612,85.83797257997507,6
0.05,2407,90,206702,85.83970099667773,11
0.05,2408,23,206725,85.81361560813616,10
0.05,2409,94,206819,85.81701244813279,8
0.05,2410,94,206913,85.82040647034425,7
0.05,2411,94,207007,85.82379767827528,8
0.05,2412,95,207102,85.82760049730626,6
0.05,2413,96,207198,85.8318144159072,6
0.05,2414,93,207291,85.83478260869565,8
0.05,2415,93,207384,85.83774834437087,9
0.05,2416,94,207478,85.84112536201903,7
0.05,2417,91,207569,85.84325889164599,10
0.05,2418,96,207665,85.84745762711864,6
0.05,2419,95,207760,85.85123966942149,7
0.05,2420,94,207854,85.85460553490293,7
0.05,2421,93,207947,85.85755573905863,8
0.05,2422,20,207967,85.83037556747833,14
0.05,2423,94,208061,85.83374587458746,8
0.05,2424,92,208153,85.83628865979381,9
0.05,2425,94,208247,85.8396537510305,8
0.05,2426,91,208338,85.84177997527811,11
0.05,2427,94,208432,85.84514003294893,7
0.05,2428,95,208527,85.84890901605598,6
0.05,2429,94,208621,85.8522633744856,7
0.05,2430,23,208644,85.82640888523241,10
0.05,2431,95,208739,85.83018092105263,6
0.05,2432,93,208832,85.83312782572955,8
0.05,2433,94,208926,85.83648315529992,7
0.05,2434,95,209021,85.84024640657084,6
0.05,2435,23,209044,85.81444991789819,9
0.05,2436,93,209137,85.81739844070579,8
0.05,2437,91,209228,85.81952420016407,10
0.05,2438,94,209322,85.82287822878229,7
0.05,2439,94,209416,85.82622950819672,7
0.05,2440,94,209510,85.82957804178615,7
0.05,2441,95,209605,85.83333333333333,6
0.05,2442,94,209699,85.83667621776505,7
0.05,2443,94,209793,85.8400163666121,7
0.05,2444,96,209889,85.8441717791411,6
0.05,2445,92,209981,85.84668847097302,9
0.05,2446,94,210075,85.85002043318349,8
0.05,2447,-46,210029,85.79616013071896,10
0.05,2448,92,210121,85.79869334422213,9
0.05,2449,93,210214,85.80163265306122,8
0.05,2450,91,210305,85.80375356997143,10
0.05,2451,95,210400,85.80750407830342,6
0.05,2452,92,210492,85.81002853648593,9
0.05,2453,27,210519,85.78606356968216,6
0.05,2454,91,210610,85.78818737270876,10
0.05,2455,94,210704,85.7915309446254,7
0.05,2456,94,210798,85.7948717948718,8
0.05,2457,93,210891,85.79780309194467,8
0.05,2458,94,210985,85.80113867425783,7
0.05,2459,92,211077,85.80365853658536,9
0.05,2460,88,211165,85.80455099553028,13
0.05,2461,20,211185,85.77782290820471,12
0.05,2462,94,211279,85.78116118554608,7
0.05,2463,94,211373,85.78449675324676,7
0.05,2464,96,211469,85.78864097363083,6
0.05,2465,92,211561,85.7911597729116,10
0.05,2466,94,211655,85.79448723145521,7
0.05,2467,94,211749,85.79781199351702,8
0.05,2468,92,211841,85.80032401782098,9
0.05,2469,94,211935,85.80364372469636,7
0.05,2470,90,212025,85.80534196681505,11
0.05,2471,93,212118,85.80825242718447,8
0.05,2472,25,212143,85.7836635665184,8
0.05,2473,96,212239,85.78779304769604,6
0.05,2474,22,212261,85.7620202020202,10
0.05,2475,94,212355,85.76534733441034,7
0.05,2476,92,212447,85.76786435203876,9
0.05,2477,89,212536,85.76916868442292,12
0.05,2478,95,212631,85.77289229528036,6
0.05,2479,96,212727,85.77701612903226,6
0.05,2480,96,212823,85.78113663845224,6
0.05,2481,21,212844,85.75503626107978,12
0.05,2482,95,212939,85.75875956504228,6
0.05,2483,95,213034,85.76247987117553,6
0.05,2484,96,213130,85.76659959758551,6
0.05,2485,92,213222,85.7691069991955,9
0.05,2486,92,213314,85.77161238439888,9
0.05,2487,95,213409,85.77532154340837,6
0.05,2488,94,213503,85.77862595419847,7
0.05,2489,90,213593,85.78032128514056,11
0.05,2490,95,213688,85.78402248093136,6
0.05,2491,94,213782,85.78731942215089,8
0.05,2492,95,213877,85.79101484155636,6
0.05,2493,94,213971,85.7943063352045,7
0.05,2494,95,214066,85.79799599198397,6
0.05,2495,96,214162,85.80208333333333,6
0.05,2496,93,214255,85.80496595915098,9
0.05,2497,95,214350,85.80864691753403,7
0.05,2498,94,214444,85.81192476990796,7
0.05,2499,93,214537,85.8148,8
0.05,2500,94,214631,85.81807277089165,7
0.05,2501,94,214725,85.82134292565948,7
0.05,2502,94,214819,85.82461046743907,7
0.05,2503,24,214843,85.79992012779553,8
0.05,2504,95,214938,85.80359281437126,6
0.05,2505,94,215032,85.80686352753392,7
0.05,2506,92,215124,85.8093338651775,9
0.05,2507,92,215216,85.81180223285486,9
0.05,2508,95,215311,85.81546432841769,6
0.05,2509,91,215402,85.81752988047809,10
0.05,2510,94,215496,85.82078853046595,7
0.05,2511,92,215588,85.8232484076433,9
0.05,2512,96,215684,85.82729805013928,6
0.05,2513,95,215779,85.83094669848846,7
0.05,2514,23,215802,85.80596421471174,11
0.05,2515,94,215896,85.80922098569157,7
0.05,2516,92,215988,85.81168057210965,10
0.05,2517,-48,215940,85.75853852263701,11
0.05,2518,92,216032,85.76101627630013,9
0.05,2519,94,216126,85.76428571428572,8
0.05,2520,96,216222,85.76834589448632,6
0.05,2521,91,216313,85.77042030134814,10
0.05,2522,94,216407,85.77368212445501,7
0.05,2523,94,216501,85.776941362916,7
0.05,2524,93,216594,85.77980198019802,8
0.05,2525,95,216689,85.78345209817894,6
0.05,2526,93,216782,85.78630787495054,8
0.05,2527,94,216876,85.78955696202532,7
0.05,2528,94,216970,85.79280347963622,7
0.05,2529,96,217066,85.79683794466403,6
0.05,2530,93,217159,85.79968391939944,8
0.05,2531,95,217254,85.80331753554502,6
0.05,2532,96,217350,85.80734307145677,6
0.05,2533,96,217446,85.81136543014996,6
0.05,2534,91,217537,85.81341222879685,10
0.05,2535,94,217631,85.8166403785489,8
0.05,2536,94,217725,85.81986598344501,7
0.05,2537,92,217817,85.82230102442868,9
0.05,2538,96,217913,85.82630957069712,6
0.05,2539,94,218007,85.82952755905512,8
0.05,2540,23,218030,85.80480125934672,10
0.05,2541,96,218126,85.80881195908734,6
0.05,2542,94,218220,85.81203303185214,7
0.05,2543,92,218312,85.81446540880503,9
0.05,2544,90,218402,85.81611001964636,11
0.05,2545,95,218497,85.8197172034564,6
0.05,2546,93,218590,85.82253631723596,8
0.05,2547,96,218686,85.8265306122449,6
0.05,2548,95,218781,85.83012946253433,7
0.05,2549,91,218872,85.8321568627451,11
0.05,2550,93,218965,85.83496667973344,8
0.05,2551,95,219060,85.8385579937304,6
0.05,2552,94,219154,85.84175479827654,7
0.05,2553,93,219247,85.8445575567737,8
0.05,2554,94,219341,85.84774951076321,8
0.05,2555,95,219436,85.85133020344288,6
0.05,2556,91,219527,85.85334376222136,10
0.05,2557,18,219545,85.82681782642689,14
0.05,2558,94,219639,85.83001172332942,7
0.05,2559,95,219734,85.83359375,6
0.05,2560,96,219830,85.83756345177665,6
0.05,2561,94,219924,85.8407494145199,8
0.05,2562,94,220018,85.8439328911432,7
0.05,2563,96,220114,85.84789391575663,6
0.05,2564,96,220210,85.85185185185185,6
0.05,2565,92,220302,85.85424785658613,9
0.05,2566,93,220395,85.85703155434359,8
0.05,2567,23,220418,85.83255451713396,10
0.05,2568,94,220512,85.83573374854029,7
0.05,2569,95,220607,85.83929961089494,7
0.05,2570,93,220700,85.84208479190977,8
0.05,2571,93,220793,85.84486780715396,8
0.05,2572,95,220888,85.84842596191217,6
0.05,2573,23,220911,85.82400932400932,9
0.05,2574,92,221003,85.82640776699029,9
0.05,2575,92,221095,85.8288043478261,10
0.05,2576,94,221189,85.83197516492045,7
0.05,2577,94,221283,85.83514352211016,7
0.05,2578,95,221378,85.83869716944552,6
0.05,2579,93,221471,85.84147286821705,8
0.05,2580,24,221495,85.8175125920186,9
0.05,2581,94,221589,85.82068164213788,7
0.05,2582,94,221683,85.82384823848238,8
0.05,2583,94,221777,85.82701238390094,7
0.05,2584,93,221870,85.82978723404256,9
0.05,2585,92,221962,85.8321732405259,9
0.05,2586,94,222056,85.83533049864708,7
0.05,2587,94,222150,85.83848531684698,7
0.05,2588,91,222241,85.84047894940132,10
0.05,2589,94,222335,85.84362934362935,7
0.05,2590,94,222429,85.84677730605944,8
0.05,2591,96,222525,85.85069444444444,6
0.05,2592,94,222619,85.85383725414577,7
0.05,2593,96,222715,85.85774865073246,6
0.05,2594,94,222809,85.86088631984586,8
0.05,2595,92,222901,85.86325115562404,9
0.05,2596,93,222994,85.86599922988063,8
0.05,2597,94,223088,85.86913010007699,7
0.05,2598,95,223183,85.87264332435552,6
0.05,2599,25,223208,85.84923076923077,8
0.05,2600,90,223298,85.85082660515187,11
0.05,2601,94,223392,85.85395849346656,7
0.05,2602,91,223483,85.85593545908567,10
0.05,2603,94,223577,85.85906298003073,7
0.05,2604,93,223670,85.86180422264876,8
0.05,2605,91,223761,85.86377590176515,11
0.05,2606,95,223856,85.86728039892597,6
0.05,2607,90,223946,85.86886503067484,11
0.05,2608,84,224030,85.86814871598314,18
0.05,2609,95,224125,85.87164750957854,6
0.05,2610,93,224218,85.87437763309077,8
0.05,2611,95,224313,85.87787136294027,6
0.05,2612,94,224407,85.88097971680061,7
0.05,2613,88,224495,85.88179035960214,13
0.05,2614,96,224591,85.88565965583174,6
0.05,2615,92,224683,85.88799694189602,9
0.05,2616,96,224779,85.8918609094383,6
0.05,2617,94,224873,85.89495798319328,7
0.05,2618,95,224968,85.89843451699122,6
0.05,2619,94,225062,85.90152671755725,7
0.05,2620,91,225153,85.90347195726822,10
0.05,2621,19,225172,85.87795575896263,13
0.05,2622,94,225266,85.88105223027068,7
0.05,2623,96,225362,85.88490853658537,6
0.05,2624,21,225383,85.86019047619048,12
0.05,2625,96,225479,85.86405178979436,6
0.05,2626,92,225571,85.86638751427483,10
0.05,2627,92,225663,85.86872146118722,9
0.05,2628,96,225759,85.87257512362115,6
0.05,2629,94,225853,85.87566539923954,7
0.05,2630,94,225947,85.87875332573167,7
0.05,2631,93,226040,85.88145896656535,9
0.05,2632,92,226132,85.88378275731105,9
0.05,2633,96,226228,85.88762338648444,6
0.05,2634,93,226321,85.89032258064516,8
0.05,2635,23,226344,85.86646433990896,9
0.05,2636,94,226438,85.869548729617,7
0.05,2637,92,226530,85.8718726307809,9
0.05,2638,95,226625,85.87533156498674,6
0.05,2639,93,226718,85.8780303030303,8
0.05,2640,92,226810,85.88034835289663,9
0.05,2641,90,226900,85.88190764572293,11
0.05,2642,96,226996,85.88573590616724,6
0.05,2643,94,227090,85.88880484114978,7
0.05,2644,20,227110,85.86389413988658,12
0.05,2645,94,227204,85.86696900982615,7
0.05,2646,91,227295,85.86890819795995,10
0.05,2647,96,227391,85.87273413897282,6
0.05,2648,20,227411,85.8478671196678,12
0.05,2649,94,227505,85.85094339622641,7
0.05,2650,92,227597,85.85326291965296,11
0.05,2651,93,227690,85.85595776772247,8
0.05,2652,96,227786,85.8597813795703,6
0.05,2653,96,227882,85.86360211002261,6
0.05,2654,93,227975,85.86629001883239,8
0.05,2655,94,228069,85.86935240963855,7
0.05,2656,95,228164,85.87278885961611,6
0.05,2657,94,228258,85.87584650112866,7
0.05,2658,96,228354,85.87965400526514,6
0.05,2659,92,228446,85.88195488721804,9
0.05,2660,94,228540,85.88500563697858,7
0.05,2661,94,228634,85.88805409466566,7
0.05,2662,95,228729,85.8914757791964,6
0.05,2663,93,228822,85.89414414414415,8
0.05,2664,92,228914,85.89643527204503,9
0.05,2665,92,229006,85.8987246811703,9
0.05,2666,94,229100,85.90176227971503,7
0.05,2667,94,229194,85.9047976011994,8
0.05,2668,89,229283,85.90595728737355,14
0.05,2669,95,229378,85.90936329588015,6
0.05,2670,95,229473,85.91276675402472,6
0.05,2671,93,229566,85.91541916167665,8
0.05,2672,89,229655,85.91657313879536,12
0.05,2673,90,229745,85.91810022438295,11
0.05,2674,94,229839,85.9211214953271,7
0.05,2675,94,229933,85.92414050822123,7
0.05,2676,95,230028,85.92753081807994,6
0.05,2677,95,230123,85.93091859596714,6
0.05,2678,91,230214,85.93281075027996,11
0.05,2679,95,230309,85.93619402985074,6
0.05,2680,95,230404,85.93957478552778,6
0.05,2681,94,230498,85.94258016405668,7
0.05,2682,91,230589,85.94446515095044,11
0.05,2683,95,230684,85.9478390461997,6
0.05,2684,95,230779,85.9512104283054,6
0.05,2685,94,230873,85.9542069992554,7
0.05,2686,89,230962,85.95534052847042,13
0.05,2687,96,231058,85.95907738095238,7
0.05,2688,91,231149,85.96095202677576,10
0.05,2689,93,231242,85.9635687732342,8
0.05,2690,94,231336,85.96655518394648,7
0.05,2691,94,231430,85.96953937592868,7
0.05,2692,95,231525,85.97289268473821,6
0.05,2693,93,231618,85.97550111358575,10
0.05,2694,96,231714,85.97922077922078,6
0.05,2695,96,231810,85.98293768545994,6
0.05,2696,96,231906,85.98665183537264,6
0.05,2697,89,231995,85.98776871756857,12
0.05,2698,93,232088,85.99036680251945,8
0.05,2699,93,232181,85.99296296296296,8
0.05,2700,92,232273,85.9951869677897,9
0.05,2701,92,232365,85.99740932642487,9
0.05,2702,94,232459,86.00036995930448,7
0.05,2703,94,232553,86.00332840236686,7
0.05,2704,96,232649,86.00702402957486,6
0.05,2705,94,232743,86.009977827051,8
0.05,2706,96,232839,86.01366826745475,6
0.05,2707,95,232934,86.01698670605613,6
0.05,2708,96,233030,86.02067183462532,6
0.05,2709,94,233124,86.02361623616237,7
0.05,2710,95,233219,86.02692733308743,6
0.05,2711,94,233313,86.02986725663717,7
0.05,2712,95,233408,86.03317360855142,7
0.05,2713,20,233428,86.00884303610907,12
0.05,2714,94,233522,86.01178637200736,7
0.05,2715,94,233616,86.01472754050074,7
0.05,2716,25,233641,85.99227088700773,8
0.05,2717,95,233736,85.99558498896248,6
0.05,2718,95,233831,85.99889665318132,6
0.05,2719,25,233856,85.97647058823529,8
0.05,2720,94,233950,85.97941933112826,8
0.05,2721,94,234044,85.98236590742101,7
0.05,2722,93,234137,85.98494307748807,10
0.05,2723,92,234229,85.98715124816447,9
0.05,2724,93,234322,85.9897247706422,8
0.05,2725,95,234417,85.99303008070433,6
0.05,2726,96,234513,85.996699669967,7
0.05,2727,95,234608,86.0,6
0.05,2728,23,234631,85.9769146207402,10
0.05,2729,96,234727,85.98058608058608,6
0.05,2730,96,234823,85.98425485170267,6
0.05,2731,92,234915,85.98645680819912,9
0.05,2732,94,235009,85.98938894987194,8
0.05,2733,91,235100,85.99122165325531,13
0.05,2734,95,235195,85.9945155393053,6
0.05,2735,94,235289,85.99744152046783,7
0.05,2736,94,235383,86.00036536353672,7
0.05,2737,94,235477,86.00328707085464,7
0.05,2738,23,235500,85.98028477546549,10
0.05,2739,95,235595,85.98357664233576,6
0.05,2740,94,235689,85.98650127690624,7
0.05,2741,90,235779,85.98796498905908,11
0.05,2742,96,235875,85.99161502005104,6
0.05,2743,94,235969,85.99453352769679,7
0.05,2744,95,236064,85.99781420765028,7
0.05,2745,88,236152,85.99854333576111,13
0.05,2746,94,236246,86.00145613396433,7
0.05,2747,94,236340,86.00436681222708,7
0.05,2748,94,236434,86.00727537286286,7
0.05,2749,94,236528,86.01018181818182,7
0.05,2750,95,236623,86.01344965467104,7
0.05,2751,93,236716,86.01598837209302,9
0.05,2752,92,236808,86.01816200508536,10
0.05,2753,93,236901,86.020697167756,8
0.05,2754,94,236995,86.02359346642469,7
0.05,2755,92,237087,86.02576197387518,9
0.05,2756,95,237182,86.02901704751541,6
0.05,2757,92,237274,86.03118201595359,9
0.05,2758,92,237366,86.03334541500544,10
0.05,2759,96,237462,86.03695652173913,6
0.05,2760,94,237556,86.0398406374502,7
0.05,2761,93,237649,86.04236060825488,8
0.05,2762,92,237741,86.04451682953312,9
0.05,2763,96,237837,86.04811866859623,6
0.05,2764,95,237932,86.051356238698,6
0.05,2765,91,238023,86.0531453362256,10
0.05,2766,25,238048,86.03108059269968,8
0.05,2767,92,238140,86.03323699421965,10
0.05,2768,93,238233,86.03575297941495,8
0.05,2769,94,238327,86.03862815884476,7
0.05,2770,94,238421,86.04150126308193,7
0.05,2771,94,238515,86.0443722943723,7
0.05,2772,96,238611,86.04796249549224,6
0.05,2773,95,238706,86.05118961788031,7
0.05,2774,94,238800,86.05405405405405,7
0.05,2775,-47,238753,86.00612391930835,10
0.05,2776,93,238846,86.00864241987756,8
0.05,2777,92,238938,86.01079913606911,9
0.05,2778,91,239029,86.01259445843829,10
0.05,2779,94,239123,86.01546762589928,8
0.05,2780,95,239218,86.01869830996044,6
0.05,2781,95,239313,86.02192667145938,6
0.05,2782,92,239405,86.02407473948976,10
0.05,2783,95,239500,86.02729885057471,6
0.05,2784,95,239595,86.03052064631957,7
0.05,2785,96,239691,86.03409906676238,6
0.05,2786,-47,239644,85.98636526731252,10
0.05,2787,92,239736,85.98852223816355,9
0.05,2788,92,239828,85.99067766224454,9
0.05,2789,96,239924,85.99426523297491,6
0.05,2790,94,240018,85.99713364385525,7
0.05,2791,95,240113,86.00035816618912,6
0.05,2792,92,240205,86.00250626566417,9
0.05,2793,94,240299,86.00536864710094,8
0.05,2794,94,240393,86.008228980322,7
0.05,2795,94,240487,86.01108726752504,7
0.05,2796,96,240583,86.0146585627458,6
0.05,2797,94,240677,86.01751250893496,8
0.05,2798,22,240699,85.994640943194,10
0.05,2799,96,240795,85.99821428571428,6
0.05,2800,95,240890,86.00142806140664,7
0.05,2801,92,240982,86.00356887937188,9
0.05,2802,95,241077,86.00677845165893,6
0.05,2803,95,241172,86.00998573466477,6
0.05,2804,94,241266,86.01283422459893,7
0.05,2805,94,241360,86.01568068424804,7
0.05,2806,92,241452,86.01781261132882,9
0.05,2807,94,241546,86.02065527065527,7
0.05,2808,94,241640,86.02349590601638,8
0.05,2809,23,241663,86.00106761565836,9
0.05,2810,85,241748,86.00071149057275,16
0.05,2811,94,241842,86.00355618776672,7
0.05,2812,94,241936,86.00639886242446,7
0.05,2813,95,242031,86.00959488272922,6
0.05,2814,96,242127,86.01314387211367,6
0.05,2815,94,242221,86.01598011363636,8
0.05,2816,92,242313,86.01810436634717,9
0.05,2817,92,242405,86.02022711142655,9
0.05,2818,94,242499,86.02305782192266,7
0.05,2819,94,242593,86.0258865248227,7
0.05,2820,90,242683,86.0272952853598,11
0.05,2821,95,242778,86.03047484053863,6
0.05,2822,93,242871,86.03294367693942,8
0.05,2823,96,242967,86.03647308781869,6
0.05,2824,92,243059,86.03858407079646,9
0.05,2825,92,243151,86.04069355980184,9
0.05,2826,94,243245,86.04350902016272,7
0.05,2827,94,243339,86.0463224893918,7
0.05,2828,94,243433,86.04913396960056,7
0.05,2829,94,243527,86.05194346289753,7
0.05,2830,94,243621,86.0547509713882,7
0.05,2831,94,243715,86.05755649717514,7
0.05,2832,94,243809,86.06036004235793,7
0.05,2833,95,243904,86.06351446718419,6
0.05,2834,95,243999,86.06666666666666,6
0.05,2835,95,244094,86.06981664315938,8
0.05,2836,93,244187,86.07225942897426,11
0.05,2837,93,244280,86.07470049330514,9
0.05,2838,94,244374,86.07749207467418,7
0.05,2839,94,244468,86.08028169014085,7
0.05,2840,93,244561,86.0827173530447,8
0.05,2841,96,244657,86.08620689655173,6
0.05,2842,93,244750,86.08863876187127,8
0.05,2843,93,244843,86.09106891701829,8
0.05,2844,92,244935,86.09314586994728,9
0.05,2845,94,245029,86.09592410400562,7
0.05,2846,94,245123,86.09870038637162,7
0.05,2847,94,245217,86.10147471910112,7
0.05,2848,96,245313,86.1049491049491,6
0.05,2849,91,245404,86.10666666666667,10
0.05,2850,94,245498,86.1094352858646,7
0.05,2851,94,245592,86.11220196353436,7
0.05,2852,90,245682,86.11356466876971,11
0.05,2853,95,245777,86.1166783461808,6
0.05,2854,92,245869,86.11873905429071,9
0.05,2855,94,245963,86.12149859943978,7
0.05,2856,95,246058,86.12460623031151,7
0.05,2857,93,246151,86.12701189643107,8
0.05,2858,95,246246,86.13011542497377,7
0.05,2859,96,246342,86.13356643356643,6
0.05,2860,95,246437,86.13666550157288,6
0.05,2861,95,246532,86.13976240391335,6
0.05,2862,95,246627,86.14285714285714,6
0.05,2863,93,246720,86.14525139664805,8
0.05,2864,86,246806,86.14520069808027,16
0.05,2865,94,246900,86.14794138171668,7
0.05,2866,94,246994,86.15068015347053,7
0.05,2867,94,247088,86.1534170153417,8
0.05,2868,21,247109,86.13070756361101,11
0.05,2869,90,247199,86.13205574912892,11
0.05,2870,92,247291,86.13409961685824,9
0.05,2871,95,247386,86.13718662952647,6
0.05,2872,94,247480,86.1399234249913,7
0.05,2873,93,247573,86.14231036882394,8
0.05,2874,95,247668,86.14539130434783,6
0.05,2875,95,247763,86.14847009735745,6
0.05,2876,22,247785,86.12617309697602,11
0.05,2877,92,247877,86.12821403752606,9
0.05,2878,94,247971,86.13094824591872,7
0.05,2879,93,248064,86.13333333333334,8
0.05,2880,94,248158,86.13606386671295,7
0.05,2881,93,248251,86.13844552394171,8
0.05,2882,94,248345,86.14117238987166,7
0.05,2883,92,248437,86.14320388349515,9
0.05,2884,94,248531,86.14592720970538,7
0.05,2885,96,248627,86.14934164934165,6
0.05,2886,95,248722,86.15240734326291,8
0.05,2887,93,248815,86.1547783933518,8
0.05,2888,88,248903,86.15541709934233,13
0.05,2889,94,248997,86.15813148788928,8
0.05,2890,96,249093,86.16153580076099,6
0.05,2891,18,249111,86.13796680497926,14
0.05,2892,94,249205,86.14068441064639,8
0.05,2893,96,249301,86.14409122322046,6
0.05,2894,93,249394,86.14645941278066,8
0.05,2895,95,249489,86.14951657458563,6
0.05,2896,94,249583,86.15222644114601,7
0.05,2897,94,249677,86.15493443754313,7
0.05,2898,93,249770,86.15729561917902,8
0.05,2899,92,249862,86.15931034482759,9
0.05,2900,94,249956,86.1620130989314,7
0.05,2901,93,250049,86.1643694004135,8
0.05,2902,95,250144,86.16741302101275,6
0.05,2903,94,250238,86.17011019283747,8
0.05,2904,95,250333,86.17314974182445,7
0.05,2905,94,250427,86.17584308327598,7
0.05,2906,92,250519,86.17784657722738,9
0.05,2907,94,250613,86.18053645116919,7
0.05,2908,91,250704,86.1821931935373,10
0.05,2909,94,250798,86.1848797250859,7
0.05,2910,95,250893,86.18790793541739,6
0.05,2911,93,250986,86.19024725274726,8
0.05,2912,95,251081,86.19327154136629,6
0.05,2913,95,251176,86.19629375428964,6
0.05,2914,96,251272,86.19965694682676,6
0.05,2915,93,251365,86.2019890260631,8
0.05,2916,90,251455,86.20329105245115,11
0.05,2917,92,251547,86.20527758738862,9
0.05,2918,94,251641,86.20794792737239,7
0.05,2919,96,251737,86.21130136986301,6
0.05,2920,92,251829,86.21328312221841,9
0.05,2921,93,251922,86.21560574948666,8
0.05,2922,95,252017,86.21861101607936,6
0.05,2923,89,252106,86.21956224350205,13
0.05,2924,95,252201,86.2225641025641,6
0.05,2925,93,252294,86.22488038277513,9
0.05,2926,94,252388,86.22753672702426,7
0.05,2927,93,252481,86.22984972677595,10
0.05,2928,95,252576,86.23284397405257,6
0.05,2929,93,252669,86.23515358361774,9
0.05,2930,93,252762,86.23746161719549,8
0.05,2931,95,252857,86.24045020463848,6
0.05,2932,94,252951,86.24309580634163,8
0.05,2933,93,253044,86.24539877300613,8
0.05,2934,91,253135,86.24701873935264,10
0.05,2935,94,253229,86.24965940054496,7
0.05,2936,20,253249,86.22710248552946,12
0.05,2937,94,253343,86.22974812797821,7
0.05,2938,95,253438,86.23273222184416,8
0.05,2939,95,253533,86.23571428571428,6
0.05,2940,92,253625,86.23767426045563,9
0.05,2941,94,253719,86.24031271244051,8
0.05,2942,92,253811,86.24226979272851,9
0.05,2943,94,253905,86.24490489130434,7
0.05,2944,88,253993,86.24550084889644,13
0.05,2945,92,254085,86.24745417515275,9
0.05,2946,96,254181,86.25076348829317,6
0.05,2947,92,254273,86.25271370420624,9
0.05,2948,93,254366,86.25500169549,8
0.05,2949,95,254461,86.25796610169492,6
0.05,2950,94,254555,86.26058963063369,7
0.05,2951,94,254649,86.26321138211382,7
0.05,2952,96,254745,86.26650863528614,6
0.05,2953,89,254834,86.26743398781313,12
0.05,2954,95,254929,86.27038917089679,6
0.05,2955,92,255021,86.27232746955345,9
0.05,2956,95,255116,86.27527899898546,7
0.05,2957,95,255211,86.27822853279243,7
0.05,2958,94,255305,86.28083812098681,8
0.05,2959,92,255397,86.28277027027028,9
0.05,2960,21,255418,86.26072272880783,13
0.05,2961,95,255513,86.26367319378798,6
0.05,2962,94,255607,86.26628417144785,8
0.05,2963,96,255703,86.2695681511471,6
0.05,2964,94,255797,86.27217537942664,7
0.05,2965,94,255891,86.27478084962912,7
0.05,2966,-51,255840,86.22851365015167,15
0.05,2967,95,255935,86.23146900269542,6
0.05,2968,94,256029,86.23408555069047,7
0.05,2969,94,256123,86.23670033670034,7
0.05,2970,96,256219,86.2399865365197,6
0.05,2971,95,256314,86.242934051144,6
0.05,2972,96,256410,86.24621594349142,6
0.05,2973,87,256497,86.24646940147949,14
0.05,2974,94,256591,86.24907563025211,7
0.05,2975,93,256684,86.2513440860215,9
0.05,2976,93,256777,86.25361101780315,8
0.05,2977,95,256872,86.25654801880457,6
0.05,2978,94,256966,86.25914736488754,7
0.05,2979,95,257061,86.26208053691275,6
0.05,2980,94,257155,86.26467628312646,8
0.05,2981,96,257251,86.26794097920859,6
0.05,2982,93,257344,86.27019778746228,11
0.05,2983,16,257360,86.24664879356568,16
0.05,2984,94,257454,86.24924623115578,8
0.05,2985,95,257549,86.2521768251842,7
0.05,2986,25,257574,86.23167057248075,8
0.05,2987,23,257597,86.21050870147256,10
0.05,2988,94,257691,86.21311475409836,7
0.05,2989,95,257786,86.21605351170568,6
0.05,2990,96,257882,86.21932464058843,6
0.05,2991,93,257975,86.2215909090909,8
0.05,2992,94,258069,86.22418977614434,8
0.05,2993,94,258163,86.22678690714763,7
0.05,2994,95,258258,86.22971619365609,8
0.05,2995,95,258353,86.2326435246996,6
0.05,2996,94,258447,86.23523523523524,7
0.05,2997,92,258539,86.23715810540361,9
0.05,2998,92,258631,86.23907969323108,9
0.05,2999,95,258726,86.242,6
0.05,3000,95,258821,86.24491836054648,6
0.05,3001,93,258914,86.24716855429713,8
0.05,3002,95,259009,86.25008325008325,8
0.05,3003,95,259104,86.25299600532624,8
0.05,3004,93,259197,86.25524126455907,8
0.05,3005,94,259291,86.25781769793745,7
0.05,3006,94,259385,86.26039241769205,7
0.05,3007,95,259480,86.26329787234043,6
0.05,3008,93,259573,86.26553672316385,8
0.05,3009,96,259669,86.26877076411961,6
0.05,3010,95,259764,86.27167054134839,8
0.05,3011,94,259858,86.27423638778221,7
0.05,3012,95,259953,86.27713242615333,6
0.05,3013,94,260047,86.27969475779695,7
0.05,3014,92,260139,86.281592039801,9
0.05,3015,96,260235,86.28481432360742,6
0.05,3016,95,260330,86.2877030162413,6
0.05,3017,94,260424,86.29025844930418,7
0.05,3018,20,260444,86.26830076184167,13
0.05,3019,92,260536,86.27019867549669,10
0.05,3020,92,260628,86.2720953326713,9
0.05,3021,96,260724,86.2753143613501,6
0.05,3022,95,260819,86.27820046311611,7
0.05,3023,96,260915,86.28141534391534,6
0.05,3024,94,261009,86.28396694214877,7
0.05,3025,95,261104,86.28684732319894,6
0.05,3026,94,261198,86.28939544103072,7
0.05,3027,94,261292,86.29194187582563,9
0.05,3028,94,261386,86.29448662925057,7
0.05,3029,95,261481,86.2973597359736,7
0.05,3030,94,261575,86.29990102276476,7
0.05,3031,95,261670,86.30277044854881,6
0.05,3032,94,261764,86.30530827563469,7
0.05,3033,95,261859,86.30817402768622,6
0.05,3034,93,261952,86.31037891268534,8
0.05,3035,94,262046,86.3129117259552,7
0.05,3036,95,262141,86.31577214356273,6
0.05,3037,95,262236,86.31863067807768,6
0.05,3038,96,262332,86.3218163869694,6
0.05,3039,25,262357,86.3016447368421,8
0.05,3040,93,262450,86.30384741861229,8
0.05,3041,94,262544,86.30637738330046,7
0.05,3042,96,262640,86.30956293131779,6
0.05,3043,17,262657,86.28679369250986,15
0.05,3044,92,262749,86.28866995073892,9
0.05,3045,95,262844,86.29152987524623,6
0.05,3046,95,262939,86.29438792254676,6
0.05,3047,91,263030,86.29593175853019,10
0.05,3048,94,263124,86.2984585109872,7
0.05,3049,94,263218,86.30098360655738,7
0.05,3050,93,263311,86.30317928548017,10
0.05,3051,94,263405,86.30570117955439,9
0.05,3052,22,263427,86.28463806092368,10
0.05,3053,92,263519,86.28650949574329,9
0.05,3054,94,263613,86.28903436988543,7
0.05,3055,89,263702,86.28992146596859,13
0.05,3056,96,263798,86.2930978083088,6
0.05,3057,96,263894,86.29627207325049,6
0.05,3058,95,263989,86.29911735861393,6
0.05,3059,93,264082,86.30130718954248,8
0.05,3060,95,264177,86.30414897092453,8
0.05,3061,93,264270,86.30633572828216,9
0.05,3062,94,264364,86.3088475350963,7
0.05,3063,23,264387,86.28818537859007,10
0.05,3064,95,264482,86.29102773246329,6
0.05,3065,93,264575,86.29321591650358,8
0.05,3066,92,264667,86.2950766221063,11
0.05,3067,93,264760,86.29726205997392,8
0.05,3068,95,264855,86.30009775171065,6
0.05,3069,91,264946,86.30162866449511,10
0.05,3070,95,265041,86.30446108759362,6
0.05,3071,95,265136,86.30729166666667,6
0.05,3072,91,265227,86.30881874389847,10
0.05,3073,93,265320,86.31099544567338,8
0.05,3074,94,265414,86.31349593495935,8
0.05,3075,85,265499,86.3130689206762,16
0.05,3076,95,265594,86.31589210269743,6
0.05,3077,95,265689,86.31871345029239,6
0.05,3078,91,265780,86.32023384215654,10
0.05,3079,93,265873,86.3224025974026,8
0.05,3080,96,265969,86.32554365465758,6
0.05,3081,92,266061,86.32738481505515,9
0.05,3082,90,266151,86.32857606227701,11
0.05,3083,94,266245,86.3310635538262,7
0.05,3084,96,266341,86.33419773095623,6
0.05,3085,96,266437,86.33732987686325,6
0.05,3086,96,266533,86.34045999352122,6
0.05,3087,94,266627,86.34294041450777,7
0.05,3088,24,266651,86.3227581741664,10
0.05,3089,94,266745,86.3252427184466,7
0.05,3090,96,266841,86.32837269492073,6
0.05,3091,96,266937,86.33150064683053,6
0.05,3092,93,267030,86.33365664403492,8
0.05,3093,93,267123,86.33581124757595,8
0.05,3094,94,267217,86.33828756058158,8
0.05,3095,94,267311,86.3407622739018,7
0.05,3096,94,267405,86.34323538908622,7
0.05,3097,96,267501,86.3463524854745,6
0.05,3098,94,267595,86.3488222007099,8
0.05,3099,94,267689,86.35129032258064,7
0.05,3100,91,267780,86.35278942276685,11
0.05,3101,93,267873,86.35493230174082,8
0.05,3102,92,267965,86.35675153077666,9
0.05,3103,94,268059,86.35921391752578,7
0.05,3104,90,268149,86.36038647342995,11
0.05,3105,93,268242,86.36252414681262,9
0.05,3106,94,268336,86.3649822980367,7
0.05,3107,93,268429,86.36711711711712,9
0.05,3108,94,268523,86.36957220971374,7
0.05,3109,94,268617,86.37202572347267,7
0.05,3110,96,268713,86.37512054001928,6
0.05,3111,94,268807,86.37757069408741,7
0.05,3112,91,268898,86.37905557340186,10
0.05,3113,96,268994,86.38214515093128,6
0.05,3114,94,269088,86.38459069020867,7
0.05,3115,95,269183,86.38735558408216,6
0.05,3116,90,269273,86.38851459736927,12
0.05,3117,93,269366,86.39063502245028,9
0.05,3118,20,269386,86.3693491503687,13
0.05,3119,96,269482,86.37243589743589,6
0.05,3120,93,269575,86.37455943607819,8
0.05,3121,96,269671,86.37764253683537,6
0.05,3122,94,269765,86.3800832532821,8
0.05,3123,96,269861,86.38316261203585,6
0.05,3124,94,269955,86.3856,7
0.05,3125,95,270050,86.38835572616763,6
0.05,3126,96,270146,86.39142948512952,6
0.05,3127,94,270240,86.39386189258312,7
0.05,3128,23,270263,86.37360178970917,9
0.05,3129,95,270358,86.37635782747604,6
0.05,3130,92,270450,86.3781539444267,9
0.05,3131,93,270543,86.38026819923371,8
0.05,3132,94,270637,86.3827002872646,9
0.05,3133,94,270731,86.3851308232291,7
0.05,3134,94,270825,86.38755980861244,8
0.05,3135,96,270921,86.390625,6
0.05,3136,95,271016,86.39336946126873,6
0.05,3137,93,271109,86.39547482472912,8
0.05,3138,92,271201,86.3972602739726,9
0.05,3139,89,271290,86.39808917197452,12
0.05,3140,96,271386,86.40114613180516,6
0.05,3141,21,271407,86.38033099936347,11
0.05,3142,94,271501,86.38275532930321,7
0.05,3143,94,271595,86.38517811704834,7
0.05,3144,94,271689,86.38759936406996,8
0.05,3145,92,271781,86.3893833439288,9
0.05,3146,93,271874,86.39148395297109,8
0.05,3147,94,271968,86.39390088945362,7
0.05,3148,92,272060,86.39568116862496,9
0.05,3149,93,272153,86.39777777777778,8
0.05,3150,92,272245,86.39955569660425,9
0.05,3151,92,272337,86.40133248730965,9
0.05,3152,94,272431,86.40374246749128,7
0.05,3153,94,272525,86.40615091946734,8
0.05,3154,96,272621,86.40919175911252,6
0.05,3155,93,272714,86.41128010139417,8
0.05,3156,94,272808,86.4136838770985,8
0.05,3157,94,272902,86.41608613046232,7
0.05,3158,94,272996,86.4184868629313,7
0.05,3159,94,273090,86.42088607594937,7
0.05,3160,94,273184,86.42328377095856,8
0.05,3161,94,273278,86.42567994939911,7
0.05,3162,92,273370,86.42744230161239,9
0.05,3163,94,273464,86.42983565107458,7
0.05,3164,93,273557,86.43191153238547,8
0.05,3165,95,273652,86.43461781427669,7
0.05,3166,92,273744,86.43637511840859,9
0.05,3167,93,273837,86.43844696969697,8
0.05,3168,91,273928,86.43988639949511,11
0.05,3169,96,274024,86.44290220820189,6
0.05,3170,95,274119,86.44560075685904,6
0.05,3171,21,274140,86.4249684741488,11
0.05,3172,92,274232,86.42672549637567,9
0.05,3173,95,274327,86.4294265910523,6
0.05,3174,94,274421,86.43181102362205,7
0.05,3175,90,274511,86.43293450881612,11
0.05,3176,92,274603,86.43468681145735,9
0.05,3177,93,274696,86.43675267463814,11
0.05,3178,93,274789,86.4388172381252,8
0.05,3179,92,274881,86.44056603773585,9
0.05,3180,94,274975,86.4429424709211,8
0.05,3181,96,275071,86.44594594594595,6
0.05,3182,95,275166,86.44863336475024,6
0.05,3183,92,275258,86.45037688442211,9
0.05,3184,94,275352,86.45274725274726,8
0.05,3185,92,275444,86.45448838669178,10
0.05,3186,89,275533,86.45528710385943,12
0.05,3187,94,275627,86.45765370138018,7
0.05,3188,94,275721,86.46001881467545,7
0.05,3189,96,275817,86.46300940438871,6
0.05,3190,95,275912,86.46568473832654,6
0.05,3191,96,276008,86.468671679198,6
0.05,3192,92,276100,86.47040400876918,9
0.05,3193,96,276196,86.47338760175329,6
0.05,3194,90,276286,86.47449139280126,11
0.05,3195,94,276380,86.47684605757196,7
0.05,3196,94,276474,86.47919924929622,7
0.05,3197,22,276496,86.45903689806129,10
0.05,3198,93,276589,86.46108158799625,8
0.05,3199,96,276685,86.4640625,6
0.05,3200,95,276780,86.46672914714152,7
0.05,3201,96,276876,86.46970643347908,6
0.05,3202,95,276971,86.47236965344989,6
0.05,3203,95,277066,86.47503121098627,6
0.05,3204,16,277082,86.45304212168487,18
0.05,3205,94,277176,86.45539613225203,8
0.05,3206,92,277268,86.45712503897724,9
0.05,3207,94,277362,86.45947630922693,7
0.05,3208,96,277458,86.4624493611717,6
0.05,3209,92,277550,86.46417445482867,9
0.05,3210,88,277638,86.46465275615073,13
0.05,3211,94,277732,86.46699875466999,7
0.05,3212,95,277827,86.46965452847806,6
0.05,3213,96,277923,86.47261978842563,6
0.05,3214,90,278013,86.47371695178849,11
0.05,3215,94,278107,86.47605721393035,7
0.05,3216,94,278201,86.47839602113771,8
0.05,3217,94,278295,86.48073337476694,7
0.05,3218,93,278388,86.48275862068965,8
0.05,3219,96,278484,86.48571428571428,6
0.05,3220,95,278579,86.48835765290282,6
0.05,3221,26,278605,86.46958410924891,6
0.05,3222,95,278700,86.47223084083153,6
0.05,3223,-48,278652,86.43052109181141,11
0.05,3224,94,278746,86.43286821705426,7
0.05,3225,94,278840,86.43521388716677,7
0.05,3226,96,278936,86.43817787418655,6
0.05,3227,93,279029,86.44021065675341,8
0.05,3228,94,279123,86.44255187364509,7
0.05,3229,89,279212,86.44334365325078,12
0.05,3230,95,279307,86.44599195295574,6
0.05,3231,90,279397,86.44709158415841,11
0.05,3232,96,279493,86.45004639653573,6
0.05,3233,95,279588,86.45269016697588,7
0.05,3234,95,279683,86.45533230293663,6
0.05,3235,96,279779,86.45828182941904,6
0.05,3236,93,279872,86.46030274945937,8
0.05,3237,90,279962,86.46139592340951,11
0.05,3238,94,280056,86.46372337141094,7
0.05,3239,95,280151,86.46635802469136,6
0.05,3240,93,280244,86.46837395865474,8
0.05,3241,95,280339,86.47100555212832,6
0.05,3242,94,280433,86.47332716620413,7
0.05,3243,95,280528,86.47595561035759,6
0.05,3244,94,280622,86.47827426810478,7
0.05,3245,94,280716,86.48059149722735,7
0.05,3246,96,280812,86.48352325223283,6
0.05,3247,94,280906,86.48583743842364,7
0.05,3248,94,281000,86.48815020006155,7
0.05,3249,92,281092,86.48984615384616,9
0.05,3250,89,281181,86.49061827130114,12
0.05,3251,94,281275,86.49292742927429,7
0.05,3252,94,281369,86.49523516753766,7
0.05,3253,96,281465,86.49815611555009,6
0.05,3254,22,281487,86.47834101382489,12
0.05,3255,94,281581,86.4806511056511,7
0.05,3256,95,281676,86.4832668099478,6
0.05,3257,96,281772,86.48618784530387,6
0.05,3258,94,281866,86.48849340288432,7
0.05,3259,22,281888,86.46871165644171,12
0.05,3260,96,281984,86.47163446795462,6
0.05,3261,94,282078,86.47394236664623,7
0.05,3262,93,282171,86.47594238430892,8
0.05,3263,91,282262,86.47732843137256,10
0.05,3264,96,282358,86.4802450229709,6
0.05,3265,93,282451,86.48224127372933,9
0.05,3266,25,282476,86.46342209978573,8
0.05,3267,92,282568,86.46511627906976,9
0.05,3268,96,282664,86.46803303762618,6
0.05,3269,95,282759,86.47064220183486,7
0.05,3270,96,282855,86.47355548761847,6
0.05,3271,94,282949,86.47585574572128,7
0.05,3272,94,283043,86.47815459822793,7
0.05,3273,94,283137,86.4804520464264,7
0.05,3274,95,283232,86.4830534351145,6
0.05,3275,92,283324,86.48473748473748,9
0.05,3276,94,283418,86.48703082087275,7
0.05,3277,94,283512,86.48932275777914,7
0.05,3278,90,283602,86.4903934126258,11
0.05,3279,96,283698,86.49329268292684,6
0.05,3280,95,283793,86.49588540079245,6
0.05,3281,92,283885,86.49756246191346,9
0.05,3282,93,283978,86.49954310082242,8
0.05,3283,96,284074,86.50243605359317,6
0.05,3284,92,284166,86.5041095890411,10
0.05,3285,94,284260,86.50639074863055,7
0.05,3286,96,284356,86.5092789777913,6
0.05,3287,94,284450,86.51155717761557,7
0.05,3288,94,284544,86.51383399209486,7
0.05,3289,95,284639,86.51641337386019,6
0.05,3290,94,284733,86.51868732907931,7
0.05,3291,94,284827,86.52095990279466,7
0.05,3292,95,284922,86.52353477072579,6
0.05,3293,94,285016,86.5258044930176,7
0.05,3294,95,285111,86.52837632776935,6
0.05,3295,95,285206,86.53094660194175,6
0.05,3296,91,285297,86.53230209281165,10
0.05,3297,94,285391,86.53456640388114,7
0.05,3298,94,285485,86.53682934222492,7
0.05,3299,91,285576,86.53818181818181,10
0.05,3300,95,285671,86.54074522871856,6
0.05,3301,94,285765,86.54300423985464,7
0.05,3302,93,285858,86.5449591280654,8
0.05,3303,92,285950,86.54661016949153,9
0.05,3304,92,286042,86.5482602118003,9
0.05,3305,95,286137,86.5508166969147,6
0.05,3306,95,286232,86.5533716359238,6
0.05,3307,95,286327,86.55592503022974,7
0.05,3308,94,286421,86.55817467512844,7
0.05,3309,91,286512,86.5595166163142,10
0.05,3310,94,286606,86.56176381757777,7
0.05,3311,94,286700,86.56400966183575,7
0.05,3312,91,286791,86.5653486266224,10
0.05,3313,93,286884,86.56729028364514,8
0.05,3314,94,286978,86.56953242835596,7
0.05,3315,94,287072,86.57177322074789,9
0.05,3316,94,287166,86.57401266204401,8
0.05,3317,96,287262,86.57685352622062,6
0.05,3318,95,287357,86.57939138294667,6
0.05,3319,96,287453,86.58222891566265,6
0.05,3320,94,287547,86.58446251129178,7
0.05,3321,95,287642,86.58699578567128,7
0.05,3322,95,287737,86.58952753535962,6
0.05,3323,95,287832,86.59205776173285,6
0.05,3324,22,287854,86.57263157894737,11
0.05,3325,94,287948,86.57486470234515,7
0.05,3326,94,288042,86.5770964833183,7
0.05,3327,94,288136,86.57932692307692,7
0.05,3328,93,288229,86.58125563232201,10
0.05,3329,94,288323,86.58348348348348,7
0.05,3330,17,288340,86.56259381567097,15
0.05,3331,95,288435,86.56512605042016,6
0.05,3332,94,288529,86.56735673567357,8
0.05,3333,94,288623,86.56958608278345,7
0.05,3334,94,288717,86.57181409295352,7
0.05,3335,95,288812,86.57434052757793,6
0.05,3336,96,288908,86.57716511836979,6
0.05,3337,23,288931,86.55811863391253,9
0.05,3338,94,289025,86.56034740940402,8
0.05,3339,95,289120,86.562874251497,6
0.05,3340,94,289214,86.56510026938042,7
0.05,3341,23,289237,86.5460801915021,9
0.05,3342,92,289329,86.54771163625486,9
0.05,3343,94,289423,86.54994019138756,7
0.05,3344,93,289516,86.55186846038863,10
0.05,3345,96,289612,86.55469216975493,6
0.05,3346,95,289707,86.55721541679115,6
0.05,3347,92,289799,86.55884109916369,9
0.05,3348,94,289893,86.56106300388176,8
0.05,3349,95,289988,86.56358208955224,6
0.05,3350,95,290083,86.56609967173978,6
0.05,3351,96,290179,86.56891408114558,6
0.05,3352,89,290268,86.56963912913808,12
0.05,3353,91,290359,86.57096004770423,10
0.05,3354,91,290450,86.57228017883756,10
0.05,3355,22,290472,86.55303933253873,11
0.05,3356,96,290568,86.55585344057194,6
0.05,3357,92,290660,86.55747468731387,9
0.05,3358,93,290753,86.55939267639178,8
0.05,3359,92,290845,86.5610119047619,9
0.05,3360,94,290939,86.56322523058614,7
0.05,3361,94,291033,86.56543723973824,8
0.05,3362,94,291127,86.5676479333928,7
0.05,3363,96,291223,86.570451843044,6
0.05,3364,94,291317,86.57265973254086,8
0.05,3365,96,291413,86.57546048722519,6
0.05,3366,96,291509,86.57825957825958,6
0.05,3367,94,291603,86.58046318289786,8
0.05,3368,93,291696,86.58236865538736,8
0.05,3369,94,291790,86.58456973293768,8
0.05,3370,96,291886,86.58736280035598,6
0.05,3371,96,291982,86.59015421115065,6
0.05,3372,93,292075,86.59205455084495,8
0.05,3373,94,292169,86.59425014819206,8
0.05,3374,96,292265,86.59703703703704,6
0.05,3375,95,292360,86.5995260663507,6
0.05,3376,23,292383,86.58069292271247,9
0.05,3377,92,292475,86.58229721728834,9
0.05,3378,95,292570,86.58478839893459,6
0.05,3379,92,292662,86.58639053254439,9
0.05,3380,25,292687,86.5681750961254,8
0.05,3381,96,292783,86.57096392667061,6
0.05,3382,91,292874,86.57227313035767,10
0.05,3383,94,292968,86.57446808510639,7
0.05,3384,94,293062,86.57666174298375,7
0.05,3385,95,293157,86.57914943886591,7
0.05,3386,94,293251,86.58134041925007,7
0.05,3387,93,293344,86.58323494687131,8
0.05,3388,94,293438,86.58542342874004,7
0.05,3389,95,293533,86.58790560471977,6
0.05,3390,93,293626,86.58979652020054,8
0.05,3391,93,293719,86.59168632075472,8
0.05,3392,95,293814,86.59416445623341,6
0.05,3393,95,293909,86.59664113140836,6
0.05,3394,94,294003,86.59882179675994,7
0.05,3395,93,294096,86.60070671378092,8
0.05,3396,94,294190,86.6028848984398,7
0.05,3397,94,294284,86.60506180105945,8
0.05,3398,92,294376,86.606649014416,9
0.05,3399,92,294468,86.60823529411765,9
0.05,3400,17,294485,86.58776830344017,15
0.05,3401,95,294580,86.59024103468548,6
0.05,3402,95,294675,86.5927123126653,6
0.05,3403,92,294767,86.59430082256169,9
0.05,3404,94,294861,86.59647577092511,7
0.05,3405,89,294950,86.59718144450969,13
0.05,3406,94,295044,86.59935427061932,7
0.05,3407,94,295138,86.60152582159624,7
0.05,3408,94,295232,86.60369609856262,7
0.05,3409,22,295254,86.58475073313782,10
0.05,3410,24,295278,86.56640281442392,8
0.05,3411,92,295370,86.56799531066822,9
0.05,3412,95,295465,86.57046586580721,6
0.05,3413,95,295560,86.57293497363796,6
0.05,3414,94,295654,86.57510980966325,7
0.05,3415,91,295745,86.57640515222482,11
0.05,3416,96,295841,86.57916300848697,6
0.05,3417,94,295935,86.58133411351668,7
0.05,3418,96,296031,86.58408891488739,7
0.05,3419,94,296125,86.58625730994152,7
0.05,3420,92,296217,86.5878398129202,9
0.05,3421,95,296312,86.59029807130334,8
0.05,3422,94,296406,86.59246275197195,8
0.05,3423,94,296500,86.5946261682243,7
0.05,3424,94,296594,86.59678832116788,7
0.05,3425,93,296687,86.59865732632808,8
0.05,3426,90,296777,86.59964983950978,11
0.05,3427,96,296873,86.60239206534422,6
0.05,3428,90,296963,86.60338291046952,11
0.05,3429,95,297058,86.60583090379009,8
0.05,3430,95,297153,86.60827747012533,7
0.05,3431,94,297247,86.61043123543124,7
0.05,3432,94,297341,86.61258374599475,7
0.05,3433,96,297437,86.61531741409435,6
0.05,3434,94,297531,86.6174672489083,7
0.05,3435,96,297627,86.62019790454016,6
0.05,3436,94,297721,86.62234506837358,7
0.05,3437,92,297813,86.6239092495637,9
0.05,3438,95,297908,86.6263448676941,7
0.05,3439,92,298000,86.62790697674419,10
0.05,3440,96,298096,86.63063063063063,6
0.05,3441,91,298187,86.63190005810576,10
0.05,3442,94,298281,86.63404008132443,7
0.05,3443,96,298377,86.63675958188153,6
0.05,3444,96,298473,86.63947750362844,6
0.05,3445,94,298567,86.64161346488683,7
0.05,3446,93,298660,86.6434580794894,8
0.05,3447,92,298752,86.64501160092807,9
0.05,3448,94,298846,86.64714409973905,7
0.05,3449,96,298942,86.64985507246377,6
0.05,3450,95,299037,86.65227470298464,6
0.05,3451,92,299129,86.65382387022017,9
0.05,3452,94,299223,86.65595134665509,7
0.05,3453,95,299318,86.65836711059642,6
0.05,3454,92,299410,86.65991316931982,9
0.05,3455,94,299504,86.66203703703704,8
0.05,3456,92,299596,86.66358113971651,9
0.05,3457,94,299690,86.6657027183343,7
0.05,3458,90,299780,86.66666666666667,12
0.05,3459,94,299874,86.66878612716764,7
0.05,3460,94,299968,86.6709043629009,7
0.05,3461,94,300062,86.67302137492779,7
0.05,3462,94,300156,86.67513716430841,7
0.05,3463,94,300250,86.67725173210161,7
0.05,3464,95,300345,86.67965367965368,6
0.05,3465,96,300441,86.68234275822273,6
0.05,3466,25,300466,86.66455148543409,8
0.05,3467,94,300560,86.66666666666667,7
0.05,3468,93,300653,86.66849236091093,8
0.05,3469,94,300747,86.67060518731988,8
0.05,3470,94,300841,86.6727167963123,7
0.05,3471,92,300933,86.67425115207374,10
0.05,3472,96,301029,86.67693636625395,6
0.05,3473,94,301123,86.6790443293034,7
0.05,3474,92,301215,86.68057553956835,9
0.05,3475,93,301308,86.68239355581127,8
0.05,3476,96,301404,86.68507333908542,6
0.05,3477,92,301496,86.68660149511213,9
0.05,3478,92,301588,86.68812877263582,9
0.05,3479,94,301682,86.69022988505748,7
0.05,3480,94,301776,86.69232979029015,7
0.05,3481,94,301870,86.69442848937392,7
0.05,3482,94,301964,86.69652598334768,7
0.05,3483,92,302056,86.69804822043628,9
0.05,3484,23,302079,86.67977044476328,9
0.05,3485,92,302171,86.68129661503156,9
0.05,3486,95,302266,86.68368224835102,7
0.05,3487,91,302357,86.68491972477064,10
0.05,3488,95,302452,86.68730295213528,6
0.05,3489,92,302544,86.68882521489971,9
0.05,3490,95,302639,86.69120595817817,6
0.05,3491,92,302731,86.69272623138602,9
0.05,3492,95,302826,86.6951044947037,6
0.05,3493,92,302918,86.69662278191186,9
0.05,3494,92,303010,86.69814020028612,9
0.05,3495,92,303102,86.69965675057209,10
0.05,3496,93,303195,86.70145839290821,9
0.05,3497,93,303288,86.7032590051458,8
0.05,3498,94,303382,86.70534438410975,7
0.05,3499,95,303477,86.70771428571429,6
0.05,3500,92,303569,86.70922593544701,9
0.05,3501,94,303663,86.71130782410052,7
0.05,3502,94,303757,86.71338852412218,7
0.05,3503,96,303853,86.71603881278538,6
0.05,3504,25,303878,86.6984308131241,8
0.05,3505,91,303969,86.69965772960639,10
0.05,3506,92,304061,86.70116909039065,9
0.05,3507,94,304155,86.70324971493729,7
0.05,3508,95,304250,86.70561413508122,8
0.05,3509,91,304341,86.70683760683761,12
0.05,3510,92,304433,86.7083452007975,9
0.05,3511,91,304524,86.70956719817768,10
0.05,3512,94,304618,86.71164247082265,7
0.05,3513,92,304710,86.71314741035856,10
0.05,3514,94,304804,86.71522048364153,7
0.05,3515,23,304827,86.69709897610922,9
0.05,3516,94,304921,86.69917543360819,8
0.05,3517,91,305012,86.7003979533826,10
0.05,3518,96,305108,86.70304063654447,6
0.05,3519,94,305202,86.70511363636363,7
0.05,3520,94,305296,86.7071854586765,8
0.05,3521,96,305392,86.70982396365702,6
0.05,3522,92,305484,86.71132557479422,11
0.05,3523,94,305578,86.71339387060159,7
0.05,3524,94,305672,86.71546099290781,8
0.05,3525,92,305764,86.7169597277368,9
0.05,3526,88,305852,86.71732350439467,13
0.05,3527,94,305946,86.71938775510205,8
0.05,3528,90,306036,86.72031737035988,11
0.05,3529,92,306128,86.72181303116147,9
0.05,3530,94,306222,86.72387425658454,8
0.05,3531,94,306316,86.72593431483578,7
0.05,3532,94,306410,86.7279932069063,7
0.05,3533,93,306503,86.72976796830787,8
0.05,3534,95,306598,86.73210749646393,6
0.05,3535,94,306692,86.7341628959276,7
0.05,3536,94,306786,86.73621713316369,7
0.05,3537,96,306882,86.73883550028265,6
0.05,3538,93,306975,86.74060469059056,8
0.05,3539,94,307069,86.74265536723163,7
0.05,3540,94,307163,86.74470488562552,7
0.05,3541,96,307259,86.74731789949182,6
0.05,3542,95,307354,86.7496471916455,7
0.05,3543,96,307450,86.75225733634312,6
0.05,3544,95,307545,86.75458392101551,6
0.05,3545,94,307639,86.7566271855612,7
0.05,3546,94,307733,86.75866929799831,7
0.05,3547,92,307825,86.76014656144307,9
0.05,3548,89,307914,86.76077768385461,12
0.05,3549,92,308006,86.76225352112677,9
0.05,3550,95,308101,86.764573359617,6
0.05,3551,94,308195,86.76661036036036,7
0.05,3552,94,308289,86.76864621446664,7
0.05,3553,94,308383,86.77068092290376,7
0.05,3554,91,308474,86.771870604782,11
0.05,3555,94,308568,86.77390326209223,7
0.05,3556,95,308663,86.77621591228564,6
0.05,3557,94,308757,86.77824620573355,8
0.05,3558,94,308851,86.7802753582467,7
0.05,3559,95,308946,86.78258426966292,6
0.05,3560,96,309042,86.78517270429654,6
0.05,3561,94,309136,86.7871982032566,8
0.05,3562,92,309228,86.78866124052765,9
0.05,3563,93,309321,86.79040404040404,8
0.05,3564,93,309414,86.7921458625526,8
0.05,3565,93,309507,86.79388670779585,10
0.05,3566,94,309601,86.79590692458649,8
0.05,3567,94,309695,86.79792600896862,7
0.05,3568,96,309791,86.8005043429532,6
0.05,3569,90,309881,86.8014005602241,11
0.05,3570,93,309974,86.80313637636516,9
0.05,3571,94,310068,86.80515117581187,7
0.05,3572,94,310162,86.80716484746712,7
0.05,3573,95,310257,86.80945719082261,6
0.05,3574,95,310352,86.81174825174826,6
0.05,3575,93,310445,86.81347874720358,8
0.05,3576,24,310469,86.79591836734694,8
0.05,3577,95,310564,86.79821129122415,6
0.05,3578,89,310653,86.79882648784577,12
0.05,3579,96,310749,86.80139664804469,6
0.05,3580,94,310843,86.8034068695895,8
0.05,3581,96,310939,86.80597431602456,6
0.05,3582,95,311034,86.80826123360312,8
0.05,3583,94,311128,86.81026785714286,7
0.05,3584,93,311221,86.81199442119944,8
0.05,3585,92,311313,86.81344116006693,9
0.05,3586,96,311409,86.816002230276,6
0.05,3587,90,311499,86.81688963210702,11
0.05,3588,94,311593,86.81889105600446,7
0.05,3589,93,311686,86.82061281337047,9
0.05,3590,94,311780,86.82261208576998,7
0.05,3591,96,311876,86.82516703786192,6
0.05,3592,94,311970,86.82716392986363,7
0.05,3593,94,312064,86.82915971062883,7
0.05,3594,92,312156,86.83059805285119,9
0.05,3595,-46,312110,86.79365962180201,10
0.05,3596,94,312204,86.79566305254379,7
0.05,3597,94,312298,86.7976653696498,7
0.05,3598,91,312389,86.79883300916921,11
0.05,3599,94,312483,86.80083333333333,7
0.05,3600,92,312575,86.80227714523744,9
0.05,3601,93,312668,86.80399777901167,8
0.05,3602,95,312763,86.80627255065224,8
0.05,3603,93,312856,86.8079911209767,8
0.05,3604,91,312947,86.80915395284327,11
0.05,3605,94,313041,86.81114808652246,7
0.05,3606,95,313136,86.81341835320211,6
0.05,3607,94,313230,86.81541019955654,7
0.05,3608,95,313325,86.81767802715433,6
0.05,3609,96,313421,86.8202216066482,6
0.05,3610,19,313440,86.80144004430906,13
0.05,3611,95,313535,86.80370985603544,6
0.05,3612,91,313626,86.80487129809023,10
0.05,3613,95,313721,86.80713890426121,6
0.05,3614,92,313813,86.80857538035961,9
0.05,3615,94,313907,86.81056415929204,7
0.05,3616,90,313997,86.81144594968205,11
0.05,3617,96,314093,86.81398562741846,6
0.05,3618,94,314187,86.81597126277977,8
0.05,3619,94,314281,86.81795580110497,7
0.05,3620,93,314374,86.8196630764982,9
0.05,3621,94,314468,86.82164549972391,7
0.05,3622,93,314561,86.82335081424235,8
0.05,3623,93,314654,86.82505518763797,9
0.05,3624,96,314750,86.82758620689656,6
0.05,3625,95,314845,86.82984004412576,6
0.05,3626,93,314938,86.831541218638,8
0.05,3627,90,315028,86.83241455347299,11
0.05,3628,93,315121,86.83411408101405,8
0.05,3629,90,315211,86.83498622589532,11
0.05,3630,95,315306,86.83723492150922,6
0.05,3631,90,315396,86.83810572687224,11
0.05,3632,90,315486,86.83897605284889,11
0.05,3633,94,315580,86.84094661529994,7
0.05,3634,95,315675,86.84319119669877,6
0.05,3635,93,315768,86.84488448844884,8
0.05,3636,22,315790,86.82705526532857,10
0.05,3637,96,315886,86.82957669048928,6
0.05,3638,93,315979,86.83127232756252,8
0.05,3639,95,316074,86.83351648351649,8
0.05,3640,95,316169,86.83575940675638,7
0.05,3641,95,316264,86.83800109829764,6
0.05,3642,23,316287,86.8204776283283,9
0.05,3643,93,316380,86.82217343578485,8
0.05,3644,21,316401,86.80411522633744,11
0.05,3645,94,316495,86.80608886450905,7
0.05,3646,25,316520,86.78914176035097,7
0.05,3647,93,316613,86.79084429824562,8
0.05,3648,92,316705,86.79227185530283,9
0.05,3649,94,316799,86.79424657534247,7
0.05,3650,95,316894,86.7964941112024,6
0.05,3651,91,316985,86.79764512595838,10
0.05,3652,92,317077,86.79906925814399,9
0.05,3653,95,317172,86.80131362889983,6
0.05,3654,94,317266,86.80328317373461,7
0.05,3655,94,317360,86.80525164113786,9
0.05,3656,94,317454,86.80721903199344,7
0.05,3657,96,317550,86.80973209404046,6
0.05,3658,23,317573,86.79229297622301,9
0.05,3659,94,317667,86.79426229508196,7
0.05,3660,24,317691,86.77711007921333,8
0.05,3661,96,317787,86.7796286182414,6
0.05,3662,95,317882,86.78187278187278,7
0.05,3663,94,317976,86.78384279475982,8
0.05,3664,22,317998,86.76616643929059,10
0.05,3665,94,318092,86.76813966175668,7
0.05,3666,95,318187,86.77038451049904,6
0.05,3667,94,318281,86.77235550708834,7
0.05,3668,94,318375,86.77432542927228,7
0.05,3669,93,318468,86.77602179836512,8
0.05,3670,92,318560,86.77744483791882,9
0.05,3671,93,318653,86.7791394335512,8
0.05,3672,89,318742,86.77974407841002,12
0.05,3673,96,318838,86.78225367446925,6
0.05,3674,95,318933,86.78448979591836,6
0.05,3675,93,319026,86.78618063112079,8
0.05,3676,18,319044,86.76747348381834,14
0.05,3677,91,319135,86.76862425231104,10
0.05,3678,94,319229,86.77058983419407,7
0.05,3679,94,319323,86.77255434782609,7
0.05,3680,95,319418,86.77478945938604,6
0.05,3681,96,319514,86.77729494839761,6
0.05,3682,96,319610,86.77979907683954,6
0.05,3683,95,319705,86.78203040173725,6
0.05,3684,93,319798,86.78371777476255,8
0.05,3685,92,319890,86.78513293543136,9
0.05,3686,94,319984,86.78708977488473,7
0.05,3687,94,320078,86.78904555314534,8
0.05,3688,89,320167,86.78964489021415,12
0.05,3689,94,320261,86.79159891598916,7
0.05,3690,94,320355,86.79355188295855,7
0.05,3691,92,320447,86.79496208017335,9
0.05,3692,94,320541,86.79691307879773,7
0.05,3693,94,320635,86.79886302111532,8
0.05,3694,95,320730,86.80108254397835,6
0.05,3695,93,320823,86.80275974025975,8
0.05,3696,92,320915,86.80416553962672,9
0.05,3697,89,321004,86.80475932936723,12
0.05,3698,92,321096,86.80616382806164,9
0.05,3699,89,321185,86.80675675675676,12
0.05,3700,96,321281,86.80924074574439,6
0.05,3701,94,321375,86.81118314424636,7
0.05,3702,94,321469,86.81312449365379,8
0.05,3703,92,321561,86.81452483801296,9
0.05,3704,95,321656,86.81673414304993,6
0.05,3705,92,321748,86.81813275769024,9
0.05,3706,95,321843,86.82033989749124,8
0.05,3707,92,321935,86.82173678532902,9
0.05,3708,94,322029,86.82367214882717,7
0.05,3709,95,322124,86.82587601078167,6
0.05,3710,92,322216,86.82727027755323,9
0.05,3711,93,322309,86.82893318965517,8
0.05,3712,95,322404,86.83113385402639,6
0.05,3713,94,322498,86.83306408185246,7
0.05,3714,96,322594,86.83553162853298,6
0.05,3715,94,322688,86.83745963401508,8
0.05,3716,95,322783,86.8396556362658,7
0.05,3717,93,322876,86.84131253362023,9
0.05,3718,92,322968,86.84269965044366,9
0.05,3719,92,323060,86.84408602150538,9
0.05,3720,93,323153,86.84574039236765,9
0.05,3721,95,323248,86.84793121977431,6
0.05,3722,96,323344,86.85038947085684,6
0.05,3723,94,323438,86.85230934479054,8
0.05,3724,94,323532,86.85422818791946,7
0.05,3725,22,323554,86.83682232957595,11
0.05,3726,95,323649,86.83901261067884,6
0.05,3727,94,323743,86.84093347639485,7
0.05,3728,23,323766,86.82381335478681,9
0.05,3729,95,323861,86.8260053619303,6
0.05,3730,94,323955,86.82792816939158,7
0.05,3731,25,323980,86.81136120042872,8
0.05,3732,94,324074,86.81328690061612,7
0.05,3733,94,324168,86.81521156936262,7
0.05,3734,92,324260,86.81659973226239,9
0.05,3735,93,324353,86.81825481798715,8
0.05,3736,96,324449,86.82071180090982,7
0.05,3737,19,324468,86.80256821829856,13
0.05,3738,94,324562,86.80449317999465,7
0.05,3739,94,324656,86.80641711229947,7
0.05,3740,96,324752,86.80887463245122,6
0.05,3741,94,324846,86.8107963655799,8
0.05,3742,95,324941,86.81298423724286,6
0.05,3743,96,325037,86.81543803418803,6
0.05,3744,24,325061,86.79866488651535,8
0.05,3745,93,325154,86.80032034169781,8
0.05,3746,96,325250,86.80277555377636,6
0.05,3747,94,325344,86.80469583778014,7
0.05,3748,95,325439,86.80688183515605,6
0.05,3749,93,325532,86.80853333333333,8
0.05,3750,95,325627,86.81071714209544,6
0.05,3751,94,325721,86.81263326226012,7
0.05,3752,92,325813,86.81401545430323,9
0.05,3753,94,325907,86.81592967501332,7
0.05,3754,94,326001,86.81784287616512,7
0.05,3755,94,326095,86.81975505857295,7
0.05,3756,94,326189,86.8216662230503,7
0.05,3757,94,326283,86.8235763704098,7
0.05,3758,95,326378,86.82575152966214,6
0.05,3759,93,326471,86.82739361702127,8
0.05,3760,94,326565,86.82930071789417,8
0.05,3761,95,326660,86.8314726209463,6
0.05,3762,95,326755,86.83364336965187,7
0.05,3763,94,326849,86.83554729011689,8
0.05,3764,94,326943,86.83745019920319,7
0.05,3765,95,327038,86.8396176314392,6
0.05,3766,93,327131,86.84125298646137,8
0.05,3767,91,327222,86.84235668789809,10
0.05,3768,94,327316,86.84425577076148,7
0.05,3769,91,327407,86.84535809018567,10
0.05,3770,94,327501,86.8472553699284,7
0.05,3771,92,327593,86.84862142099682,9
0.05,3772,94,327687,86.85051683010866,7
0.05,3773,96,327783,86.8529411764706,6
0.05,3774,96,327879,86.8553642384106,6
0.05,3775,94,327973,86.85725635593221,7
0.05,3776,95,328068,86.85941223193011,7
0.05,3777,94,328162,86.86130227633669,7
0.05,3778,94,328256,86.86319132045514,7
0.05,3779,94,328350,86.86507936507937,8
0.05,3780,92,328442,86.86643745040995,9
0.05,3781,93,328535,86.86805922792173,8
0.05,3782,94,328629,86.86994448850119,7
0.05,3783,94,328723,86.8718287526427,7
0.05,3784,94,328817,86.87371202113606,7
0.05,3785,94,328911,86.87559429477021,7
0.05,3786,94,329005,86.87747557433325,7
0.05,3787,95,329100,86.87961985216474,6
0.05,3788,20,329120,86.86196885721826,13
0.05,3789,94,329214,86.86385224274406,7
0.05,3790,92,329306,86.86520706937483,9
0.05,3791,94,329400,86.86708860759494,8
0.05,3792,94,329494,86.86896915370419,7
0.05,3793,96,329590,86.87137585661571,6
0.05,3794,94,329684,86.87325428194994,7
0.05,3795,93,329777,86.87486828240253,10
0.05,3796,94,329871,86.87674479852515,7
0.05,3797,95,329966,86.87888362295945,8
0.05,3798,94,330060,86.88075809423532,7
0.05,3799,94,330154,86.88263157894737,7
0.05,3800,92,330246,86.88397790055248,11
0.05,3801,92,330338,86.88532351394004,9
0.05,3802,92,330430,86.88666841966868,9
0.05,3803,95,330525,86.88880126182966,6
0.05,3804,93,330618,86.8904073587385,8
0.05,3805,-48,330570,86.85496584340515,11
0.05,3806,93,330663,86.85657998423956,9
0.05,3807,96,330759,86.85898109243698,6
0.05,3808,93,330852,86.86059333158309,8
0.05,3809,94,330946,86.86246719160106,7
0.05,3810,95,331041,86.86460246654421,7
0.05,3811,91,331132,86.86568730325288,12
0.05,3812,21,331153,86.8484133228429,13
0.05,3813,94,331247,86.85028841111694,8
0.05,3814,92,331339,86.85163826998689,9
0.05,3815,94,331433,86.85351153039832,7
0.05,3816,93,331526,86.85512182342154,8
0.05,3817,90,331616,86.85594552121529,11
0.05,3818,95,331711,86.85807803089814,6
0.05,3819,92,331803,86.85942408376964,9
0.05,3820,95,331898,86.86155456686731,7
0.05,3821,-48,331850,86.82626896912612,12
0.05,3822,94,331944,86.82814543552185,7
0.05,3823,94,332038,86.8300209205021,8
0.05,3824,94,332132,86.8318954248366,7
0.05,3825,89,332221,86.8324621014114,12
0.05,3826,95,332316,86.83459628952181,6
0.05,3827,93,332409,86.83620689655173,8
0.05,3828,92,332501,86.83755549751893,9
0.05,3829,95,332596,86.8396866840731,6
0.05,3830,94,332690,86.84155572957452,7
0.05,3831,94,332784,86.84342379958247,7
0.05,3832,94,332878,86.84529089486043,7
0.05,3833,93,332971,86.84689619196662,8
0.05,3834,16,332987,86.8284224250326,18
0.05,3835,93,333080,86.83003128258602,8
0.05,3836,94,333174,86.83189992181391,7
0.05,3837,91,333265,86.83298593017196,10
0.05,3838,96,333361,86.83537379525919,6
0.05,3839,95,333456,86.8375,6
0.05,3840,89,333545,86.83806300442593,13
0.05,3841,17,333562,86.81988547631443,15
0.05,3842,94,333656,86.82175383814729,7
0.05,3843,94,333750,86.82362122788761,7
0.05,3844,93,333843,86.82522756827048,8
0.05,3845,92,333935,86.82657306292252,10
0.05,3846,92,334027,86.82791785807123,9
0.05,3847,94,334121,86.82978170478171,7
0.05,3848,92,334213,86.83112496752403,9
0.05,3849,96,334309,86.83350649350649,6
0.05,3850,96,334405,86.83588678265386,6
0.05,3851,18,334423,86.81801661474559,15
0.05,3852,94,334517,86.81988061250973,7
0.05,3853,92,334609,86.82122470160871,9
0.05,3854,92,334701,86.82256809338521,9
0.05,3855,95,334796,86.8246887966805,6
0.05,3856,94,334890,86.82654913144931,7
0.05,3857,96,334986,86.82892690513219,6
0.05,3858,95,335081,86.83104431199793,6
0.05,3859,93,335174,86.83264248704663,8
0.05,3860,94,335268,86.83449883449883,7
0.05,3861,24,335292,86.81822889694459,8
0.05,3862,96,335388,86.82060574682889,6
0.05,3863,24,335412,86.80434782608695,8
0.05,3864,92,335504,86.80569210866753,9
0.05,3865,94,335598,86.80755302638386,8
0.05,3866,96,335694,86.8099301784329,6
0.05,3867,96,335790,86.81230610134436,6
0.05,3868,94,335884,86.8141638666322,7
0.05,3869,95,335979,86.81627906976745,6
0.05,3870,94,336073,86.81813484887626,7
0.05,3871,-52,336021,86.78228305785125,16
0.05,3872,94,336115,86.78414665633875,7
0.05,3873,96,336211,86.78652555498194,6
0.05,3874,95,336306,86.78864516129032,7
0.05,3875,92,336398,86.78998968008256,9
0.05,3876,25,336423,86.77405210214083,8
0.05,3877,96,336519,86.77643115007736,6
0.05,3878,90,336609,86.77726218097447,11
0.05,3879,92,336701,86.77860824742268,9
0.05,3880,20,336721,86.76140170059263,12
0.05,3881,24,336745,86.74523441524987,10
0.05,3882,94,336839,86.74710275560133,7
0.05,3883,93,336932,86.74871266735325,9
0.05,3884,95,337027,86.75083655083655,6
0.05,3885,92,337119,86.75218733916624,9
0.05,3886,21,337140,86.73527141754566,11
0.05,3887,25,337165,86.71939300411523,8
0.05,3888,92,337257,86.72075083569041,9
0.05,3889,95,337352,86.72287917737789,6
0.05,3890,94,337446,86.72474942174249,7
0.05,3891,95,337541,86.72687564234327,6
0.05,3892,-50,337491,86.69175443103005,13
0.05,3893,93,337584,86.69337442218799,8
0.05,3894,96,337680,86.69576379974326,6
0.05,3895,96,337776,86.69815195071868,6
0.05,3896,96,337872,86.7005388760585,6
0.05,3897,96,337968,86.702924576706,6
0.05,3898,94,338062,86.7047961015645,7
0.05,3899,95,338157,86.70692307692308,8
0.05,3900,94,338251,86.70879261727762,8
0.05,3901,92,338343,86.7101486417222,11
0.05,3902,85,338428,86.70971047911863,16
0.05,3903,18,338446,86.69211065573771,15
0.05,3904,91,338537,86.6932138284251,10
0.05,3905,93,338630,86.69482846902201,8
0.05,3906,90,338720,86.69567443050934,11
0.05,3907,93,338813,86.69728761514841,8
0.05,3908,95,338908,86.69941161422359,6
0.05,3909,94,339002,86.70127877237852,7
0.05,3910,96,339098,86.70365635387368,6
0.05,3911,92,339190,86.70501022494888,9
0.05,3912,95,339285,86.7071300792231,6
0.05,3913,93,339378,86.70873786407768,8
0.05,3914,95,339473,86.71085568326947,6
0.05,3915,92,339565,86.71220633299285,9
0.05,3916,90,339655,86.71304569823845,11
0.05,3917,92,339747,86.71439509954058,9
0.05,3918,92,339839,86.71574381219699,9
0.05,3919,96,339935,86.71811224489795,6
0.05,3920,91,340026,86.71920428462127,11
0.05,3921,96,340122,86.721570627231,6
0.05,3922,92,340214,86.7229161356105,9
0.05,3923,95,340309,86.72502548419979,6
0.05,3924,92,340401,86.72636942675159,9
0.05,3925,91,340492,86.72745797249108,10
0.05,3926,94,340586,86.7293099057805,7
0.05,3927,94,340680,86.73116089613035,7
0.05,3928,95,340775,86.7332654619496,6
0.05,3929,92,340867,86.73460559796438,10
0.05,3930,94,340961,86.73645382854235,7
0.05,3931,95,341056,86.7385554425229,6
0.05,3932,94,341150,86.74040172896008,7
0.05,3933,89,341239,86.74097610574479,12
0.05,3934,96,341335,86.7433290978399,6
0.05,3935,95,341430,86.7454268292683,6
0.05,3936,87,341517,86.74549149098299,14
0.05,3937,93,341610,86.74707973590655,8
0.05,3938,93,341703,86.74866717440975,8
0.05,3939,92,341795,86.75,10
0.05,3940,96,341891,86.7523471200203,6
0.05,3941,94,341985,86.75418569254185,7
0.05,3942,94,342079,86.75602333248796,7
0.05,3943,93,342172,86.7576064908722,8
0.05,3944,23,342195,86.74144486692015,9
0.05,3945,95,342290,86.74353775975672,6
0.05,3946,96,342386,86.74588294907525,6
0.05,3947,94,342480,86.74772036474164,7
0.05,3948,95,342575,86.74981007850089,6
0.05,3949,93,342668,86.75139240506329,8
0.05,3950,92,342760,86.75272083016958,10
0.05,3951,94,342854,86.75455465587045,7
0.05,3952,95,342949,86.75664052618265,8
0.05,3953,94,343043,86.75847243297926,7
0.05,3954,94,343137,86.76030341340076,7
0.05,3955,-48,343089,86.72623862487362,11
0.05,3956,94,343183,86.72807682587819,7
0.05,3957,94,343277,86.72991409802931,7
0.05,3958,91,343368,86.73099267491791,11
0.05,3959,94,343462,86.73282828282828,8
0.05,3960,92,343554,86.73415804089876,9
0.05,3961,94,343648,86.73599192327107,7
0.05,3962,91,343739,86.7370678778703,10
0.05,3963,94,343833,86.73890010090817,7
0.05,3964,95,343928,86.74098360655738,6
0.05,3965,94,344022,86.7428139183056,7
0.05,3966,93,344115,86.74439122762793,8
0.05,3967,94,344209,86.74621975806451,7
0.05,3968,93,344302,86.74779541446208,8
0.05,3969,94,344396,86.74962216624685,7
0.05,3970,88,344484,86.74993704356585,14
0.05,3971,23,344507,86.73388721047331,9
0.05,3972,90,344597,86.73470928769191,11
0.05,3973,90,344687,86.73553095118268,11
0.05,3974,94,344781,86.73735849056604,7
0.05,3975,93,344874,86.73893360160966,9
0.05,3976,94,344968,86.74075936635656,7
0.05,3977,94,345062,86.74258421317245,7
0.05,3978,91,345153,86.74365418446845,10
0.05,3979,95,345248,86.74572864321608,7
0.05,3980,95,345343,86.74780205978398,6
0.05,3981,95,345438,86.7498744349573,6
0.05,3982,94,345532,86.75169470248557,7
0.05,3983,95,345627,86.75376506024097,6
0.05,3984,92,345719,86.75508155583438,9
0.05,3985,93,345812,86.75664826894129,8
0.05,3986,96,345908,86.75896664158515,6
0.05,3987,94,346002,86.76078234704113,7
0.05,3988,23,346025,86.74479819503635,10
0.05,3989,96,346121,86.74711779448621,6
0.05,3990,91,346212,86.74818341267853,10
0.05,3991,92,346304,86.74949899799599,9
0.05,3992,95,346399,86.75156523916854,6
0.05,3993,94,346493,86.75338007010515,7
0.05,3994,95,346588,86.75544430538173,6
0.05,3995,95,346683,86.75750750750751,8
0.05,3996,95,346778,86.75956967725794,7
0.05,3997,94,346872,86.76138069034518,7
0.05,3998,95,346967,86.76344086021506,6
0.05,3999,96,347063,86.76575,6
0.05,4000,96,347159,86.76805798550362,6
0.05,4001,92,347251,86.76936531734133,9
0.05,4002,96,347347,86.77167124656508,6
0.05,4003,94,347441,86.77347652347652,7
0.05,4004,24,347465,86.7578027465668,9
0.05,4005,95,347560,86.75986020968547,6
0.05,4006,90,347650,86.7606688295483,11
0.05,4007,92,347742,86.7619760479042,9
0.05,4008,90,347832,86.76278373659267,11
0.05,4009,95,347927,86.7648379052369,7
0.05,4010,95,348022,86.76689104961356,6
0.05,4011,92,348114,86.76819541375872,9
0.05,4012,95,348209,86.77024669823075,6
0.05,4013,96,348305,86.77254608868958,6
0.05,4014,96,348401,86.77484433374845,6
0.05,4015,94,348495,86.77664342629483,7
0.05,4016,93,348588,86.7781926811053,8
0.05,4017,92,348680,86.77949228471877,9
0.05,4018,96,348776,86.78178651405823,6
0.05,4019,93,348869,86.78333333333333,8
0.05,4020,96,348965,86.78562546630191,6
0.05,4021,92,349057,86.78692192938837,10
0.05,4022,94,349151,86.78871488938603,7
0.05,4023,96,349247,86.79100397614314,6
0.05,4024,93,349340,86.79254658385094,8
0.05,4025,93,349433,86.79408842523597,8
0.05,4026,96,349529,86.7963744723119,6
0.05,4027,22,349551,86.78028798411123,10
0.05,4028,96,349647,86.7825763216679,6
0.05,4029,93,349740,86.78411910669975,8
0.05,4030,96,349836,86.78640535847184,6
0.05,4031,95,349931,86.78844246031746,6
0.05,4032,96,350027,86.79072650632284,6
0.05,4033,94,350121,86.79251363411007,7
0.05,4034,91,350212,86.79355638166047,10
0.05,4035,95,350307,86.79558969276512,6
0.05,4036,24,350331,86.78003467921724,8
0.05,4037,-50,350281,86.74616146607231,14
0.05,4038,94,350375,86.74795741520178,7
0.05,4039,94,350469,86.74975247524752,7
0.05,4040,91,350560,86.75080425637219,10
0.05,4041,93,350653,86.75235032162296,8
0.05,4042,17,350670,86.73509769972793,15
0.05,4043,94,350764,86.73689416419387,7
0.05,4044,93,350857,86.73844252163164,8
0.05,4045,95,350952,86.74048442906575,7
0.05,4046,94,351046,86.74227823078824,7
0.05,4047,93,351139,86.74382411067194,9
0.05,4048,95,351234,86.74586317609287,6
0.05,4049,95,351329,86.7479012345679,7
0.05,4050,95,351424,86.74993828684275,6
0.05,4051,94,351518,86.7517275419546,7
0.05,4052,93,351611,86.753269183321,8
0.05,4053,89,351700,86.75382338431179,12
0.05,4054,94,351794,86.75561035758324,7
0.05,4055,93,351887,86.75714990138067,10
0.05,4056,93,351980,86.75868868622135,8
0.05,4057,94,352074,86.76047313947757,7
0.05,4058,93,352167,86.7620103473762,8
0.05,4059,96,352263,86.76428571428572,6
0.05,4060,94,352357,86.76606747106624,7
0.05,4061,95,352452,86.76809453471196,8
0.05,4062,91,352543,86.76913610632538,11
0.05,4063,94,352637,86.77091535433071,7
0.05,4064,94,352731,86.77269372693726,7
0.05,4065,93,352824,86.77422528283326,9
0.05,4066,18,352842,86.75731497418245,14
0.05,4067,-56,352786,86.72222222222223,20
0.05,4068,95,352881,86.72425657409683,6
0.05,4069,95,352976,86.72628992628992,6
0.05,4070,89,353065,86.72684844018669,12
0.05,4071,96,353161,86.72912573673871,6
0.05,4072,94,353255,86.7309108765038,7
0.05,4073,94,353349,86.73269513991164,7
0.05,4074,95,353444,86.73472392638037,7
0.05,4075,92,353536,86.73601570166831,9
0.05,4076,96,353632,86.738287956831,6
0.05,4077,95,353727,86.74031387935263,6
0.05,4078,92,353819,86.74160333415053,9
0.05,4079,93,353912,86.74313725490197,9
0.05,4080,87,353999,86.74320019603039,15
0.05,4081,94,354093,86.74497795198432,7
0.05,4082,94,354187,86.74675483712956,8
0.05,4083,94,354281,86.74853085210577,7
0.05,4084,96,354377,86.75079559363525,6
0.05,4085,22,354399,86.73494860499265,10
0.05,4086,94,354493,86.73672620504037,7
0.05,4087,93,354586,86.73825831702544,8
0.05,4088,92,354678,86.7395451210565,9
0.05,4089,94,354772,86.74132029339853,8
0.05,4090,95,354867,86.74333903691029,6
0.05,4091,94,354961,86.74511241446726,7
0.05,4092,94,355055,86.74688492548253,7
0.05,4093,92,355147,86.74816805080606,9
0.05,4094,94,355241,86.74993894993895,7
0.05,4095,22,355263,86.734130859375,10
0.05,4096,92,355355,86.73541615816451,9
0.05,4097,92,355447,86.73670082967301,9
0.05,4098,96,355543,86.73896072212735,6
0.05,4099,94,355637,86.74073170731707,7
0.05,4100,94,355731,86.74250182882224,7
0.05,4101,94,355825,86.7442710872745,7
0.05,4102,92,355917,86.74555203509627,9
0.05,4103,92,356009,86.74683235867447,9
0.05,4104,92,356101,86.74811205846528,11
0.05,4105,96,356197,86.7503653190453,6
0.05,4106,96,356293,86.75261748234722,6
0.05,4107,22,356315,86.73685491723467,10
0.05,4108,95,356410,86.73886590411293,6
0.05,4109,94,356504,86.74063260340633,8
0.05,4110,94,356598,86.74239844320117,7
0.05,4111,93,356691,86.74392023346303,8
0.05,4112,94,356785,86.74568441526866,7
0.05,4113,95,356880,86.74769081186193,7
0.05,4114,96,356976,86.74993924665857,6
0.05,4115,94,357070,86.75170068027211,7
0.05,4116,92,357162,86.75297546757348,9
0.05,4117,95,357257,86.75497814473046,6
0.05,4118,23,357280,86.73949987861131,9
0.05,4119,94,357374,86.74126213592233,7
0.05,4120,94,357468,86.74302353797621,7
0.05,4121,94,357562,86.74478408539544,7
0.05,4122,94,357656,86.74654377880184,7
0.05,4123,94,357750,86.74830261881668,7
0.05,4124,94,357844,86.7500606060606,8
0.05,4125,96,357940,86.75230247212797,6
0.05,4126,96,358036,86.75454325175673,6
0.05,4127,94,358130,86.7562984496124,7
0.05,4128,94,358224,86.75805279728748,7
0.05,4129,94,358318,86.75980629539951,7
0.05,4130,96,358414,86.76204308884047,6
0.05,4131,95,358509,86.76403678606002,7
0.05,4132,92,358601,86.76530365352045,9
0.05,4133,94,358695,86.76705370101597,7
0.05,4134,94,358789,86.76880290205563,7
0.05,4135,92,358881,86.77006769825918,9
0.05,4136,96,358977,86.77229876722262,6
0.05,4137,96,359073,86.77452875785404,6
0.05,4138,95,359168,86.77651606668277,7
0.05,4139,94,359262,86.77826086956522,7
0.05,4140,93,359355,86.77976334218788,8
0.05,4141,90,359445,86.78054080154514,11
0.05,4142,92,359537,86.78180062756456,9
0.05,4143,95,359632,86.78378378378379,7
0.05,4144,92,359724,86.78504221954162,9
0.05,4145,20,359744,86.76893391220453,14
0.05,4146,94,359838,86.7706775982638,7
0.05,4147,96,359934,86.77290260366442,6
0.05,4148,94,360028,86.77464449264883,7
0.05,4149,92,360120,86.77590361445783,9
0.05,4150,24,360144,86.76078053481089,8
0.05,4151,93,360237,86.76228323699422,8
0.05,4152,88,360325,86.76258126655429,13
0.05,4153,23,360348,86.74723158401541,9
0.05,4154,22,360370,86.73164861612516,11
0.05,4155,96,360466,86.73387872954764,6
0.05,4156,95,360561,86.73586721193168,6
0.05,4157,95,360656,86.73785473785473,6
0.05,4158,19,360675,86.72156768453955,13
0.05,4159,96,360771,86.72379807692307,6
0.05,4160,94,360865,86.72554674357126,7
0.05,4161,93,360958,86.72705430081692,8
0.05,4162,93,361051,86.72856113379774,8
0.05,4163,92,361143,86.72982708933718,10
0.05,4164,92,361235,86.73109243697479,9
0.05,4165,95,361330,86.73307729236677,6
0.05,4166,95,361425,86.7350611951044,7
0.05,4167,94,361519,86.73680422264876,7
0.05,4168,21,361540,86.72103621971696,11
0.05,4169,89,361629,86.72158273381295,12
0.05,4170,19,361648,86.70534643970271,13
0.05,4171,94,361742,86.70709491850431,7
0.05,4172,93,361835,86.7086029235562,8
0.05,4173,95,361930,86.7105893627216,7
0.05,4174,95,362025,86.7125748502994,6
0.05,4175,95,362120,86.71455938697318,6
0.05,4176,89,362209,86.71510653579124,12
0.05,4177,91,362300,86.71613212063188,10
0.05,4178,24,362324,86.70112467097391,8
0.05,4179,94,362418,86.70287081339713,7
0.05,4180,20,362438,86.68691700550107,13
0.05,4181,94,362532,86.68866571018651,7
0.05,4182,94,362626,86.69041357877121,7
0.05,4183,95,362721,86.69239961759082,6
0.05,4184,96,362817,86.69462365591397,6
0.05,4185,91,362908,86.69565217391305,10
0.05,4186,94,363002,86.69739670408407,7
0.05,4187,92,363094,86.69866284622732,9
0.05,4188,90,363184,86.69945094294582,11
0.05,4189,91,363275,86.70047732696898,10
0.05,4190,92,363367,86.70174182772608,9
0.05,4191,92,363459,86.70300572519083,9
0.05,4192,94,363553,86.70474600524685,7
0.05,4193,93,363646,86.70624701955174,8
0.05,4194,94,363740,86.70798569725864,7
0.05,4195,90,363830,86.70877025738798,11
0.05,4196,95,363925,86.71074577078866,6
0.05,4197,93,364018,86.71224392567889,8
0.05,4198,95,364113,86.71421767087402,6
0.05,4199,94,364207,86.71595238095239,7
0.05,4200,94,364301,86.71768626517496,7
0.05,4201,93,364394,86.719181342218,8
0.05,4202,94,364488,86.7209136331192,7
0.05,4203,94,364582,86.72264509990485,7
0.05,4204,92,364674,86.72390011890606,9
0.05,4205,22,364696,86.70851165002378,10
0.05,4206,94,364790,86.71024483004517,8
0.05,4207,95,364885,86.71221482889734,6
0.05,4208,95,364980,86.71418389166072,6
0.05,4209,95,365075,86.71615201900238,6
0.05,4210,93,365168,86.71764426502018,8
0.05,4211,89,365257,86.7181861348528,12
0.05,4212,94,365351,86.71991455020175,8
0.05,4213,94,365445,86.72164214523019,7
0.05,4214,88,365533,86.72194543297746,13
0.05,4215,86,365619,86.72177419354838,15
0.05,4216,94,365713,86.7235001185677,7
0.05,4217,96,365809,86.72569938359412,6
0.05,4218,93,365902,86.7271865370941,8
0.05,4219,93,365995,86.72867298578198,9
0.05,4220,91,366086,86.72968490878938,11
0.05,4221,90,366176,86.73045949786831,11
0.05,4222,94,366270,86.73218091404215,7
0.05,4223,94,366364,86.73390151515152,7
0.05,4224,92,366456,86.73514792899408,9
0.05,4225,18,366474,86.71888310459063,14
0.05,4226,92,366566,86.72013248166549,9
0.05,4227,93,366659,86.72161778618732,8
0.05,4228,90,366749,86.72239300070939,11
0.05,4229,94,366843,86.7241134751773,8
0.05,4230,88,366931,86.72441503190736,13
0.05,4231,92,367023,86.72566162570888,9
0.05,4232,93,367116,86.72714386959603,8
0.05,4233,96,367212,86.72933396315541,6
0.05,4234,94,367306,86.7310507674144,8
0.05,4235,92,367398,86.73229461756374,9
0.05,4236,95,367493,86.73424592872315,6
0.05,4237,92,367585,86.73548843794242,9
0.05,4238,92,367677,86.73673036093419,9
0.05,4239,92,367769,86.73797169811321,9
0.05,4240,94,367863,86.73968403678377,7
0.05,4241,94,367957,86.74139556812824,7
0.05,4242,89,368046,86.74192788121611,12
0.05,4243,93,368139,86.74340245051837,8
0.05,4244,96,368235,86.74558303886926,6
0.05,4245,90,368325,86.74634950541686,11
0.05,4246,94,368419,86.74805745231929,7
0.05,4247,94,368513,86.74976459510358,7
0.05,4248,93,368606,86.7512355848435,9
0.05,4249,92,368698,86.7524705882353,9
0.05,4250,20,368718,86.73676781933662,13
0.05,4251,93,368811,86.73824082784571,8
0.05,4252,95,368906,86.74018339995297,6
0.05,4253,94,369000,86.74188998589563,7
0.05,4254,94,369094,86.74359576968273,7
0.05,4255,93,369187,86.74506578947368,8
0.05,4256,91,369278,86.74606530420483,10
0.05,4257,96,369374,86.74823860967591,6
0.05,4258,96,369470,86.75041089457619,6
0.05,4259,23,369493,86.73544600938968,9
0.05,4260,96,369589,86.7376202769303,6
0.05,4261,94,369683,86.73932426091037,8
0.05,4262,94,369777,86.74102744546094,7
0.05,4263,95,369872,86.74296435272045,6
0.05,4264,94,369966,86.74466588511137,7
0.05,4265,94,370060,86.74636661978434,7
0.05,4266,93,370153,86.74783220060932,9
0.05,4267,93,370246,86.74929709465792,8
0.05,4268,94,370340,86.75099554930897,8
0.05,4269,94,370434,86.75269320843091,7
0.05,4270,95,370529,86.75462420978694,6
0.05,4271,94,370623,86.7563202247191,7
0.05,4272,96,370719,86.75848350105312,6
0.05,4273,21,370740,86.74309780065512,11
0.05,4274,96,370836,86.74526315789474,6
0.05,4275,95,370931,86.74719363891488,6
0.05,4276,93,371024,86.74865559971943,8
0.05,4277,95,371119,86.75058438522674,6
0.05,4278,93,371212,86.7520448702968,8
0.05,4279,94,371306,86.75373831775701,7
0.05,4280,93,371399,86.75519738378884,8
0.05,4281,94,371493,86.75688930406352,7
0.05,4282,92,371585,86.75811347186551,9
0.05,4283,95,371680,86.76003734827265,7
0.05,4284,23,371703,86.74515752625437,9
0.05,4285,96,371799,86.74731684554364,6
0.05,4286,96,371895,86.74947515745276,6
0.05,4287,91,371986,86.75046641791045,10
0.05,4288,95,372081,86.75238983446025,6
0.05,4289,90,372171,86.75314685314686,13
0.05,4290,96,372267,86.7553017944535,6
0.05,4291,23,372290,86.74044734389562,9
0.05,4292,92,372382,86.74167249010016,9
0.05,4293,93,372475,86.74312994876571,8
0.05,4294,94,372569,86.74481955762515,7
0.05,4295,94,372663,86.74650837988827,7
0.05,4296,23,372686,86.73167326041424,10
0.05,4297,95,372781,86.73359702187064,6
0.05,4298,94,372875,86.73528727611072,7
0.05,4299,95,372970,86.73720930232558,6
0.05,4300,24,372994,86.72262264589631,8
0.05,4301,92,373086,86.72384937238493,9
0.05,4302,96,373182,86.72600511271206,6
0.05,4303,95,373277,86.72792750929368,6
0.05,4304,94,373371,86.72961672473868,7
0.05,4305,94,373465,86.73130515559684,8
0.05,4306,91,373556,86.73229626189924,10
0.05,4307,96,373652,86.73444753946147,6
0.05,4308,96,373748,86.73659781851937,6
0.05,4309,90,373838,86.73735498839908,11
0.05,4310,93,373931,86.73880770122942,8
0.05,4311,94,374025,86.74049165120594,8
0.05,4312,92,374117,86.74171110595873,9
0.05,4313,90,374207,86.74246638850255,11
0.05,4314,94,374301,86.7441483198146,7
0.05,4315,94,374395,86.74582947173309,7
0.05,4316,92,374487,86.74704656011119,10
0.05,4317,93,374580,86.74849467345993,8
0.05,4318,23,374603,86.7337346608011,9
0.05,4319,20,374623,86.71828703703704,12
0.05,4320,91,374714,86.71927794492015,10
0.05,4321,92,374806,86.72049976862564,9
0.05,4322,95,374901,86.72241498959056,6
0.05,4323,95,374996,86.72432932469935,6
0.05,4324,91,375087,86.72531791907514,10
0.05,4325,95,375182,86.72723069810448,7
0.05,4326,94,375276,86.72891148601802,7
0.05,4327,92,375368,86.73012939001849,9
0.05,4328,92,375460,86.73134673134673,9
0.05,4329,90,375550,86.73210161662817,11
0.05,4330,95,375645,86.73401062110366,6
0.05,4331,92,375737,86.73522622345337,9
0.05,4332,92,375829,86.73644126471267,9
0.05,4333,90,375919,86.73719427780341,12
0.05,4334,94,376013,86.73886966551326,7
0.05,4335,94,376107,86.7405442804428,7
0.05,4336,95,376202,86.74244869725617,6
0.05,4337,91,376293,86.74343015214384,10
0.05,4338,94,376387,86.74510255819314,7
0.05,4339,94,376481,86.74677419354839,7
0.05,4340,94,376575,86.74844505874222,8
0.05,4341,94,376669,86.75011515430677,7
0.05,4342,94,376763,86.75178448077367,7
0.05,4343,95,376858,86.7536832412523,6
0.05,4344,92,376950,86.75489067894131,9
0.05,4345,96,377046,86.75701794753796,6
0.05,4346,93,377139,86.7584541062802,8
0.05,4347,94,377233,86.7601195952162,8
0.05,4348,94,377327,86.76178431823408,7
0.05,4349,92,377419,86.76298850574713,9
0.05,4350,94,377513,86.76465180418295,7
0.05,4351,95,377608,86.76654411764706,6
0.05,4352,92,377700,86.76774638180565,9
0.05,4353,94,377794,86.76940744143316,7
0.05,4354,94,377888,86.77106773823192,8
0.05,4355,94,377982,86.77272727272727,7
0.05,4356,96,378078,86.77484507688777,6
0.05,4357,23,378101,86.76021110601194,9
0.05,4358,93,378194,86.76164257857307,8
0.05,4359,94,378288,86.76330275229358,7
0.05,4360,92,378380,86.76450355423069,9
0.05,4361,94,378474,86.76616231086658,7
0.05,4362,92,378566,86.76736190694476,9
0.05,4363,95,378661,86.769248395967,6
0.05,4364,90,378751,86.76998854524628,12
0.05,4365,94,378845,86.77164452588181,7
0.05,4366,94,378939,86.77329974811083,7
0.05,4367,94,379033,86.77495421245422,7
0.05,4368,93,379126,86.77637903410391,8
0.05,4369,94,379220,86.77803203661327,7
0.05,4370,23,379243,86.76344086021506,9
0.05,4371,91,379334,86.7644098810613,10
0.05,4372,96,379430,86.76652183855477,6
0.05,4373,25,379455,86.75240054869684,8
0.05,4374,95,379550,86.75428571428571,6
0.05,4375,96,379646,86.75639853747715,6
0.05,4376,93,379739,86.75782499428833,8
0.05,4377,94,379833,86.75947921425309,7
0.05,4378,24,379857,86.74514729390272,8
0.05,4379,94,379951,86.74680365296804,7
0.05,4380,24,379975,86.73248116868295,8
0.05,4381,92,380067,86.73368324965769,10
0.05,4382,93,380160,86.73511293634498,8
0.05,4383,96,380256,86.73722627737226,6
0.05,4384,91,380347,86.73819840364881,10
0.05,4385,23,380370,86.72366621067032,9
0.05,4386,91,380461,86.7246409847276,10
0.05,4387,95,380556,86.72652689152234,7
0.05,4388,94,380650,86.72818409660515,8
0.05,4389,92,380742,86.72938496583143,9
0.05,4390,94,380836,86.73104076520156,7
0.05,4391,94,380930,86.73269581056466,8
0.05,4392,92,381022,86.73389483268836,9
0.05,4393,92,381114,86.7350933090578,9
0.05,4394,94,381208,86.73674630261661,7
0.05,4395,96,381304,86.73885350318471,6
0.05,4396,93,381397,86.74027746190585,8
0.05,4397,93,381490,86.74170077307868,8
0.05,4398,25,381515,86.72766537849512,8
0.05,4399,95,381610,86.72954545454546,6
0.05,4400,94,381704,86.73119745512383,7
0.05,4401,94,381798,86.73284870513403,7
0.05,4402,94,381892,86.73449920508745,7
0.05,4403,96,381988,86.73660308810173,6
0.05,4404,92,382080,86.7377979568672,9
0.05,4405,94,382174,86.73944620971403,7
0.05,4406,94,382268,86.74109371454504,7
0.05,4407,96,382364,86.7431941923775,6
0.05,4408,94,382458,86.74484009979587,7
0.05,4409,92,382550,86.74603174603175,9
0.05,4410,94,382644,86.74767626388574,7
0.05,4411,95,382739,86.74954669084316,6
0.05,4412,96,382835,86.7516428733288,6
0.05,4413,95,382930,86.7535115541459,6
0.05,4414,94,383024,86.75515288788222,7
0.05,4415,93,383117,86.7565670289855,8
0.05,4416,96,383213,86.75865972379444,6
0.05,4417,95,383308,86.76052512449073,6
0.05,4418,94,383402,86.76216338538131,7
0.05,4419,93,383495,86.76357466063348,8
0.05,4420,96,383591,86.76566387695091,6
0.05,4421,93,383684,86.7670737222976,8
0.05,4422,96,383780,86.76916120280353,6
0.05,4423,96,383876,86.77124773960217,6
0.05,4424,22,383898,86.75661016949152,10
0.05,4425,92,383990,86.75779484862178,10
0.05,4426,94,384084,86.7594307657556,8
0.05,4427,93,384177,86.76084010840108,10
0.05,4428,92,384269,86.76202303002935,9
0.05,4429,94,384363,86.76365688487584,7
0.05,4430,96,384459,86.7657413676371,6
0.05,4431,93,384552,86.76714801444044,8
0.05,4432,95,384647,86.76900518836003,6
0.05,4433,92,384739,86.7701849345963,9
0.05,4434,96,384835,86.77226606538895,6
0.05,4435,94,384929,86.7738954012624,7
0.05,4436,94,385023,86.77552400270453,8
0.05,4437,94,385117,86.77715187021181,7
0.05,4438,22,385139,86.7625591349403,10
0.05,4439,94,385233,86.7641891891892,7
0.05,4440,94,385327,86.76581850934474,7
0.05,4441,93,385420,86.76722197208464,8
0.05,4442,96,385516,86.76930002250731,6
0.05,4443,92,385608,86.77047704770477,9
0.05,4444,94,385702,86.77210348706411,7
0.05,4445,94,385796,86.77372919478182,7
0.05,4446,93,385889,86.77512930065213,9
0.05,4447,94,385983,86.77675359712231,7
0.05,4448,93,386076,86.77815239379636,8
0.05,4449,92,386168,86.77932584269664,10
0.05,4450,93,386261,86.78072343293641,8
0.05,4451,92,386353,86.78189577717879,9
0.05,4452,95,386448,86.78374129800135,6
0.05,4453,94,386542,86.78536147283342,7
0.05,4454,96,386638,86.78742985409652,6
0.05,4455,93,386731,86.78882405745063,8
0.05,4456,95,386826,86.79066636751178,6
0.05,4457,93,386919,86.79205921938089,8
0.05,4458,93,387012,86.79345144651268,8
0.05,4459,94,387106,86.79506726457399,8
0.05,4460,94,387200,86.79668235821565,7
0.05,4461,96,387296,86.7987449574182,6
0.05,4462,93,387389,86.80013443871835,8
0.05,4463,95,387484,86.80197132616487,6
0.05,4464,90,387574,86.8026875699888,11
0.05,4465,89,387663,86.80317957904165,12
0.05,4466,95,387758,86.8050145511529,7
0.05,4467,96,387854,86.80707251566696,6
0.05,4468,94,387948,86.80868203177445,7
0.05,4469,94,388042,86.81029082774049,7
0.05,4470,94,388136,86.8118989040483,7
0.05,4471,94,388230,86.81350626118068,7
0.05,4472,92,388322,86.81466577241225,9
0.05,4473,93,388415,86.81604827894502,8
0.05,4474,95,388510,86.81787709497206,6
0.05,4475,95,388605,86.81970509383378,6
0.05,4476,96,388701,86.82175563993746,6
0.05,4477,94,388795,86.82335864225101,7
0.05,4478,96,388891,86.82540745702165,7
0.05,4479,96,388987,86.82745535714285,6
0.05,4480,89,389076,86.82794019192144,12
0.05,4481,94,389170,86.82954038375725,7
0.05,4482,94,389264,86.83113986169975,7
0.05,4483,95,389359,86.83296164139162,6
0.05,4484,93,389452,86.83433667781493,8
0.05,4485,90,389542,86.83504235399019,11
0.05,4486,96,389638,86.8370849119679,6
0.05,4487,95,389733,86.83890374331551,6
0.05,4488,94,389827,86.84049899754956,7
0.05,4489,27,389854,86.8271714922049,6
0.05,4490,91,389945,86.82810064573592,10
0.05,4491,93,390038,86.82947462154942,8
0.05,4492,94,390132,86.83107055419542,7
0.05,4493,92,390224,86.8322207387628,9
0.05,4494,96,390320,86.83426028921023,6
0.05,4495,90,390410,86.83496441281139,11
0.05,4496,90,390500,86.83566822325996,11
0.05,4497,94,390594,86.83726100489106,7
0.05,4498,92,390686,86.83840853523004,9
0.05,4499,20,390706,86.82355555555556,13
0.05,4500,96,390802,86.82559431237503,6
0.05,4501,94,390896,86.82718791648156,7
0.05,4502,93,390989,86.8285587386187,8
0.05,4503,94,391083,86.83015097690941,7
0.05,4504,95,391178,86.83196448390677,6
0.05,4505,91,391269,86.83288948069242,11
0.05,4506,93,391362,86.83425782116707,8
0.05,4507,94,391456,86.83584738243124,7
0.05,4508,95,391551,86.83765801729874,8
0.05,4509,15,391566,86.82172949002218,18
0.05,4510,94,391660,86.82332077144757,7
0.05,4511,94,391754,86.82491134751773,8
0.05,4512,94,391848,86.82650121870152,8
0.05,4513,94,391942,86.82809038546743,7
0.05,4514,94,392036,86.82967884828349,7
0.05,4515,95,392131,86.8314880425155,7
0.05,4516,95,392226,86.8332964356874,6
0.05,4517,95,392321,86.83510402833112,6
0.05,4518,95,392416,86.83691082097809,6
0.05,4519,92,392508,86.83805309734514,9
0.05,4520,25,392533,86.82437513824375,8
0.05,4521,92,392625,86.82551968155683,9
0.05,4522,94,392719,86.82710590316162,8
0.05,4523,91,392810,86.82802829354553,11
0.05,4524,94,392904,86.8296132596685,7
0.05,4525,94,392998,86.83119752540875,7
0.05,4526,95,393093,86.83300198807157,6
0.05,4527,92,393185,86.83414310954063,9
0.05,4528,94,393279,86.83572532567896,7
0.05,4529,95,393374,86.83752759381899,6
0.05,4530,95,393469,86.83932906643125,6
0.05,4531,94,393563,86.8409090909091,8
0.05,4532,93,393656,86.84226781380984,8
0.05,4533,94,393750,86.84384649316277,8
0.05,4534,94,393844,86.84542447629548,8
0.05,4535,92,393936,86.84656084656085,9
0.05,4536,95,394031,86.84835794577914,6
0.05,4537,93,394124,86.8497135301895,8
0.05,4538,94,394218,86.8512888301388,8
0.05,4539,95,394313,86.85308370044054,6
0.05,4540,96,394409,86.85509799603612,6
0.05,4541,95,394504,86.85689123734038,6
0.05,4542,94,394598,86.85846357032797,7
0.05,4543,96,394694,86.86047535211267,6
0.05,4544,95,394789,86.86226622662267,6
0.05,4545,92,394881,86.8633963924329,9
0.05,4546,94,394975,86.86496591159006,8
0.05,4547,18,394993,86.84982409850484,14
0.05,4548,94,395087,86.85139591118927,7
0.05,4549,95,395182,86.85318681318681,7
0.05,4550,92,395274,86.85431773236651,9
0.05,4551,96,395370,86.85632688927944,6
0.05,4552,95,395465,86.85811552822315,6
0.05,4553,19,395484,86.84321475625823,15
0.05,4554,91,395575,86.84412733260153,10
0.05,4555,92,395667,86.84525899912204,9
0.05,4556,94,395761,86.84682905420233,7
0.05,4557,95,395856,86.84861781483107,6
0.05,4558,92,395948,86.84974775169994,9
0.05,4559,95,396043,86.8515350877193,6
0.05,4560,94,396137,86.85310238982679,7
0.05,4561,91,396228,86.85401139850943,10
0.05,4562,93,396321,86.85535831689678,8
0.05,4563,96,396417,86.85736196319019,6
0.05,4564,95,396512,86.8591456736035,6
0.05,4565,96,396608,86.86114761279019,6
0.05,4566,90,396698,86.86183490256185,11
0.05,4567,95,396793,86.86361646234676,8
0.05,4568,95,396888,86.86539724228497,6
0.05,4569,96,396984,86.86739606126915,6
0.05,4570,23,397007,86.85342375847736,10
0.05,4571,94,397101,86.85498687664042,7
0.05,4572,94,397195,86.85654931117428,7
0.05,4573,94,397289,86.85811106252733,7
0.05,4574,94,397383,86.85967213114755,9
0.05,4575,92,397475,86.86079545454545,9
0.05,4576,94,397569,86.86235525453354,7
0.05,4577,94,397663,86.86391437308869,8
0.05,4578,95,397758,86.86569119895174,6
0.05,4579,95,397853,86.8674672489083,7
0.05,4580,96,397949,86.86946081641563,6
0.05,4581,93,398042,86.87079877782628,8
0.05,4582,94,398136,86.87235435304386,7
0.05,4583,91,398227,86.87325479930192,10
0.05,4584,95,398322,86.87502726281352,6
0.05,4585,93,398415,86.87636284343655,8
0.05,4586,95,398510,86.87813385655112,7
0.05,4587,91,398601,86.87903225806451,10
0.05,4588,96,398697,86.88101983002832,6
0.05,4589,23,398720,86.86710239651416,9
0.05,4590,93,398813,86.86843824874755,8
0.05,4591,94,398907,86.86999128919861,7
0.05,4592,96,399003,86.87197909862834,6
0.05,4593,96,399099,86.87396604266435,6
0.05,4594,94,399193,86.87551686615886,7
0.05,4595,95,399288,86.87728459530027,6
0.05,4596,94,399382,86.87883402218839,7
0.05,4597,94,399476,86.88038277511961,9
0.05,4598,95,399571,86.88214829310719,6
0.05,4599,94,399665,86.88369565217391,7
0.05,4600,94,399759,86.88524233862204,7
0.05,4601,90,399849,86.88591916558018,11
0.05,4602,94,399943,86.88746469693677,7
0.05,4603,93,400036,86.88879235447438,8
0.05,4604,92,400128,86.88990228013029,9
0.05,4605,95,400223,86.891663048198,6
0.05,4606,94,400317,86.89320599088344,8
0.05,4607,23,400340,86.87934027777777,10
0.05,4608,95,400435,86.88110219136472,8
0.05,4609,92,400527,86.8822125813449,9
0.05,4610,94,400621,86.88375623509,8
0.05,4611,94,400715,86.88529921942758,7
0.05,4612,93,400808,86.886624756124,8
0.05,4613,95,400903,86.88838318162115,7
0.05,4614,94,400997,86.8899241603467,7
0.05,4615,93,401090,86.89124783362219,8
0.05,4616,94,401184,86.89278752436647,7
0.05,4617,96,401280,86.89475963620615,6
0.05,4618,90,401370,86.89543191166919,11
0.05,4619,96,401466,86.8974025974026,6
0.05,4620,96,401562,86.89937243020991,6
0.05,4621,96,401658,86.90134141064475,6
0.05,4622,96,401754,86.90330953926022,6
0.05,4623,94,401848,86.90484429065744,7
0.05,4624,93,401941,86.90616216216216,8
0.05,4625,18,401959,86.89126675313446,15
0.05,4626,92,402051,86.89237086665226,9
0.05,4627,96,402147,86.89433880726016,6
0.05,4628,95,402242,86.89608986822208,6
0.05,4629,24,402266,86.88250539956803,9
0.05,4630,94,402360,86.88404232347226,7
0.05,4631,94,402454,86.88557858376511,7
0.05,4632,92,402546,86.88668249514353,10
0.05,4633,19,402565,86.87203280103583,15
0.05,4634,94,402659,86.87357065803668,7
0.05,4635,88,402747,86.87381363244177,13
0.05,4636,94,402841,86.87535044209618,7
0.05,4637,90,402931,86.8760241483398,12
0.05,4638,94,403025,86.8775598189265,7
0.05,4639,90,403115,86.87823275862068,11
0.05,4640,94,403209,86.87976729153199,7
0.05,4641,94,403303,86.88130116329168,7
0.05,4642,19,403322,86.86668102519923,13
0.05,4643,94,403416,86.86821705426357,7
0.05,4644,93,403509,86.86953713670614,8
0.05,4645,93,403602,86.87085665088247,8
0.05,4646,91,403693,86.87174521196471,10
0.05,4647,95,403788,86.87349397590361,7
0.05,4648,92,403880,86.87459668745967,11
0.05,4649,92,403972,86.87569892473118,9
0.05,4650,90,404062,86.87637067297355,11
0.05,4651,94,404156,86.87790197764403,7
0.05,4652,91,404247,86.87878787878788,10
0.05,4653,95,404342,86.88053287494628,6
0.05,4654,93,404435,86.88184747583244,8
0.05,4655,87,404522,86.88187285223368,14
0.05,4656,96,404618,86.8838307923556,6
0.05,4657,92,404710,86.8849291541434,9
0.05,4658,96,404806,86.88688559776776,6
0.05,4659,94,404900,86.88841201716738,7
0.05,4660,94,404994,86.88993778159194,7
0.05,4661,95,405089,86.89167739167739,6
0.05,4662,93,405182,86.89298734720137,8
0.05,4663,94,405276,86.89451114922814,7
0.05,4664,88,405364,86.89474812433012,13
0.05,4665,95,405459,86.89648521217316,7
0.05,4666,25,405484,86.88322262695522,8
0.05,4667,94,405578,86.8847472150814,7
0.05,4668,91,405669,86.88562861426429,11
0.05,4669,93,405762,86.88693790149892,8
0.05,4670,96,405858,86.88888888888889,6
0.05,4671,93,405951,86.89019691780823,8
0.05,4672,94,406045,86.89171838219559,8
0.05,4673,92,406137,86.89281129653402,9
0.05,4674,95,406232,86.89454545454545,7
0.05,4675,95,406327,86.89627887082978,6
0.05,4676,92,406419,86.89737010904426,9
0.05,4677,94,406513,86.89888841385208,7
0.05,4678,92,406605,86.89997862791195,9
0.05,4679,94,406699,86.90149572649572,8
0.05,4680,94,406793,86.90301217688528,7
0.05,4681,95,406888,86.90474156343443,6
0.05,4682,94,406982,86.90625667307282,7
0.05,4683,91,407073,86.90713065755764,10
0.05,4684,94,407167,86.90864461045891,7
0.05,4685,95,407262,86.91037131882203,6
0.05,4686,94,407356,86.91188393428632,7
0.05,4687,95,407451,86.91360921501706,6
0.05,4688,94,407545,86.91512049477501,7
0.05,4689,96,407641,86.91705756929638,6
0.05,4690,96,407737,86.91899381794927,6
0.05,4691,16,407753,86.9038789428815,17
0.05,4692,96,407849,86.90581717451524,6
0.05,4693,89,407938,86.90626331487005,12
0.05,4694,93,408031,86.90756123535677,8
0.05,4695,96,408127,86.90949744463373,6
0.05,4696,94,408221,86.91100702576112,7
0.05,4697,95,408316,86.9127288207748,6
0.05,4698,94,408410,86.91423707171738,7
0.05,4699,90,408500,86.91489361702128,11
0.05,4700,95,408595,86.91661348649224,7
0.05,4701,95,408690,86.91833262441514,6
0.05,4702,21,408711,86.90431639379119,12
0.05,4703,95,408806,86.90603741496598,6
0.05,4704,95,408901,86.9077577045696,6
0.05,4705,95,408996,86.90947726306842,6
0.05,4706,23,409019,86.89589972381559,10
0.05,4707,92,409111,86.89698385726423,9
0.05,4708,94,409205,86.89849224888512,7
0.05,4709,93,409298,86.89978768577495,8
0.05,4710,94,409392,86.90129484185948,7
0.05,4711,96,409488,86.90322580645162,6
0.05,4712,96,409584,86.90515595162317,6
0.05,4713,95,409679,86.9068731438269,7
0.05,4714,94,409773,86.9083775185578,7
0.05,4715,91,409864,86.90924512298558,11
0.05,4716,96,409960,86.91117235531058,6
0.05,4717,93,410053,86.91246290801188,8
0.05,4718,93,410146,86.91375291375292,8
0.05,4719,93,410239,86.91504237288136,10
0.05,4720,24,410263,86.90171573819106,8
0.05,4721,96,410359,86.90364252435408,6
0.05,4722,92,410451,86.90472157526996,9
0.05,4723,95,410546,86.90643522438612,7
0.05,4724,23,410569,86.89291005291005,9
0.05,4725,96,410665,86.89483707151925,6
0.05,4726,95,410760,86.89655172413794,7
0.05,4727,96,410856,86.8984771573604,6
0.05,4728,94,410950,86.89997885388031,7
0.05,4729,22,410972,86.8862579281184,10
0.05,4730,21,410993,86.8723314309871,11
0.05,4731,95,411088,86.87404902789518,9
0.05,4732,95,411183,86.87576589900698,7
0.05,4733,94,411277,86.8772708069286,7
0.05,4734,94,411371,86.87877507919747,7
0.05,4735,91,411462,86.87964527027027,10
0.05,4736,90,411552,86.880303989867,11
0.05,4737,92,411644,86.88138455044323,9
0.05,4738,91,411735,86.88225364000844,10
0.05,4739,92,411827,86.88333333333334,9
0.05,4740,96,411923,86.88525627504745,6
0.05,4741,94,412017,86.88675664276677,7
0.05,4742,94,412111,86.88825637781994,8
0.05,4743,94,412205,86.88975548060708,7
0.05,4744,95,412300,86.89146469968388,6
0.05,4745,95,412395,86.89317319848293,6
0.05,4746,96,412491,86.89509163682325,6
0.05,4747,92,412583,86.89616680707667,9
0.05,4748,94,412677,86.89766266582438,7
0.05,4749,94,412771,86.89915789473685,7
0.05,4750,94,412865,86.90065249421174,7
0.05,4751,94,412959,86.90214646464646,7
0.05,4752,90,413049,86.90279823269513,11
0.05,4753,93,413142,86.90408077408497,8
0.05,4754,96,413238,86.90599369085173,6
0.05,4755,92,413330,86.90706476030277,9
0.05,4756,94,413424,86.90855581248687,8
0.05,4757,94,413518,86.9100462379151,7
0.05,4758,94,413612,86.91153603698255,7
0.05,4759,93,413705,86.91281512605042,10
0.05,4760,92,413797,86.9138836378912,9
0.05,4761,22,413819,86.9002519949601,12
0.05,4762,95,413914,86.9019525509133,6
0.05,4763,94,414008,86.90344248530647,8
0.05,4764,95,414103,86.90514165792236,8
0.05,4765,95,414198,86.90684011749894,7
0.05,4766,90,414288,86.90748898678414,12
0.05,4767,91,414379,86.90834731543625,10
0.05,4768,94,414473,86.90983434682323,8
0.05,4769,93,414566,86.91111111111111,8
0.05,4770,91,414657,86.91196814085097,10
0.05,4771,94,414751,86.91345347862531,7
0.05,4772,90,414841,86.91410014665828,11
0.05,4773,93,414934,86.91537494763301,8
0.05,4774,92,415026,86.91643979057592,9
0.05,4775,93,415119,86.9177135678392,9
0.05,4776,94,415213,86.91919614821018,8
0.05,4777,95,415308,86.92088740058603,6
0.05,4778,93,415401,86.92215944758317,8
0.05,4779,20,415421,86.9081589958159,12
0.05,4780,21,415442,86.89437356201631,13
0.05,4781,93,415535,86.8956503554998,9
0.05,4782,94,415629,86.89713568889817,7
0.05,4783,93,415722,86.89841137123746,8
0.05,4784,94,415816,86.89989550679206,8
0.05,4785,95,415911,86.90158796489762,9
0.05,4786,92,416003,86.90265301859202,9
0.05,4787,96,416099,86.90455304928989,6
0.05,4788,95,416194,86.90624347462936,8
0.05,4789,96,416290,86.90814196242171,6
0.05,4790,94,416384,86.90962220830724,7
0.05,4791,93,416477,86.91089315525876,8
0.05,4792,92,416569,86.91195493427915,10
0.05,4793,95,416664,86.9136420525657,7
0.05,4794,93,416757,86.91491136600625,8
0.05,4795,94,416851,86.91638865721434,8
0.05,4796,91,416942,86.91723994163019,10
0.05,4797,96,417038,86.9191329720717,6
0.05,4798,95,417133,86.92081683684101,7
0.05,4799,96,417229,86.92270833333333,6
0.05,4800,96,417325,86.92459904186627,7
0.05,4801,94,417419,86.92607246980425,7
0.05,4802,94,417513,86.92754528419738,7
0.05,4803,94,417607,86.92901748542882,7
0.05,4804,93,417700,86.93028095733611,8
0.05,4805,23,417723,86.91697877652933,9
0.05,4806,96,417819,86.91886831703765,6
0.05,4807,94,417913,86.92034109816971,7
0.05,4808,91,418004,86.92118943647328,10
0.05,4809,91,418095,86.92203742203742,11
0.05,4810,90,418185,86.92267719808771,11
0.05,4811,-127,418058,86.87822111388196,22
0.05,4812,92,418150,86.87928526906296,9
0.05,4813,94,418244,86.88076443705857,7
0.05,4814,92,418336,86.88182762201454,9
0.05,4815,96,418432,86.88372093023256,6
0.05,4816,95,418527,86.88540585426614,6
0.05,4817,24,418551,86.87235367372354,9
0.05,4818,95,418646,86.87404025731479,7
0.05,4819,95,418741,86.87572614107884,7
0.05,4820,94,418835,86.87720389960589,7
0.05,4821,94,418929,86.87868104520946,7
0.05,4822,94,419023,86.88015757827078,7
0.05,4823,88,419111,86.88038971807629,13
0.05,4824,91,419202,86.88124352331606,10
0.05,4825,95,419297,86.88292581848322,7
0.05,4826,96,419393,86.88481458462813,6
0.05,4827,96,419489,86.88670256835128,6
0.05,4828,94,419583,86.88817560571547,7
0.05,4829,87,419670,86.88819875776397,14
0.05,4830,95,419765,86.88987787207617,6
0.05,4831,90,419855,86.8905215231788,11
0.05,4832,96,419951,86.8924063728533,6
0.05,4833,92,420043,86.89346297062474,10
0.05,4834,94,420137,86.89493278179938,7
0.05,4835,93,420230,86.89619520264682,11
0.05,4836,91,420321,86.8970436220798,10
0.05,4837,92,420413,86.89809838776354,9
0.05,4838,91,420504,86.89894606323621,10
0.05,4839,94,420598,86.90041322314049,8
0.05,4840,95,420693,86.90208634579632,6
0.05,4841,93,420786,86.90334572490707,8
0.05,4842,96,420882,86.90522403468924,6
0.05,4843,93,420975,86.90648224607762,8
0.05,4844,94,421069,86.9079463364293,7
0.05,4845,92,421161,86.9089971110194,9
0.05,4846,94,421255,86.91046007839901,7
0.05,4847,94,421349,86.91192244224422,8
0.05,4848,93,421442,86.91317797484017,8
0.05,4849,96,421538,86.91505154639175,6
0.05,4850,93,421631,86.91630591630592,8
0.05,4851,89,421720,86.91673536685903,12
0.05,4852,95,421815,86.91840098907892,7
0.05,4853,22,421837,86.90502678203543,10
0.05,4854,94,421931,86.90648815653965,7
0.05,4855,94,422025,86.9079489291598,7
0.05,4856,94,422119,86.90940910026765,7
0.05,4857,21,422140,86.89584191025114,11
0.05,4858,19,422159,86.88186869726282,13
0.05,4859,93,422252,86.88312757201646,8
0.05,4860,94,422346,86.88459164780909,7
0.05,4861,94,422440,86.88605512134924,7
0.05,4862,95,422535,86.8877236273905,6
0.05,4863,92,422627,86.88877467105263,9
0.05,4864,95,422722,86.89044193216856,6
0.05,4865,95,422817,86.8921085080148,8
0.05,4866,93,422910,86.8933634682556,8
0.05,4867,94,423004,86.8948233360723,7
0.05,4868,94,423098,86.89628260423085,7
0.05,4869,94,423192,86.89774127310062,7
0.05,4870,23,423215,86.88462328064053,9
0.05,4871,94,423309,86.88608374384236,7
0.05,4872,94,423403,86.8875436076339,8
0.05,4873,92,423495,86.8885925318014,9
0.05,4874,94,423589,86.89005128205129,7
0.05,4875,95,423684,86.89171452009845,6
0.05,4876,96,423780,86.89358212015583,6
0.05,4877,23,423803,86.88048380483805,9
0.05,4878,90,423893,86.88112318097971,11
0.05,4879,93,423986,86.88237704918033,8
0.05,4880,95,424081,86.8840401557058,6
0.05,4881,90,424171,86.88467841048751,11
0.05,4882,96,424267,86.88654515666599,6
0.05,4883,23,424290,86.87346437346437,12
0.05,4884,94,424384,86.87492323439099,7
0.05,4885,19,424403,86.86103151862464,13
0.05,4886,91,424494,86.86187845303867,10
0.05,4887,91,424585,86.86272504091653,10
0.05,4888,96,424681,86.86459398650031,6
0.05,4889,95,424776,86.86625766871165,7
0.05,4890,89,424865,86.86669392762217,12
0.05,4891,96,424961,86.86856091578086,6
0.05,4892,96,425057,86.8704271408134,6
0.05,4893,94,425151,86.87188393951777,7
0.05,4894,96,425247,86.87374872318692,6
0.05,4895,93,425340,86.875,8
0.05,4896,23,425363,86.86195629977537,10
0.05,4897,94,425457,86.86341363821968,7
0.05,4898,92,425549,86.86446213512961,9
0.05,4899,96,425645,86.86632653061224,6
0.05,4900,95,425740,86.86798612528055,7
0.05,4901,94,425834,86.86944104447164,7
0.05,4902,94,425928,86.87089537018151,7
0.05,4903,96,426024,86.87275693311582,6
0.05,4904,94,426118,86.87420998980632,7
0.05,4905,25,426143,86.8615980432124,8
0.05,4906,93,426236,86.862848991237,9
0.05,4907,94,426330,86.8643031784841,8
0.05,4908,93,426423,86.86555306579751,8
0.05,4909,92,426515,86.86659877800408,9
0.05,4910,94,426609,86.86805131337813,7
0.05,4911,96,426705,86.86991042345277,6
0.05,4912,96,426801,86.87176877671484,6
0.05,4913,95,426896,86.87342287342287,6
0.05,4914,93,426989,86.87466937945067,8
0.05,4915,96,427085,86.87652563059397,6
0.05,4916,94,427179,86.87797437461867,7
0.05,4917,94,427273,86.87942252948353,7
0.05,4918,96,427369,86.88127668225249,6
0.05,4919,93,427462,86.88252032520325,8
0.05,4920,94,427556,86.88396667344036,7
0.05,4921,23,427579,86.87098740349451,9
0.05,4922,91,427670,86.87182612228317,10
0.05,4923,92,427762,86.87286758732738,9
0.05,4924,94,427856,86.87431472081218,7
0.05,4925,94,427950,86.87576126674787,7
0.05,4926,93,428043,86.87700426222854,8
0.05,4927,93,428136,86.87824675324676,8
0.05,4928,94,428230,86.87969162101847,7
0.05,4929,94,428324,86.88113590263691,7
0.05,4930,95,428419,86.8827823970797,6
0.05,4931,95,428514,86.88442822384428,8
0.05,4932,92,428606,86.88546523413744,9
0.05,4933,96,428702,86.88731252533441,6
0.05,4934,94,428796,86.88875379939209,7
0.05,4935,95,428891,86.89039708265803,6
0.05,4936,94,428985,86.89183714806563,7
0.05,4937,96,429081,86.89368165249088,6
0.05,4938,90,429171,86.8943105891881,11
0.05,4939,95,429266,86.89595141700404,6
0.05,4940,89,429355,86.89637725156851,12
0.05,4941,94,429449,86.89781464993929,7
0.05,4942,96,429545,86.89965607930407,6
0.05,4943,94,429639,86.9010922330097,7
0.05,4944,95,429734,86.90273003033367,7
0.05,4945,94,429828,86.90416498180348,7
0.05,4946,92,429920,86.90519506771781,9
0.05,4947,93,430013,86.90642683912692,8
0.05,4948,95,430108,86.90806223479491,8
0.05,4949,96,430204,86.90989898989899,6
0.05,4950,94,430298,86.91133104423349,7
0.05,4951,94,430392,86.91276252019387,7
0.05,4952,95,430487,86.91439531597013,7
0.05,4953,22,430509,86.90129188534517,12
0.05,4954,96,430605,86.90312815338042,6
0.05,4955,95,430700,86.9047619047619,6
0.05,4956,95,430795,86.90639499697397,6
0.05,4957,96,430891,86.90822912464704,6
0.05,4958,93,430984,86.9094575519258,8
0.05,4959,90,431074,86.91008064516129,11
0.05,4960,94,431168,86.91150977625479,7
0.05,4961,96,431264,86.91334139459896,6
0.05,4962,94,431358,86.91476929276647,9
0.05,4963,92,431450,86.91579371474617,9
0.05,4964,95,431545,86.91742195367573,6
0.05,4965,94,431639,86.91884816753927,7
0.05,4966,94,431733,86.92027380712703,8
0.05,4967,94,431827,86.92169887278583,7
0.05,4968,92,431919,86.92272086939022,9
0.05,4969,87,432006,86.92273641851106,15
0.05,4970,95,432101,86.92436129551398,6
0.05,4971,94,432195,86.92578439259856,7
0.05,4972,96,432291,86.92760908908103,6
0.05,4973,21,432312,86.91435464414958,11
0.05,4974,91,432403,86.91517587939698,10
0.05,4975,93,432496,86.91639871382637,8
0.05,4976,94,432590,86.91782198111312,7
0.05,4977,91,432681,86.9186420249096,10
0.05,4978,95,432776,86.9202651134766,7
0.05,4979,96,432872,86.92208835341366,6
0.05,4980,95,432967,86.92371009837382,7
0.05,4981,93,433060,86.92492974708952,8
0.05,4982,93,433153,86.92614890628136,8
0.05,4983,26,433179,86.91392455858748,6
0.05,4984,94,433273,86.91534603811434,8
0.05,4985,94,433367,86.91676694745287,7
0.05,4986,95,433462,86.91838780830159,6
0.05,4987,94,433556,86.91980753809142,7
0.05,4988,93,433649,86.92102625776708,8
0.05,4989,94,433743,86.92244488977956,7
0.05,4990,92,433835,86.92346223201763,9
0.05,4991,94,433929,86.9248798076923,7
0.05,4992,93,434022,86.92609653514921,8
0.05,4993,95,434117,86.9277132559071,6
0.05,4994,92,434209,86.92872872872873,9
0.05,4995,96,434305,86.93054443554844,6
0.05,4996,89,434394,86.93095857514508,15
0.05,4997,96,434490,86.9327731092437,6
0.05,4998,94,434584,86.93418683736748,8
0.05,4999,94,434678,86.9356,7
0.05,5000,92,434770,86.93661267746451,10
0.05,5001,92,434862,86.93762495002,10
0.05,5002,96,434958,86.93943633819708,6
0.05,5003,93,435051,86.94064748201438,8
0.05,5004,93,435144,86.94185814185815,8
0.05,5005,95,435239,86.94346783859369,6
0.05,5006,94,435333,86.94487717195926,8
0.05,5007,96,435429,86.94668530351437,6
0.05,5008,94,435523,86.94809343182271,7
0.05,5009,92,435615,86.94910179640719,9
0.05,5010,94,435709,86.95050888046298,8
0.05,5011,93,435802,86.95171588188347,8
0.05,5012,94,435896,86.95312188310393,7
0.05,5013,94,435990,86.95452732349422,7
0.05,5014,94,436084,86.95593220338984,7
0.05,5015,20,436104,86.94258373205741,12
0.05,5016,94,436198,86.9439904325294,7
0.05,5017,95,436293,86.94559585492227,6
0.05,5018,-48,436245,86.91870890615661,14
0.05,5019,94,436339,86.92011952191235,7
0.05,5020,95,436434,86.92172873929496,6
0.05,5021,96,436530,86.92353643966547,6
0.05,5022,94,436624,86.92494525184154,7
0.05,5023,91,436715,86.92575636942675,11
0.05,5024,90,436805,86.92636815920397,12
0.05,5025,96,436901,86.92817349781139,6
0.05,5026,94,436995,86.92958026656058,7
0.05,5027,24,437019,86.91706443914082,8
0.05,5028,96,437115,86.91887055080532,6
0.05,5029,94,437209,86.92027833001988,7
0.05,5030,93,437302,86.9214867819519,8
0.05,5031,94,437396,86.92289348171701,8
0.05,5032,96,437492,86.92469699980131,6
0.05,5033,93,437585,86.9259038537942,8
0.05,5034,23,437608,86.9132075471698,10
0.05,5035,94,437702,86.91461477362986,7
0.05,5036,95,437797,86.91621997220568,7
0.05,5037,23,437820,86.90353314807463,9
0.05,5038,95,437915,86.90513990871204,6
0.05,5039,95,438010,86.90674603174604,7
0.05,5040,96,438106,86.90854989089466,6
0.05,5041,25,438131,86.8962713209044,8
0.05,5042,95,438226,86.89787824707516,6
0.05,5043,93,438319,86.89908802537668,8
0.05,5044,94,438413,86.90049554013875,8
0.05,5045,92,438505,86.90150614347998,9
0.05,5046,96,438601,86.90330889637409,6
0.05,5047,91,438692,86.9041204437401,10
0.05,5048,96,438788,86.90592196474549,6
0.05,5049,96,438884,86.90772277227722,6
0.05,5050,95,438979,86.90932488616116,6
0.05,5051,96,439075,86.91112430720507,6
0.05,5052,94,439169,86.91252721155749,8
0.05,5053,92,439261,86.91353383458646,9
0.05,5054,94,439355,86.91493570722058,7
0.05,5055,21,439376,86.90189873417721,11
0.05,5056,96,439472,86.90369784457188,6
0.05,5057,93,439565,86.90490312376433,8
0.05,5058,93,439658,86.90610792646768,8
0.05,5059,92,439750,86.90711462450592,9
0.05,5060,95,439845,86.90871369294605,6
0.05,5061,94,439939,86.9101145792177,7
0.05,5062,95,440034,86.91171242346435,6
0.05,5063,94,440128,86.913112164297,9
0.05,5064,95,440223,86.9147087857848,6
0.05,5065,94,440317,86.91610738255034,7
0.05,5066,96,440413,86.91790013814881,6
0.05,5067,94,440507,86.91929755327546,8
0.05,5068,23,440530,86.90668770960741,9
0.05,5069,23,440553,86.89408284023669,9
0.05,5070,93,440646,86.89528692565568,8
0.05,5071,94,440740,86.89668769716089,8
0.05,5072,91,440831,86.89749655036468,11
0.05,5073,90,440921,86.89810800157666,11
0.05,5074,94,441015,86.89950738916257,7
0.05,5075,92,441107,86.900512214342,9
0.05,5076,92,441199,86.90151664368722,9
0.05,5077,94,441293,86.90291453328082,8
0.05,5078,94,441387,86.90431187241583,7
0.05,5079,94,441481,86.90570866141732,7
0.05,5080,91,441572,86.90651446565637,10
0.05,5081,92,441664,86.90751672569854,9
0.05,5082,94,441758,86.90891205980721,8
0.05,5083,92,441850,86.90991345397325,9
0.05,5084,95,441945,86.91150442477876,6
0.05,5085,92,442037,86.91250491545419,9
0.05,5086,95,442132,86.91409475132691,7
0.05,5087,96,442228,86.91588050314465,6
0.05,5088,91,442319,86.91668304185498,11
0.05,5089,96,442415,86.91846758349705,6
0.05,5090,93,442508,86.9196621488902,8
0.05,5091,94,442602,86.92105263157895,7
0.05,5092,95,442697,86.92263891615943,6
0.05,5093,90,442787,86.92324303101688,11
0.05,5094,94,442881,86.92463199214916,8
0.05,5095,96,442977,86.92641287284144,6
0.05,5096,95,443072,86.92799686089857,6
0.05,5097,91,443163,86.92879560612005,10
0.05,5098,94,443257,86.93018238870367,7
0.05,5099,93,443350,86.93137254901961,8
0.05,5100,94,443444,86.93275828268966,7
0.05,5101,96,443540,86.93453547628381,6
0.05,5102,96,443636,86.936311973349,6
0.05,5103,92,443728,86.9373040752351,9
0.05,5104,93,443821,86.9384916748286,10
0.05,5105,94,443915,86.93987465726596,7
0.05,5106,94,444009,86.94125709810065,8
0.05,5107,96,444105,86.94303054032889,6
0.05,5108,-53,444052,86.91563906831082,16
0.05,5109,94,444146,86.91702544031311,7
0.05,5110,94,444240,86.9184112698102,7
0.05,5111,94,444334,86.9197965571205,8
0.05,5112,23,444357,86.90729513006063,9
0.05,5113,95,444452,86.90887759092686,6
0.05,5114,25,444477,86.89677419354838,8
0.05,5115,93,444570,86.89796716184519,8
0.05,5116,94,444664,86.89935509087356,7
0.05,5117,93,444757,86.90054708870653,8
0.05,5118,94,444851,86.9019339714788,7
0.05,5119,22,444873,86.8892578125,10
0.05,5120,96,444969,86.89103690685413,6
0.05,5121,92,445061,86.89203436157752,9
0.05,5122,96,445157,86.89381221940269,6
0.05,5123,22,445179,86.8811475409836,10
0.05,5124,92,445271,86.88214634146341,9
0.05,5125,94,445365,86.8835349200156,7
0.05,5126,94,445459,86.88492295689487,7
0.05,5127,91,445550,86.88572542901716,10
0.05,5128,95,445645,86.88730746734257,6
0.05,5129,94,445739,86.88869395711501,7
0.05,5130,95,445834,86.89027480023387,7
0.05,5131,87,445921,86.89029618082618,14
0.05,5132,94,446015,86.89168127800507,7
0.05,5133,91,446106,86.89248149590962,10
0.05,5134,94,446200,86.89386562804285,7
0.05,5135,94,446294,86.8952492211838,7
0.05,5136,94,446388,86.89663227564726,7
0.05,5137,95,446483,86.89820942000779,6
0.05,5138,95,446578,86.89978595057404,6
0.05,5139,93,446671,86.90097276264592,8
0.05,5140,24,446695,86.88873759968878,8
0.05,5141,92,446787,86.88973162193699,9
0.05,5142,93,446880,86.8909196966751,8
0.05,5143,93,446973,86.89210730948678,8
0.05,5144,92,447065,86.89310009718173,9
0.05,5145,96,447161,86.89486980178779,6
0.05,5146,95,447256,86.89644453079464,8
0.05,5147,95,447351,86.89801864801865,7
0.05,5148,95,447446,86.89959215381627,6
0.05,5149,94,447540,86.9009708737864,7
0.05,5150,93,447633,86.90215492137449,8
0.05,5151,94,447727,86.90353260869566,7
0.05,5152,94,447821,86.9049097613041,7
0.05,5153,92,447913,86.90589833139309,9
0.05,5154,91,448004,86.9066925315228,11
0.05,5155,94,448098,86.90806826997672,7
0.05,5156,94,448192,86.9094434748885,7
0.05,5157,94,448286,86.91081814656843,7
0.05,5158,94,448380,86.91219228532661,8
0.05,5159,94,448474,86.91356589147287,7
0.05,5160,94,448568,86.9149389653168,8
0.05,5161,93,448661,86.91611778380472,8
0.05,5162,95,448756,86.91768351733488,6
0.05,5163,92,448848,86.91866769945779,9
0.05,5164,94,448942,86.92003872216844,7
0.05,5165,94,449036,86.92140921409214,7
0.05,5166,94,449130,86.92277917553706,7
0.05,5167,94,449224,86.92414860681114,7
0.05,5168,94,449318,86.9255175082221,7
0.05,5169,95,449413,86.92707930367504,6
0.05,5170,96,449509,86.92883388126087,6
0.05,5171,92,449601,86.9298143851508,10
0.05,5172,94,449695,86.93118113280495,7
0.05,5173,93,449788,86.93235407808272,8
0.05,5174,96,449884,86.93410628019323,6
0.05,5175,95,449979,86.93566460587326,6
0.05,5176,94,450073,86.93702916747151,8
0.05,5177,95,450168,86.9385863267671,6
0.05,5178,95,450263,86.94014288472678,7
0.05,5179,90,450353,86.94073359073359,11
0.05,5180,92,450445,86.94171009457634,9
0.05,5181,90,450535,86.94230027016596,14
0.05,5182,92,450627,86.94327609492572,9
0.05,5183,95,450722,86.94483024691358,7
0.05,5184,95,450817,86.94638379942141,8
0.05,5185,24,450841,86.93424604704975,8
0.05,5186,95,450936,86.9358010410642,6
0.05,5187,94,451030,86.93716268311488,7
0.05,5188,94,451124,86.93852380034689,7
0.05,5189,94,451218,86.93988439306358,7
0.05,5190,93,451311,86.94105182045848,8
0.05,5191,92,451403,86.94202619414484,9
0.05,5192,96,451499,86.94377046023493,6
0.05,5193,18,451517,86.93049672699269,14
0.05,5194,94,451611,86.93185755534168,7
0.05,5195,96,451707,86.93360277136259,6
0.05,5196,95,451802,86.935154897056,6
0.05,5197,95,451897,86.9367064255483,7
0.05,5198,25,451922,86.9247932294672,7
0.05,5199,94,452016,86.92615384615385,7
0.05,5200,90,452106,86.92674485675832,11
0.05,5201,93,452199,86.92791234140715,8
0.05,5202,94,452293,86.92927157409187,7
0.05,5203,96,452389,86.93101460415065,6
0.05,5204,17,452406,86.91757925072046,15
0.05,5205,92,452498,86.91855551286976,9
0.05,5206,92,452590,86.91953140003841,9
0.05,5207,96,452686,86.92127496159755,6
0.05,5208,95,452781,86.92282587828758,6
0.05,5209,94,452875,86.92418426103647,7
0.05,5210,92,452967,86.9251583189407,9
0.05,5211,22,452989,86.91270145817344,10
0.05,5212,18,453007,86.8994820640706,15
0.05,5213,94,453101,86.90084388185655,7
0.05,5214,92,453193,86.90182166826462,9
0.05,5215,94,453287,86.90318251533742,7
0.05,5216,91,453378,86.90396779758481,10
0.05,5217,95,453473,86.90551935607512,6
0.05,5218,90,453563,86.90611228204637,12
0.05,5219,96,453659,86.90785440613027,6
0.05,5220,92,453751,86.9088297261061,12
0.05,5221,89,453840,86.90923018000765,12
0.05,5222,92,453932,86.91020486310549,10
0.05,5223,93,454025,86.91137059724349,10
0.05,5224,95,454120,86.91291866028708,7
0.05,5225,95,454215,86.91446613088404,6
0.05,5226,93,454308,86.91563038071551,8
0.05,5227,93,454401,86.91679418515685,8
0.05,5228,96,454497,86.91853126792886,6
0.05,5229,95,454592,86.92007648183557,6
0.05,5230,93,454685,86.92123876887784,8
0.05,5231,94,454779,86.92259174311927,7
0.05,5232,88,454867,86.92279763042232,13
0.05,5233,94,454961,86.9241497898357,7
0.05,5234,94,455055,86.92550143266476,7
0.05,5235,23,455078,86.91329258976317,9
0.05,5236,-48,455030,86.8875310292152,12
0.05,5237,91,455121,86.88831615120274,10
0.05,5238,94,455215,86.88967360183241,7
0.05,5239,89,455304,86.89007633587786,12
0.05,5240,92,455396,86.8910513260828,9
0.05,5241,94,455490,86.89240747806181,7
0.05,5242,95,455585,86.89395384321953,6
0.05,5243,93,455678,86.8951182303585,8
0.05,5244,23,455701,86.88293612964728,9
0.05,5245,94,455795,86.8842927945101,7
0.05,5246,93,455888,86.88545835715647,9
0.05,5247,93,455981,86.88662347560975,8
0.05,5248,23,456004,86.87445227662411,9
0.05,5249,94,456098,86.87580952380952,7
0.05,5250,94,456192,86.87716625404684,7
0.05,5251,92,456284,86.87814166031988,9
0.05,5252,96,456380,86.87987816485817,6
0.05,5253,95,456475,86.88142367719833,6
0.05,5254,93,456568,86.8825880114177,8
0.05,5255,95,456663,86.88413242009132,6
0.05,5256,96,456759,86.8858664637626,6
0.05,5257,95,456854,86.88740966146824,6
0.05,5258,95,456949,86.88895227229511,6
0.05,5259,21,456970,86.8764258555133,12
0.05,5260,22,456992,86.86409427865425,10
0.05,5261,91,457083,86.8648802736602,12
0.05,5262,95,457178,86.86642599277978,6
0.05,5263,91,457269,86.86721124620061,10
0.05,5264,94,457363,86.86856600189934,7
0.05,5265,95,457458,86.87011014052412,7
0.05,5266,93,457551,86.8712739700019,8
0.05,5267,96,457647,86.87300683371298,6
0.05,5268,95,457742,86.87454925033214,6
0.05,5269,94,457836,86.87590132827324,7
0.05,5270,23,457859,86.86378296338455,9
0.05,5271,95,457954,86.86532625189682,6
0.05,5272,95,458049,86.86686895505404,6
0.05,5273,91,458140,86.86765263557072,10
0.05,5274,93,458233,86.86881516587678,8
0.05,5275,94,458327,86.87016679302502,7
0.05,5276,93,458420,86.87132840629145,8
0.05,5277,-56,458364,86.84425918908677,19
0.05,5278,96,458460,86.84599355938624,6
0.05,5279,94,458554,86.84734848484848,8
0.05,5280,91,458645,86.8481348229502,11
0.05,5281,94,458739,86.84948882998864,7
0.05,5282,90,458829,86.85008517887564,11
0.05,5283,93,458922,86.85124905374717,8
0.05,5284,91,459013,86.85203405865657,11
0.05,5285,92,459105,86.85300794551645,9
0.05,5286,96,459201,86.85473803669377,6
0.05,5287,93,459294,86.85590015128594,8
0.05,5288,92,459386,86.85687275477406,9
0.05,5289,93,459479,86.85803402646503,8
0.05,5290,92,459571,86.85900585900586,9
0.05,5291,94,459665,86.86035525321239,7
0.05,5292,94,459759,86.86170413754014,7
0.05,5293,96,459855,86.86343029845108,6
0.05,5294,24,459879,86.85155807365439,8
0.05,5295,94,459973,86.85290785498489,7
0.05,5296,96,460069,86.85463469888616,6
0.05,5297,95,460164,86.85617214043035,6
0.05,5298,90,460254,86.85676542743914,11
0.05,5299,88,460342,86.85698113207548,13
0.05,5300,94,460436,86.85832861724202,7
0.05,5301,95,460531,86.85986420218785,6
0.05,5302,96,460627,86.86158778050161,6
0.05,5303,92,460719,86.86255656108597,9
0.05,5304,95,460814,86.8640904806786,6
0.05,5305,96,460910,86.86581228797587,7
0.05,5306,96,461006,86.86753344639156,6
0.05,5307,94,461100,86.86887716654107,7
0.05,5308,96,461196,86.8705970992654,6
0.05,5309,96,461292,86.87231638418079,6
0.05,5310,96,461388,86.87403502165317,6
0.05,5311,91,461479,86.87481174698796,10
0.05,5312,94,461573,86.87615283267458,7
0.05,5313,96,461669,86.87786977794505,6
0.05,5314,92,461761,86.87883349012229,10
0.05,5315,25,461786,86.86719337848007,8
0.05,5316,96,461882,86.86891104006018,6
0.05,5317,96,461978,86.87062805566002,6
0.05,5318,95,462073,86.87215642037977,6
0.05,5319,93,462166,86.87330827067669,8
0.05,5320,94,462260,86.87464762262732,7
0.05,5321,94,462354,86.87598647125141,8
0.05,5322,21,462375,86.86361074582003,11
0.05,5323,20,462395,86.85105184072127,13
0.05,5324,93,462488,86.85220657276996,8
0.05,5325,94,462582,86.85354862936538,7
0.05,5326,93,462675,86.85470245917027,9
0.05,5327,95,462770,86.85623123123123,6
0.05,5328,95,462865,86.8577594295365,8
0.05,5329,92,462957,86.85872420262665,10
0.05,5330,94,463051,86.86006377790284,7
0.05,5331,94,463145,86.86140285071268,7
0.05,5332,92,463237,86.86236639789986,9
0.05,5333,92,463329,86.86332958380203,9
0.05,5334,93,463422,86.86447985004686,8
0.05,5335,88,463510,86.86469265367316,13
0.05,5336,94,463604,86.86602960464681,7
0.05,5337,95,463699,86.86755339078306,7
0.05,5338,94,463793,86.86888930511331,7
0.05,5339,90,463883,86.8694756554307,11
0.05,5340,94,463977,86.87081070960494,7
0.05,5341,94,464071,86.87214526394608,7
0.05,5342,95,464166,86.8736664795059,6
0.05,5343,94,464260,86.875,8
0.05,5344,94,464354,86.87633302151544,8
0.05,5345,92,464446,86.87729143284699,9
0.05,5346,94,464540,86.87862352721152,7
0.05,5347,92,464632,86.87958115183245,9
0.05,5348,94,464726,86.88091232005982,8
0.05,5349,91,464817,86.88168224299065,11
0.05,5350,90,464907,86.88226499719678,11
0.05,5351,95,465002,86.8837817638266,6
0.05,5352,92,465094,86.88473753035682,9
0.05,5353,96,465190,86.8864400448263,6
0.05,5354,94,465284,86.88776844070962,7
0.05,5355,96,465380,86.88946975354742,6
0.05,5356,94,465474,86.89079708792235,7
0.05,5357,15,465489,86.87737961926092,17
0.05,5358,94,465583,86.87870871431237,7
0.05,5359,95,465678,86.88022388059701,6
0.05,5360,94,465772,86.8815519492632,7
0.05,5361,22,465794,86.86945169712794,10
0.05,5362,91,465885,86.8702218907328,10
0.05,5363,87,465972,86.87024608501119,14
0.05,5364,94,466066,86.87157502329916,7
0.05,5365,94,466160,86.87290346626911,7
0.05,5366,96,466256,86.87460406185951,6
0.05,5367,92,466348,86.87555886736214,10
0.05,5368,96,466444,86.87725833488545,6
0.05,5369,95,466539,86.87877094972067,7
0.05,5370,94,466633,86.88009681623534,7
0.05,5371,92,466725,86.88104988830976,9
0.05,5372,92,466817,86.8820026056207,9
0.05,5373,93,466910,86.88314104949758,8
0.05,5374,23,466933,86.87125581395348,9
0.05,5375,96,467029,86.87295386904762,6
0.05,5376,93,467122,86.87409336061,8
0.05,5377,93,467215,86.87523242841205,8
0.05,5378,96,467311,86.8769287971742,6
0.05,5379,94,467405,86.87825278810409,7
0.05,5380,91,467496,86.8790187697454,10
0.05,5381,93,467589,86.88015607580824,8
0.05,5382,94,467683,86.88147872933308,7
0.05,5383,94,467777,86.88280089153047,8
0.05,5384,22,467799,86.87075208913649,10
0.05,5385,93,467892,86.8718900854066,8
0.05,5386,95,467987,86.87339892333395,8
0.05,5387,90,468077,86.87397921306608,11
0.05,5388,94,468171,86.87530154017443,7
0.05,5389,92,468263,86.87625231910947,10
0.05,5390,95,468358,86.87775922834354,6
0.05,5391,94,468452,86.87908011869436,7
0.05,5392,94,468546,86.88040051919154,7
0.05,5393,86,468632,86.8802373007045,15
0.05,5394,93,468725,86.88137164040778,8
0.05,5395,94,468819,86.88269088213491,7
0.05,5396,86,468905,86.88252732999814,15
0.05,5397,21,468926,86.870322341608,12
0.05,5398,96,469022,86.87201333580293,6
0.05,5399,91,469113,86.87277777777778,10
0.05,5400,93,469206,86.87391223847436,8
0.05,5401,94,469300,86.87523139577934,7
0.05,5402,95,469395,86.87673514714048,7
0.05,5403,94,469489,86.8780532938564,7
0.05,5404,96,469585,86.87974098057354,6
0.05,5405,95,469680,86.88124306326304,6
0.05,5406,96,469776,86.88292953578694,6
0.05,5407,93,469869,86.88406065088758,8
0.05,5408,90,469959,86.88463671658347,11
0.05,5409,93,470052,86.88576709796673,8
0.05,5410,94,470146,86.88708187026428,7
0.05,5411,94,470240,86.88839615668884,7
0.05,5412,96,470336,86.89007943838907,6
0.05,5413,92,470428,86.89102327299594,11
0.05,5414,94,470522,86.89233610341644,7
0.05,5415,24,470546,86.88072378138848,9
0.05,5416,91,470637,86.88148421635591,10
0.05,5417,93,470730,86.88261351052049,8
0.05,5418,93,470823,86.88374238789444,8
0.05,5419,94,470917,86.8850553505535,7
0.05,5420,96,471013,86.8867367644346,6
0.05,5421,96,471109,86.88841755809665,6
0.05,5422,92,471201,86.88936013276783,10
0.05,5423,92,471293,86.890302359882,9
0.05,5424,95,471388,86.89179723502305,7
0.05,5425,94,471482,86.89310726133432,7
0.05,5426,93,471575,86.89423254099871,8
0.05,5427,95,471670,86.89572586588062,6
0.05,5428,95,471765,86.89721864063364,7
0.05,5429,92,471857,86.89815837937385,9
0.05,5430,96,471953,86.89983428466212,6
0.05,5431,96,472049,86.90150957290133,6
0.05,5432,96,472145,86.90318424443217,6
0.05,5433,95,472240,86.90467427309532,6
0.05,5434,96,472336,86.90634774609016,6
0.05,5435,94,472430,86.90765268579838,7
0.05,5436,92,472522,86.90858929556741,9
0.05,5437,96,472618,86.91026112541375,6
0.05,5438,96,472714,86.91193234050377,6
0.05,5439,94,472808,86.91323529411764,8
0.05,5440,96,472904,86.91490534828156,6
0.05,5441,23,472927,86.9031606027196,9
0.05,5442,93,473020,86.90428072753996,8
0.05,5443,94,473114,86.90558412931668,7
0.05,5444,92,473206,86.90651974288338,10
0.05,5445,96,473302,86.90818949687845,6
0.05,5446,96,473398,86.90985863778226,6
0.05,5447,94,473492,86.91116005873715,7
0.05,5448,96,473588,86.91282804184254,6
0.05,5449,94,473682,86.91412844036697,7
0.05,5450,95,473777,86.915611814346,6
0.05,5451,95,473872,86.91709464416728,7
0.05,5452,94,473966,86.9183935448377,8
0.05,5453,91,474057,86.91914191419141,11
0.05,5454,95,474152,86.92062328139322,6
0.05,5455,96,474248,86.92228739002933,6
0.05,5456,95,474343,86.92376763789628,6
0.05,5457,95,474438,86.92524734334921,6
0.05,5458,94,474532,86.92654332295292,7
0.05,5459,95,474627,86.92802197802197,6
0.05,5460,94,474721,86.92931697491302,7
0.05,5461,93,474814,86.93042841450018,8
0.05,5462,23,474837,86.91872597473916,9
0.05,5463,93,474930,86.91983894582724,8
0.05,5464,24,474954,86.90832570905764,8
0.05,5465,96,475050,86.9099890230516,6
0.05,5466,92,475142,86.91092006584964,9
0.05,5467,95,475237,86.91239941477689,6
0.05,5468,26,475263,86.90126165660999,6
0.05,5469,93,475356,86.90237659963437,9
0.05,5470,96,475452,86.90403948089929,6
0.05,5471,22,475474,86.8921783625731,10
0.05,5472,95,475569,86.89365978439612,6
0.05,5473,94,475663,86.89495798319328,7
0.05,5474,93,475756,86.89607305936073,8
0.05,5475,95,475851,86.89755295836378,6
0.05,5476,94,475945,86.89884973525653,7
0.05,5477,94,476039,86.90014603870026,7
0.05,5478,94,476133,86.9014418689542,7
0.05,5479,92,476225,86.90237226277372,10
0.05,5480,93,476318,86.90348476555373,8
0.05,5481,92,476410,86.90441444728201,9
0.05,5482,90,476500,86.90497902608061,11
0.05,5483,93,476593,86.90609044493071,9
0.05,5484,95,476688,86.90756608933455,6
0.05,5485,94,476782,86.90885891359825,7
0.05,5486,95,476877,86.91033351558228,6
0.05,5487,93,476970,86.91144314868805,8
0.05,5488,94,477064,86.91273456002915,7
0.05,5489,95,477159,86.91420765027323,7
0.05,5490,96,477255,86.91586232016026,6
0.05,5491,-50,477205,86.8909322651129,13
0.05,5492,25,477230,86.87966502821773,8
0.05,5493,94,477324,86.88096104841645,7
0.05,5494,93,477417,86.8820746132848,8
0.05,5495,93,477510,86.88318777292577,8
0.05,5496,92,477602,86.88411861015099,9
0.05,5497,96,477698,86.88577664605312,6
0.05,5498,96,477794,86.88743407892343,6
0.05,5499,95,477889,86.8889090909091,6
0.05,5500,94,477983,86.89020178149427,7
0.05,5501,94,478077,86.89149400218102,7
0.05,5502,89,478166,86.89187715791387,12
0.05,5503,93,478259,86.89298691860465,8
0.05,5504,94,478353,86.89427792915531,7
0.05,5505,92,478445,86.89520523065747,9
0.05,5506,94,478539,86.89649536952969,8
0.05,5507,92,478631,86.89742193173566,9
0.05,5508,94,478725,86.89871119985479,7
0.05,5509,96,478821,86.90036297640653,6
0.05,5510,94,478915,86.90165124296861,7
0.05,5511,94,479009,86.90293904208998,7
0.05,5512,90,479099,86.90350081625249,11
0.05,5513,92,479191,86.9044250997461,9
0.05,5514,95,479286,86.90589301903898,6
0.05,5515,95,479381,86.90736040609137,6
0.05,5516,93,479474,86.90846474533261,8
0.05,5517,94,479568,86.90974990938746,7
0.05,5518,94,479662,86.91103460771879,7
0.05,5519,92,479754,86.91195652173913,9
0.05,5520,90,479844,86.91251584857815,11
0.05,5521,92,479936,86.9134371604491,9
0.05,5522,95,480031,86.91490132174543,6
0.05,5523,95,480126,86.91636495293265,6
0.05,5524,92,480218,86.91728506787331,9
0.05,5525,95,480313,86.91874773796597,6
0.05,5526,95,480408,86.92020987877692,6
0.05,5527,96,480504,86.9218523878437,6
0.05,5528,95,480599,86.92331343823476,7
0.05,5529,96,480695,86.9249547920434,7
0.05,5530,95,480790,86.92641475320919,6
0.05,5531,96,480886,86.92805495300072,6
0.05,5532,94,480980,86.92933309235497,7
0.05,5533,21,481001,86.91741958800145,11
0.05,5534,94,481095,86.91869918699187,7
0.05,5535,92,481187,86.91961705202313,9
0.05,5536,95,481282,86.92107639515983,7
0.05,5537,94,481376,86.9223546406645,7
0.05,5538,95,481471,86.92381296262863,8
0.05,5539,94,481565,86.92509025270758,7
0.05,5540,94,481659,86.9263670817542,8
0.05,5541,94,481753,86.92764345001804,7
0.05,5542,94,481847,86.92891935774851,7
0.05,5543,22,481869,86.91720779220779,11
0.05,5544,92,481961,86.91812443642921,9
0.05,5545,95,482056,86.91958168049044,6
0.05,5546,85,482141,86.9192356228592,16
0.05,5547,94,482235,86.92051189617881,7
0.05,5548,93,482328,86.92160749684628,8
0.05,5549,93,482421,86.92270270270271,8
0.05,5550,93,482514,86.92379751396145,8
0.05,5551,95,482609,86.92525216138328,6
0.05,5552,94,482703,86.92652620205294,7
0.05,5553,92,482795,86.92743968311127,10
0.05,5554,95,482890,86.92889288928893,6
0.05,5555,96,482986,86.93052555795536,6
0.05,5556,95,483081,86.9319776858017,6
0.05,5557,96,483177,86.93360921194675,6
0.05,5558,22,483199,86.92192840438928,12
0.05,5559,95,483294,86.92338129496403,6
0.05,5560,93,483387,86.92447401546484,8
0.05,5561,92,483479,86.92538655160014,9
0.05,5562,88,483567,86.92557972317096,13
0.05,5563,94,483661,86.92685118619698,7
0.05,5564,96,483757,86.92848158131177,6
0.05,5565,96,483853,86.9301113905857,6
0.05,5566,93,483946,86.93120172444763,8
0.05,5567,94,484040,86.93247126436782,7
0.05,5568,96,484136,86.93409947926018,6
0.05,5569,93,484229,86.93518850987432,8
0.05,5570,94,484323,86.93645665051157,7
0.05,5571,94,484417,86.93772433596554,7
0.05,5572,96,484513,86.93935043961959,6
0.05,5573,94,484607,86.94061715105849,7
0.05,5574,94,484701,86.94188340807175,7
0.05,5575,93,484794,86.94296987087517,8
0.05,5576,95,484889,86.94441455979917,7
0.05,5577,91,484980,86.94514162782359,11
0.05,5578,94,485074,86.94640616597957,7
0.05,5579,94,485168,86.94767025089605,7
0.05,5580,94,485262,86.9489338828167,7
0.05,5581,94,485356,86.95019706198495,7
0.05,5582,93,485449,86.95128067347304,8
0.05,5583,90,485539,86.95182664756447,11
0.05,5584,94,485633,86.95308863025963,8
0.05,5585,93,485726,86.95417114214106,8
0.05,5586,96,485822,86.9557902273134,6
0.05,5587,23,485845,86.94434502505369,10
0.05,5588,93,485938,86.94542852030774,9
0.05,5589,94,486032,86.94669051878354,7
0.05,5590,96,486128,86.94830978358075,6
0.05,5591,92,486220,86.94921316165951,9
0.05,5592,92,486312,86.95011621669944,11
0.05,5593,95,486407,86.95155523775473,6
0.05,5594,94,486501,86.95281501340483,8
0.05,5595,94,486595,86.95407433881344,7
0.05,5596,96,486691,86.95569054850813,6
0.05,5597,96,486787,86.95730618077884,6
0.05,5598,96,486883,86.958921235935,6
0.05,5599,95,486978,86.96035714285715,6
0.05,5600,94,487072,86.96161399750045,7
0.05,5601,94,487166,86.96287040342735,7
0.05,5602,93,487259,86.96394788506157,8
0.05,5603,94,487353,86.96520342612419,7
0.05,5604,94,487447,86.9664585191793,7
0.05,5605,96,487543,86.96806992508027,6
0.05,5606,96,487639,86.9696807561976,6
0.05,5607,95,487734,86.97111269614835,7
0.05,5608,91,487825,86.97183098591549,11
0.05,5609,96,487921,86.97344028520499,6
0.05,5610,93,488014,86.97451434681875,8
0.05,5611,94,488108,86.97576621525303,7
0.05,5612,23,488131,86.96436843042936,9
0.05,5613,94,488225,86.96562166013537,7
0.05,5614,95,488320,86.96705253784506,7
0.05,5615,93,488413,86.96812678062678,8
0.05,5616,96,488509,86.9697347338437,6
0.05,5617,85,488594,86.96938412246351,16
0.05,5618,91,488685,86.97010144153764,10
0.05,5619,93,488778,86.9711743772242,8
0.05,5620,94,488872,86.97242483543853,7
0.05,5621,95,488967,86.97385272145144,6
0.05,5622,90,489057,86.97439089454028,11
0.05,5623,88,489145,86.974573257468,13
0.05,5624,96,489241,86.97617777777778,6
0.05,5625,92,489333,86.97707074297902,10
0.05,5626,20,489353,86.9651679402879,13
0.05,5627,89,489442,86.96552949538024,12
0.05,5628,23,489465,86.9541659264523,10
0.05,5629,94,489559,86.95541740674956,7
0.05,5630,95,489654,86.95684603090038,6
0.05,5631,93,489747,86.9579190340909,8
0.05,5632,96,489843,86.9595242322031,6
0.05,5633,24,489867,86.94834930777422,8
0.05,5634,95,489962,86.94977817213842,6
0.05,5635,95,490057,86.95120652945351,6
0.05,5636,96,490153,86.95281177931524,6
0.05,5637,94,490247,86.9540617240156,7
0.05,5638,96,490343,86.9556658982089,6
0.05,5639,96,490439,86.9572695035461,6
0.05,5640,95,490534,86.95869526679667,6
0.05,5641,93,490627,86.9597660404112,9
0.05,5642,16,490643,86.9471912103491,16
0.05,5643,96,490739,86.9487951807229,6
0.05,5644,23,490762,86.93746678476528,10
0.05,5645,96,490858,86.93907190931633,6
0.05,5646,94,490952,86.9403222950239,7
0.05,5647,95,491047,86.9417492917847,7
0.05,5648,96,491143,86.94335280580634,6
0.05,5649,94,491237,86.9446017699115,7
0.05,5650,95,491332,86.94602725181385,6
0.05,5651,92,491424,86.94692144373673,9
0.05,5652,94,491518,86.94816911374491,8
0.05,5653,95,491613,86.94959320834808,6
0.05,5654,94,491707,86.95083996463306,8
0.05,5655,95,491802,86.9522630834512,7
0.05,5656,95,491897,86.95368569913381,6
0.05,5657,96,491993,86.95528455284553,6
0.05,5658,94,492087,86.95652942215939,7
0.05,5659,95,492182,86.95795053003533,6
0.05,5660,94,492276,86.95919448860626,7
0.05,5661,96,492372,86.96079123984458,6
0.05,5662,95,492467,86.96221084230973,6
0.05,5663,94,492561,86.9634533898305,7
0.05,5664,95,492656,86.9648720211827,6
0.05,5665,94,492750,86.96611366043064,7
0.05,5666,90,492840,86.96664902064585,11
0.05,5667,94,492934,86.96788990825688,7
0.05,5668,96,493030,86.96948315399541,6
0.05,5669,94,493124,86.97072310405643,7
0.05,5670,92,493216,86.97160994533591,10
0.05,5671,94,493310,86.97284908321579,7
0.05,5672,92,493402,86.97373523708796,10
0.05,5673,93,493495,86.97479732111385,8
0.05,5674,93,493588,86.975859030837,8
0.05,5675,90,493678,86.97639182522903,11
0.05,5676,92,493770,86.97727673066761,9
0.05,5677,94,493864,86.97851356111306,8
0.05,5678,92,493956,86.97939778129953,9
0.05,5679,94,494050,86.9806338028169,8
0.05,5680,96,494146,86.98222143988734,6
0.05,5681,94,494240,86.98345652939106,7
0.05,5682,96,494336,86.98504311103291,6
0.05,5683,24,494360,86.97396199859254,8
0.05,5684,94,494454,86.97519788918206,8
0.05,5685,94,494548,86.97643334505804,7
0.05,5686,91,494639,86.97714084754703,10
0.05,5687,22,494661,86.96571729957806,10
0.05,5688,92,494753,86.96660221480049,9
0.05,5689,93,494846,86.9676625659051,8
0.05,5690,93,494939,86.9687225443683,8
0.05,5691,87,495026,86.96872803935348,14
0.05,5692,92,495118,86.96961180396978,10
0.05,5693,94,495212,86.97084650509308,7
0.05,5694,93,495305,86.97190517998244,8
0.05,5695,94,495399,86.97313904494382,8
0.05,5696,23,495422,86.96190977707565,9
0.05,5697,95,495517,86.96332046332046,6
0.05,5698,96,495613,86.96490612388138,6
0.05,5699,94,495707,86.9661403508772,7
0.05,5700,94,495801,86.96737414488686,7
0.05,5701,94,495895,86.9686075061382,7
0.05,5702,91,495986,86.96931439593196,10
0.05,5703,94,496080,86.97054698457222,8
0.05,5704,96,496176,86.97212971078002,6
0.05,5705,94,496270,86.97336137399229,7
0.05,5706,94,496364,86.9745926055721,7
0.05,5707,93,496457,86.97564821303433,8
0.05,5708,95,496552,86.97705377474163,6
0.05,5709,94,496646,86.97828371278459,7
0.05,5710,96,496742,86.97986342146734,6
0.05,5711,96,496838,86.98144257703082,6
0.05,5712,92,496930,86.98232102223,9
0.05,5713,96,497026,86.98389919495975,6
0.05,5714,94,497120,86.98512685914261,7
0.05,5715,96,497216,86.98670398880336,6
0.05,5716,94,497310,86.98793073290187,7
0.05,5717,22,497332,86.97656523259882,10
0.05,5718,96,497428,86.9781430319986,6
0.05,5719,95,497523,86.97954545454546,6
0.05,5720,92,497615,86.9804230029715,9
0.05,5721,95,497710,86.98182453687522,8
0.05,5722,90,497800,86.98235191333217,11
0.05,5723,93,497893,86.98340321453529,8
0.05,5724,23,497916,86.9722270742358,9
0.05,5725,93,498009,86.97327977645826,8
0.05,5726,94,498103,86.97450672254234,7
0.05,5727,95,498198,86.97590782122904,6
0.05,5728,94,498292,86.97713388025834,7
0.05,5729,95,498387,86.97853403141362,6
0.05,5730,21,498408,86.967021462223,11
0.05,5731,95,498503,86.96842288904396,7
0.05,5732,94,498597,86.96964939822082,7
0.05,5733,92,498689,86.97052668294384,9
0.05,5734,25,498714,86.95972101133391,8
0.05,5735,94,498808,86.96094839609484,7
0.05,5736,95,498903,86.9623496601011,6
0.05,5737,94,498997,86.9635761589404,8
0.05,5738,96,499093,86.96515072312249,6
0.05,5739,96,499189,86.96672473867596,6
0.05,5740,95,499284,86.96812402020554,6
0.05,5741,94,499378,86.96934865900383,8
0.05,5742,93,499471,86.97039874629985,8
0.05,5743,96,499567,86.97197075208913,6
0.05,5744,96,499663,86.97354221061794,6
0.05,5745,94,499757,86.97476505395058,7
0.05,5746,95,499852,86.97616147555246,6
0.05,5747,94,499946,86.97738343771746,7
0.05,5748,20,499966,86.96573317098625,12
0.05,5749,91,500057,86.9664347826087,10
0.05,5750,89,500146,86.96678838462876,12
0.05,5751,94,500240,86.96801112656468,7
0.05,5752,-46,500194,86.94489831392318,10
0.05,5753,95,500289,86.94629822732013,6
0.05,5754,93,500382,86.94735013032145,8
0.05,5755,94,500476,86.94857539958305,8
0.05,5756,96,500572,86.95014764634358,6
0.05,5757,95,500667,86.9515456755818,6
0.05,5758,94,500761,86.95276957805174,7
0.05,5759,95,500856,86.95416666666667,6
0.05,5760,92,500948,86.955042527339,9
0.05,5761,94,501042,86.95626518569941,7
0.05,5762,94,501136,86.95748741974666,7
0.05,5763,94,501230,86.9587092297016,7
0.05,5764,95,501325,86.96010407632264,6
0.05,5765,23,501348,86.94901144640998,9
0.05,5766,96,501444,86.95058089127797,6
0.05,5767,94,501538,86.95180305131761,7
0.05,5768,94,501632,86.95302478765818,7
0.05,5769,94,501726,86.95424610051992,7
0.05,5770,94,501820,86.95546699012303,7
0.05,5771,93,501913,86.9565142065142,8
0.05,5772,94,502007,86.95773428027023,7
0.05,5773,95,502102,86.9591271215795,6
0.05,5774,95,502197,86.96051948051948,6
0.05,5775,94,502291,86.96173822714681,7
0.05,5776,22,502313,86.95049333564134,11
0.05,5777,87,502400,86.95050190377293,14
0.05,5778,95,502495,86.95189479148641,6
0.05,5779,94,502589,86.95311418685121,7
0.05,5780,94,502683,86.95433316035287,7
0.05,5781,94,502777,86.95555171221031,7
0.05,5782,25,502802,86.94483831921148,8
0.05,5783,94,502896,86.9460580912863,7
0.05,5784,94,502990,86.94727744165947,7
0.05,5785,90,503080,86.94780504666436,11
0.05,5786,25,503105,86.93710039744255,8
0.05,5787,91,503196,86.93780234968901,10
0.05,5788,93,503289,86.93884954223527,8
0.05,5789,91,503380,86.93955094991364,10
0.05,5790,94,503474,86.94077016059403,7
0.05,5791,92,503566,86.94164364640883,9
0.05,5792,92,503658,86.9425168306577,9
0.05,5793,95,503753,86.94390749050743,6
0.05,5794,94,503847,86.9451251078516,7
0.05,5795,16,503863,86.93288474810214,16
0.05,5796,96,503959,86.93444885285493,6
0.05,5797,95,504054,86.93583994480855,6
0.05,5798,94,504148,86.93705811346784,7
0.05,5799,94,504242,86.93827586206896,8
0.05,5800,94,504336,86.93949319082917,7
0.05,5801,96,504432,86.94105480868666,6
0.05,5802,95,504527,86.94244356367396,6
0.05,5803,94,504621,86.94365954514129,7
0.05,5804,94,504715,86.94487510766581,7
0.05,5805,96,504811,86.94643472270066,6
0.05,5806,93,504904,86.94747718271053,8
0.05,5807,95,504999,86.94886363636364,6
0.05,5808,94,505093,86.95007746600103,7
0.05,5809,95,505188,86.95146299483649,6
0.05,5810,94,505282,86.95267595938736,7
0.05,5811,93,505375,86.95371644872677,10
0.05,5812,94,505469,86.95492860829177,7
0.05,5813,23,505492,86.94392844857241,10
0.05,5814,93,505585,86.94496990541703,8
0.05,5815,95,505680,86.94635488308116,6
0.05,5816,94,505774,86.9475674746433,7
0.05,5817,94,505868,86.94877964936404,7
0.05,5818,92,505960,86.94964770579138,9
0.05,5819,92,506052,86.95051546391753,9
0.05,5820,94,506146,86.95172650747294,7
0.05,5821,90,506236,86.95225008588115,11
0.05,5822,94,506330,86.95346041559334,9
0.05,5823,94,506424,86.95467032967034,7
0.05,5824,96,506520,86.95622317596566,6
0.05,5825,94,506614,86.95743220048061,7
0.05,5826,91,506705,86.95812596533379,10
0.05,5827,84,506789,86.95761839396019,17
0.05,5828,92,506881,86.95848344484475,9
0.05,5829,92,506973,86.95934819897084,10
0.05,5830,95,507068,86.96072714800206,6
0.05,5831,96,507164,86.96227709190673,6
0.05,5832,92,507256,86.96314075090005,9
0.05,5833,95,507351,86.96451834076106,6
0.05,5834,94,507445,86.96572407883463,7
0.05,5835,95,507540,86.96710075394105,6
0.05,5836,93,507633,86.96813431557307,8
0.05,5837,21,507654,86.9568345323741,11
0.05,5838,94,507748,86.95804076040417,8
0.05,5839,93,507841,86.95907534246575,8
0.05,5840,94,507935,86.9602807738401,7
0.05,5841,96,508031,86.96182814104759,6
0.05,5842,90,508121,86.96234810884819,12
0.05,5843,94,508215,86.96355236139631,7
0.05,5844,96,508311,86.96509837467921,7
0.05,5845,95,508406,86.96647280191584,6
0.05,5846,94,508500,86.96767573114418,7
0.05,5847,95,508595,86.96904924760602,6
0.05,5848,94,508689,86.97025132501282,7
0.05,5849,95,508784,86.97162393162394,6
0.05,5850,94,508878,86.97282515809263,8
0.05,5851,91,508969,86.97351332877649,10
0.05,5852,92,509061,86.97437211686315,9
0.05,5853,95,509156,86.97574308165358,6
0.05,5854,94,509250,86.97694278394535,7
0.05,5855,95,509345,86.97831284153006,6
0.05,5856,95,509440,86.97968243127882,6
0.05,5857,91,509531,86.98036872652783,10
0.05,5858,93,509624,86.98139614268646,8
0.05,5859,92,509716,86.98225255972696,9
0.05,5860,94,509810,86.98344992322129,7
0.05,5861,92,509902,86.98430569771409,9
0.05,5862,89,509991,86.98464949684463,12
0.05,5863,94,510085,86.98584583901774,7
0.05,5864,95,510180,86.98721227621483,6
0.05,5865,94,510274,86.98840777361063,7
0.05,5866,93,510367,86.98943241861258,10
0.05,5867,96,510463,86.99096796182685,6
0.05,5868,93,510556,86.99199182143465,8
0.05,5869,95,510651,86.99335604770017,6
0.05,5870,96,510747,86.99489013796628,6
0.05,5871,94,510841,86.99608310626704,7
0.05,5872,94,510935,86.99727566831261,7
0.05,5873,94,511029,86.99846782431052,7
0.05,5874,22,511051,86.98740425531915,10
0.05,5875,94,511145,86.98859768550034,8
0.05,5876,93,511238,86.98962055470479,9
0.05,5877,93,511331,86.99064307587615,9
0.05,5878,94,511425,86.9918353461473,7
0.05,5879,96,511521,86.99336734693877,6
0.05,5880,90,511611,86.99387859207617,11
0.05,5881,22,511633,86.98282896973818,11
0.05,5882,94,511727,86.98402175760667,7
0.05,5883,94,511821,86.98521414004078,7
0.05,5884,88,511909,86.98538657604078,13
0.05,5885,94,512003,86.9865783214407,7
0.05,5886,93,512096,86.98759979616104,9
0.05,5887,94,512190,86.98879076086956,8
0.05,5888,94,512284,86.98998132110715,7
0.05,5889,91,512375,86.99066213921901,11
0.05,5890,93,512468,86.99168222712612,8
0.05,5891,92,512560,86.99253224711474,9
0.05,5892,94,512654,86.99372136433057,7
0.05,5893,94,512748,86.99491007804546,7
0.05,5894,92,512840,86.99575911789653,9
0.05,5895,94,512934,86.99694708276797,7
0.05,5896,94,513028,86.9981346447346,8
0.05,5897,23,513051,86.98728382502543,9
0.05,5898,94,513145,86.98847262247838,7
0.05,5899,92,513237,86.9893220338983,9
0.05,5900,94,513331,86.99051008303677,7
0.05,5901,94,513425,86.9916977295832,7
0.05,5902,92,513517,86.99254616296798,9
0.05,5903,95,513612,86.9939024390244,7
0.05,5904,96,513708,86.99542760372566,6
0.05,5905,96,513804,86.99695225194718,6
0.05,5906,96,513900,86.99847638395124,6
0.05,5907,94,513994,86.9996614759648,7
0.05,5908,94,514088,87.00084616686411,7
0.05,5909,92,514180,87.00169204737733,9
0.05,5910,94,514274,87.00287599390965,7
0.05,5911,96,514370,87.00439783491204,6
0.05,5912,95,514465,87.00575004227973,6
0.05,5913,96,514561,87.00727088265134,6
0.05,5914,94,514655,87.00845308537616,8
0.05,5915,92,514747,87.00929682217715,9
0.05,5916,90,514837,87.00980226466115,11
0.05,5917,92,514929,87.01064548834066,9
0.05,5918,94,515023,87.01182632201386,7
0.05,5919,94,515117,87.01300675675675,7
0.05,5920,92,515209,87.01384901199121,9
0.05,5921,94,515303,87.01502870651807,8
0.05,5922,94,515397,87.01620800270133,7
0.05,5923,96,515493,87.0177245104659,6
0.05,5924,93,515586,87.0187341772152,8
0.05,5925,92,515678,87.01957475531556,9
0.05,5926,93,515771,87.02058376919183,8
0.05,5927,92,515863,87.02142375168691,9
0.05,5928,92,515955,87.02226345083488,10
0.05,5929,94,516049,87.02344013490725,7
0.05,5930,93,516142,87.02444781655707,8
0.05,5931,96,516238,87.02596089008766,6
0.05,5932,94,516332,87.02713635597506,8
0.05,5933,94,516426,87.0283114256825,8
0.05,5934,90,516516,87.02881213142376,11
0.05,5935,95,516611,87.03015498652292,6
0.05,5936,94,516705,87.03132895401718,7
0.05,5937,92,516797,87.03216571236106,9
0.05,5938,95,516892,87.0335073244654,7
0.05,5939,95,516987,87.03484848484848,6
0.05,5940,95,517082,87.03618919373842,6
0.05,5941,94,517176,87.03736115785931,7
0.05,5942,23,517199,87.02658589937742,10
0.05,5943,92,517291,87.02742261103634,9
0.05,5944,92,517383,87.0282590412111,9
0.05,5945,93,517476,87.029263370333,8
0.05,5946,93,517569,87.03026736169497,9
0.05,5947,25,517594,87.0198386012105,8
0.05,5948,96,517690,87.02134812573541,6
0.05,5949,24,517714,87.010756302521,8
0.05,5950,94,517808,87.01193076793817,7
0.05,5951,94,517902,87.01310483870968,8
0.05,5952,94,517996,87.01427851503443,7
0.05,5953,95,518091,87.01561975142761,6
0.05,5954,92,518183,87.01645675902603,10
0.05,5955,95,518278,87.01779717931498,6
0.05,5956,95,518373,87.01913714957193,6
0.05,5957,94,518467,87.02030882846593,8
0.05,5958,23,518490,87.00956536331599,9
0.05,5959,91,518581,87.01023489932886,11
0.05,5960,94,518675,87.01140748196612,7
0.05,5961,96,518771,87.0129151291513,6
0.05,5962,93,518864,87.01391916820393,8
0.05,5963,94,518958,87.01509054325956,7
0.05,5964,95,519053,87.01642917015926,6
0.05,5965,95,519148,87.01776734830707,6
0.05,5966,87,519235,87.01776437070555,14
0.05,5967,94,519329,87.01893431635389,7
0.05,5968,95,519424,87.02027140224493,6
0.05,5969,95,519519,87.021608040201,6
0.05,5970,95,519614,87.02294423044717,6
0.05,5971,92,519706,87.02377762893504,9
0.05,5972,94,519800,87.0249455884815,7
0.05,5973,94,519894,87.02611315701373,7
0.05,5974,92,519986,87.02694560669455,9
0.05,5975,94,520080,87.0281124497992,8
0.05,5976,94,520174,87.02927890245942,7
0.05,5977,93,520267,87.03027768484444,8
0.05,5978,96,520363,87.03177788927914,6
0.05,5979,92,520455,87.03260869565217,10
0.05,5980,92,520547,87.03343922421,9
0.05,5981,94,520641,87.03460381143431,7
0.05,5982,90,520731,87.03509944843724,11
0.05,5983,22,520753,87.02423128342247,10
0.05,5984,91,520844,87.02489557226399,12
0.05,5985,94,520938,87.0260608085533,7
0.05,5986,95,521033,87.02739268414899,8
0.05,5987,94,521127,87.02855711422846,8
0.05,5988,94,521221,87.02972115545167,7
0.05,5989,94,521315,87.03088480801335,7
0.05,5990,91,521406,87.03154732098147,10
0.05,5991,96,521502,87.03304405874499,6
0.05,5992,27,521529,87.02302686467546,6
0.05,5993,95,521624,87.02435769102436,6
0.05,5994,94,521718,87.02552126772311,8
0.05,5995,96,521814,87.027018012008,6
0.05,5996,90,521904,87.02751375687843,12
0.05,5997,90,521994,87.02800933644548,12
0.05,5998,96,522090,87.02950491748625,6
0.05,5999,96,522186,87.031,6
0.05,6000,92,522278,87.03182802866189,9
0.05,6001,96,522374,87.03332222592469,6
0.05,6002,93,522467,87.0343161752457,8
0.05,6003,94,522561,87.0354763491006,7
0.05,6004,94,522655,87.03663613655287,8
0.05,6005,93,522748,87.03762903762903,8
0.05,6006,23,522771,87.02696853670717,9
0.05,6007,95,522866,87.02829560585886,7
0.05,6008,92,522958,87.02912298219337,9
0.05,6009,95,523053,87.03044925124792,7
0.05,6010,94,523147,87.03160871735152,7
0.05,6011,90,523237,87.03210246174318,11
0.05,6012,93,523330,87.033094960918,9
0.05,6013,93,523423,87.03408713002993,9
0.05,6014,92,523515,87.0349127182045,9
0.05,6015,94,523609,87.0360704787234,7
0.05,6016,95,523704,87.03739405019112,6
0.05,6017,96,523800,87.03888334995015,6
0.05,6018,92,523892,87.03970759262336,10
0.05,6019,96,523988,87.04119601328904,6
0.05,6020,23,524011,87.03055970768975,9
0.05,6021,94,524105,87.03171703752906,8
0.05,6022,93,524198,87.03270795284742,8
0.05,6023,94,524292,87.03386454183267,7
0.05,6024,95,524387,87.0351867219917,8
0.05,6025,94,524481,87.03634251576501,7
0.05,6026,24,524505,87.02588352414136,8
0.05,6027,91,524596,87.02654280026543,11
0.05,6028,94,524690,87.02769945264555,7
0.05,6029,94,524784,87.02885572139303,7
0.05,6030,92,524876,87.0296799867352,9
0.05,6031,91,524967,87.03033819628648,11
0.05,6032,96,525063,87.03182496270512,6
0.05,6033,93,525156,87.03281405369573,8
0.05,6034,95,525251,87.0341342170671,6
0.05,6035,95,525346,87.03545394300862,7
0.05,6036,92,525438,87.0362762961736,10
0.05,6037,94,525532,87.03742961245446,7
0.05,6038,90,525622,87.03792018546118,11
0.05,6039,91,525713,87.0385761589404,10
0.05,6040,96,525809,87.04005959278265,6
0.05,6041,93,525902,87.04104601125455,10
0.05,6042,94,525996,87.04219758398146,7
0.05,6043,94,526090,87.04334877564527,7
0.05,6044,92,526182,87.04416873449132,10
0.05,6045,96,526278,87.04565001653987,6
0.05,6046,93,526371,87.04663469489003,8
0.05,6047,91,526462,87.04728835978835,10
0.05,6048,96,526558,87.04876839146966,6
0.05,6049,92,526650,87.0495867768595,9
0.05,6050,92,526742,87.05040489175343,9
0.05,6051,92,526834,87.05122273628552,9
0.05,6052,95,526929,87.0525359325954,6
0.05,6053,85,527014,87.05219689461514,16
0.05,6054,94,527108,87.05334434351775,7
0.05,6055,92,527200,87.05416116248348,9
0.05,6056,95,527295,87.05547300643883,7
0.05,6057,95,527390,87.05678441729944,6
0.05,6058,23,527413,87.04621224624526,9
0.05,6059,94,527507,87.0473597359736,7
0.05,6060,95,527602,87.04867183633064,7
0.05,6061,92,527694,87.04948861761795,9
0.05,6062,92,527786,87.05030512947386,9
0.05,6063,94,527880,87.05145118733509,8
0.05,6064,94,527974,87.05259686727123,7
0.05,6065,92,528066,87.05341246290801,9
0.05,6066,93,528159,87.05439261579033,8
0.05,6067,91,528250,87.05504284772577,10
0.05,6068,94,528344,87.05618718075465,7
0.05,6069,90,528434,87.05667215815485,12
0.05,6070,95,528529,87.05798056333389,9
0.05,6071,96,528625,87.05945322793148,6
0.05,6072,92,528717,87.06026675448707,9
0.05,6073,24,528741,87.04988475469213,9
0.05,6074,95,528836,87.05119341563785,8
0.05,6075,96,528932,87.05266622778143,6
0.05,6076,93,529025,87.05364489057101,8
0.05,6077,94,529119,87.05478775913129,7
0.05,6078,93,529212,87.05576575094588,8
0.05,6079,96,529308,87.05723684210527,6
0.05,6080,95,529403,87.05854300279559,6
0.05,6081,95,529498,87.05984873396909,6
0.05,6082,96,529594,87.06131842840703,6
0.05,6083,95,529689,87.06262327416174,6
0.05,6084,96,529785,87.06409202958093,6
0.05,6085,95,529880,87.06539599079855,6
0.05,6086,92,529972,87.06620666995235,9
0.05,6087,92,530064,87.06701708278581,9
0.05,6088,95,530159,87.06831992116932,6
0.05,6089,93,530252,87.06929392446634,8
0.05,6090,94,530346,87.07043178460023,7
0.05,6091,92,530438,87.07124097176624,9
0.05,6092,19,530457,87.0600689315608,16
0.05,6093,96,530553,87.0615359369872,6
0.05,6094,96,530649,87.06300246103363,6
0.05,6095,94,530743,87.0641404199475,7
0.05,6096,93,530836,87.06511399048712,8
0.05,6097,94,530930,87.06625122991144,7
0.05,6098,94,531024,87.06738809640925,8
0.05,6099,95,531119,87.06868852459016,6
0.05,6100,93,531212,87.0696607113588,10
0.05,6101,95,531307,87.07096034087185,6
0.05,6102,96,531403,87.0724233983287,6
0.05,6103,92,531495,87.07323066841415,9
0.05,6104,23,531518,87.06273546273546,9
0.05,6105,95,531613,87.06403537504094,6
0.05,6106,93,531706,87.06500736859341,8
0.05,6107,93,531799,87.06597904387688,9
0.05,6108,95,531894,87.06727778687183,7
0.05,6109,94,531988,87.0684124386252,7
0.05,6110,23,532011,87.05792832596957,9
0.05,6111,95,532106,87.0592277486911,6
0.05,6112,94,532200,87.06036316047766,7
0.05,6113,93,532293,87.06133464180569,9
0.05,6114,95,532388,87.06263286999183,6
0.05,6115,95,532483,87.0639306736429,6
0.05,6116,96,532579,87.06539153179664,6
0.05,6117,25,532604,87.05524681268389,8
0.05,6118,94,532698,87.05638176172577,7
0.05,6119,93,532791,87.05735294117648,9
0.05,6120,96,532887,87.05881391929424,6
0.05,6121,94,532981,87.05994772950017,7
0.05,6122,96,533077,87.06140780663074,6
0.05,6123,95,533172,87.06270411495754,6
0.05,6124,92,533264,87.06351020408164,9
0.05,6125,94,533358,87.06464250734574,7
0.05,6126,95,533453,87.06593765301126,6
0.05,6127,88,533541,87.06609007832898,13
0.05,6128,92,533633,87.06689508892153,10
0.05,6129,23,533656,87.05644371941273,9
0.05,6130,21,533677,87.04566954819768,11
0.05,6131,94,533771,87.04680365296804,7
0.05,6132,96,533867,87.04826349258111,6
0.05,6133,93,533960,87.04923377893707,8
0.05,6134,95,534055,87.05052974735126,6
0.05,6135,-52,534003,87.02786831812256,16
0.05,6136,92,534095,87.02867850741404,10
0.05,6137,96,534191,87.03014011078527,6
0.05,6138,93,534284,87.03111255904871,8
0.05,6139,94,534378,87.03224755700326,7
0.05,6140,93,534471,87.03321934538349,8
0.05,6141,94,534565,87.03435363073918,7
0.05,6142,90,534655,87.0348363991535,11
0.05,6143,95,534750,87.0361328125,7
0.05,6144,92,534842,87.03694060211554,9
0.05,6145,92,534934,87.03774812886431,9
0.05,6146,95,535029,87.03904343582235,6
0.05,6147,95,535124,87.04033832140533,6
0.05,6148,92,535216,87.04114490161002,9
0.05,6149,95,535311,87.04243902439025,8
0.05,6150,96,535407,87.04389530157698,6
0.05,6151,94,535501,87.04502600780233,7
0.05,6152,95,535596,87.04631886884447,6
0.05,6153,93,535689,87.04728631784205,8
0.05,6154,93,535782,87.04825345247767,9
0.05,6155,92,535874,87.04905782975959,9
0.05,6156,93,535967,87.05002436251421,8
0.05,6157,94,536061,87.05115297174407,7
0.05,6158,94,536155,87.05228121448287,8
0.05,6159,94,536249,87.05340909090908,8
0.05,6160,92,536341,87.05421197857491,9
0.05,6161,92,536433,87.05501460564751,9
0.05,6162,94,536527,87.05614148953431,7
0.05,6163,94,536621,87.05726800778716,7
0.05,6164,94,536715,87.05839416058394,7
0.05,6165,94,536809,87.05951994810249,8
0.05,6166,96,536905,87.06096967731474,6
0.05,6167,96,537001,87.06241893644618,6
0.05,6168,94,537095,87.06354352407197,7
0.05,6169,95,537190,87.06482982171799,6
0.05,6170,94,537284,87.06595365418895,7
0.05,6171,94,537378,87.06707712248866,8
0.05,6172,93,537471,87.068038231006,8
0.05,6173,94,537565,87.06916099773242,7
0.05,6174,95,537660,87.07044534412955,8
0.05,6175,95,537755,87.0717292746114,6
0.05,6176,95,537850,87.07301278937996,6
0.05,6177,93,537943,87.07397215927485,9
0.05,6178,94,538037,87.07509305712898,7
0.05,6179,94,538131,87.076213592233,7
0.05,6180,22,538153,87.06568516421291,11
0.05,6181,23,538176,87.055321902297,9
0.05,6182,95,538271,87.05660682516577,6
0.05,6183,93,538364,87.05756791720569,8
0.05,6184,94,538458,87.0586903799515,7
0.05,6185,94,538552,87.05981247979308,7
0.05,6186,96,538648,87.06125747535154,6
0.05,6187,23,538671,87.05090497737557,9
0.05,6188,93,538764,87.05186621425109,9
0.05,6189,96,538860,87.05331179321486,6
0.05,6190,96,538956,87.05475690518495,6
0.05,6191,91,539047,87.05539405684755,10
0.05,6192,94,539141,87.0565154206362,7
0.05,6193,88,539229,87.05666774297707,13
0.05,6194,90,539319,87.05714285714286,11
0.05,6195,94,539413,87.05826339573919,8
0.05,6196,94,539507,87.05938357269646,10
0.05,6197,94,539601,87.06050338818974,8
0.05,6198,91,539692,87.0611388933699,10
0.05,6199,95,539787,87.06241935483871,6
0.05,6200,96,539883,87.06386066763426,6
0.05,6201,91,539974,87.06449532408901,10
0.05,6202,96,540070,87.06593583749799,6
0.05,6203,92,540162,87.06673114119923,9
0.05,6204,95,540257,87.06800966962128,7
0.05,6205,96,540353,87.06944892039961,6
0.05,6206,94,540447,87.07056549057516,7
0.05,6207,94,540541,87.07168170103093,7
0.05,6208,95,540636,87.07295860847158,6
0.05,6209,95,540731,87.07423510466988,7
0.05,6210,92,540823,87.0750281758171,9
0.05,6211,92,540915,87.0758209916291,9
0.05,6212,94,541009,87.07693545791084,8
0.05,6213,94,541103,87.07804956549727,7
0.05,6214,94,541197,87.07916331456154,7
0.05,6215,95,541292,87.08043758043758,6
0.05,6216,95,541387,87.08171143638411,6
0.05,6217,96,541483,87.08314570601479,6
0.05,6218,96,541579,87.08457951439138,6
0.05,6219,94,541673,87.08569131832797,7
0.05,6220,93,541766,87.086642018968,8
0.05,6221,95,541861,87.08791385406622,6
0.05,6222,96,541957,87.08934597461031,6
0.05,6223,96,542053,87.09077763496144,6
0.05,6224,92,542145,87.09156626506024,9
0.05,6225,93,542238,87.092515258593,8
0.05,6226,96,542334,87.09394572025052,6
0.05,6227,21,542355,87.08333333333333,12
0.05,6228,94,542449,87.08444373093594,8
0.05,6229,95,542544,87.08571428571429,7
0.05,6230,95,542639,87.08698443267534,7
0.05,6231,95,542734,87.08825417201541,6
0.05,6232,92,542826,87.08904219476977,9
0.05,6233,92,542918,87.08982996470965,10
0.05,6234,24,542942,87.07971130713713,8
0.05,6235,24,542966,87.06959589480437,9
0.05,6236,91,543057,87.07022607022607,10
0.05,6237,96,543153,87.07165758255852,6
0.05,6238,21,543174,87.06106747876262,11
0.05,6239,93,543267,87.06201923076924,8
0.05,6240,94,543361,87.06313090850826,8
0.05,6241,95,543456,87.06440243511695,7
0.05,6242,94,543550,87.06551337497997,7
0.05,6243,21,543571,87.05493273542601,12
0.05,6244,96,543667,87.05636509207366,6
0.05,6245,94,543761,87.0574767851425,7
0.05,6246,93,543854,87.05842804546182,8
0.05,6247,95,543949,87.05969910371319,6
0.05,6248,92,544041,87.06048967834853,9
0.05,6249,96,544137,87.06192,6
0.05,6250,96,544233,87.06334986402176,6
0.05,6251,93,544326,87.06429942418426,8
0.05,6252,93,544419,87.0652486806333,8
0.05,6253,91,544510,87.06587783818357,10
0.05,6254,94,544604,87.06698641087131,7
0.05,6255,96,544700,87.06841432225065,6
0.05,6256,94,544794,87.06952213520857,7
0.05,6257,95,544889,87.07078938958134,7
0.05,6258,94,544983,87.07189646908452,8
0.05,6259,95,545078,87.07316293929712,6
0.05,6260,94,545172,87.07426928605653,8
0.05,6261,96,545268,87.07569466624082,6
0.05,6262,94,545362,87.07680025546863,7
0.05,6263,23,545385,87.06657088122606,9
0.05,6264,96,545481,87.06799680766161,6
0.05,6265,90,545571,87.06846473029046,11
0.05,6266,90,545661,87.06893250359023,11
0.05,6267,96,545757,87.07035737077217,6
0.05,6268,96,545853,87.07178178337853,6
0.05,6269,94,545947,87.07288676236044,7
0.05,6270,94,546041,87.07399138893318,7
0.05,6271,87,546128,87.07397959183673,14
0.05,6272,94,546222,87.0750836920134,7
0.05,6273,94,546316,87.07618744022952,7
0.05,6274,92,546408,87.07697211155379,9
0.05,6275,94,546502,87.0780752071383,7
0.05,6276,94,546596,87.0791779512506,8
0.05,6277,94,546690,87.08028034405862,7
0.05,6278,96,546786,87.08170090778786,6
0.05,6279,92,546878,87.08248407643312,9
0.05,6280,96,546974,87.08390383696863,6
0.05,6281,91,547065,87.08452722063038,11
0.05,6282,94,547159,87.08562788476843,7
0.05,6283,95,547254,87.08688733290897,7
0.05,6284,95,547349,87.08814638027049,7
0.05,6285,95,547444,87.08940502704422,6
0.05,6286,96,547540,87.09082233179576,6
0.05,6287,94,547634,87.09192111959288,7
0.05,6288,95,547729,87.09317856574972,6
0.05,6289,94,547823,87.09427662957074,7
0.05,6290,95,547918,87.09553330154189,6
0.05,6291,92,548010,87.09631277813097,10
0.05,6292,94,548104,87.0974098204354,7
0.05,6293,93,548197,87.09834763266603,8
0.05,6294,93,548290,87.09928514694202,8
0.05,6295,93,548383,87.10022236340534,8
0.05,6296,92,548475,87.10100047641734,9
0.05,6297,94,548569,87.10209590346142,7
0.05,6298,92,548661,87.10287347197968,9
0.05,6299,94,548755,87.10396825396825,7
0.05,6300,93,548848,87.10490398349468,8
0.05,6301,96,548944,87.10631545541098,6
0.05,6302,94,549038,87.1074091702364,8
0.05,6303,92,549130,87.10818527918782,9
0.05,6304,22,549152,87.09785884218874,10
0.05,6305,94,549246,87.09895337773548,7
0.05,6306,94,549340,87.1000475661963,7
0.05,6307,95,549435,87.10129993658846,6
0.05,6308,96,549531,87.10271041369472,6
0.05,6309,94,549625,87.10380348652932,7
0.05,6310,93,549718,87.1047377594676,8
0.05,6311,84,549802,87.10424588086185,17
0.05,6312,96,549898,87.10565499762394,6
0.05,6313,96,549994,87.10706366803927,6
0.05,6314,95,550089,87.1083135391924,6
0.05,6315,93,550182,87.10924635845471,9
0.05,6316,94,550276,87.1103371853728,7
0.05,6317,92,550368,87.11111111111111,9
0.05,6318,92,550460,87.11188479189745,9
0.05,6319,94,550554,87.11297468354431,7
0.05,6320,23,550577,87.10283183040659,9
0.05,6321,94,550671,87.10392280923759,8
0.05,6322,92,550763,87.10469713743475,9
0.05,6323,92,550855,87.10547122074637,9
0.05,6324,93,550948,87.10640316205533,8
0.05,6325,21,550969,87.09595320897881,11
0.05,6326,95,551064,87.09720246562352,6
0.05,6327,92,551156,87.09797724399495,9
0.05,6328,27,551183,87.08848159266867,6
0.05,6329,93,551276,87.08941548183255,9
0.05,6330,96,551372,87.09082293476544,6
0.05,6331,24,551396,87.08085912823752,9
0.05,6332,25,551421,87.07105637138797,7
0.05,6333,95,551516,87.07230817808652,6
0.05,6334,94,551610,87.07340173638516,7
0.05,6335,24,551634,87.06344696969697,10
0.05,6336,94,551728,87.06454158118984,8
0.05,6337,95,551823,87.06579362574945,6
0.05,6338,93,551916,87.06672976810222,8
0.05,6339,94,552010,87.06782334384857,7
0.05,6340,25,552035,87.05803501025075,8
0.05,6341,94,552129,87.05912961210974,7
0.05,6342,94,552223,87.06022386883178,7
0.05,6343,92,552315,87.0610025220681,9
0.05,6344,93,552408,87.06193853427897,8
0.05,6345,94,552502,87.0630318310747,7
0.05,6346,91,552593,87.0636521191114,11
0.05,6347,95,552688,87.06490233144298,6
0.05,6348,92,552780,87.06567963458812,11
0.05,6349,96,552876,87.06708661417323,6
0.05,6350,94,552970,87.0681782396473,7
0.05,6351,95,553065,87.06942695214106,7
0.05,6352,93,553158,87.07036045962538,8
0.05,6353,89,553247,87.07066414856783,12
0.05,6354,93,553340,87.07159716758459,8
0.05,6355,17,553357,87.06057268722466,15
0.05,6356,95,553452,87.06182161396886,7
0.05,6357,94,553546,87.06291286568103,7
0.05,6358,95,553641,87.06416103160875,6
0.05,6359,94,553735,87.06525157232704,7
0.05,6360,90,553825,87.06571293821726,11
0.05,6361,91,553916,87.06633134234518,10
0.05,6362,89,554005,87.06663523495207,12
0.05,6363,92,554097,87.0674104336895,9
0.05,6364,94,554191,87.06849960722703,7
0.05,6365,93,554284,87.06943135406848,8
0.05,6366,94,554378,87.07051986806974,7
0.05,6367,91,554469,87.07113693467336,11
0.05,6368,92,554561,87.0719108180248,9
0.05,6369,94,554655,87.07299843014128,7
0.05,6370,94,554749,87.0740857008319,7
0.05,6371,93,554842,87.07501569365976,9
0.05,6372,25,554867,87.06527538051154,8
0.05,6373,20,554887,87.05475368685283,13
0.05,6374,92,554979,87.05552941176471,9
0.05,6375,92,555071,87.05630489335006,9
0.05,6376,94,555165,87.05739375882077,7
0.05,6377,96,555261,87.0587958607714,6
0.05,6378,94,555355,87.05988399435648,7
0.05,6379,93,555448,87.06081504702195,8
0.05,6380,93,555541,87.06174580786711,8
0.05,6381,22,555563,87.05155123785647,11
0.05,6382,95,555658,87.05279649067836,6
0.05,6383,93,555751,87.05372807017544,9
0.05,6384,93,555844,87.05465935787001,8
0.05,6385,19,555863,87.04400250548073,15
0.05,6386,94,555957,87.04509159229686,7
0.05,6387,91,556048,87.0457107075767,11
0.05,6388,94,556142,87.04679918610111,7
0.05,6389,96,556238,87.04820031298904,6
0.05,6390,95,556333,87.04944453137225,7
0.05,6391,96,556429,87.0508448060075,6
0.05,6392,95,556524,87.05208822149226,7
0.05,6393,92,556616,87.05286205817954,9
0.05,6394,94,556710,87.0539483971853,7
0.05,6395,94,556804,87.05503439649782,7
0.05,6396,95,556899,87.05627637955291,6
0.05,6397,93,556992,87.05720537668022,8
0.05,6398,91,557083,87.05782153461479,10
0.05,6399,93,557176,87.05875,10
0.05,6400,92,557268,87.05952194969537,9
0.05,6401,93,557361,87.06044985941894,8
0.05,6402,93,557454,87.06137747930657,8
0.05,6403,94,557548,87.06246096189881,7
0.05,6404,95,557643,87.06370023419204,6
0.05,6405,93,557736,87.06462691226974,8
0.05,6406,89,557825,87.06492898392383,12
0.05,6407,94,557919,87.06601123595506,7
0.05,6408,94,558013,87.06709315025745,7
0.05,6409,96,558109,87.06848673946958,6
0.05,6410,93,558202,87.06941194821401,8
0.05,6411,95,558297,87.07064878353088,7
0.05,6412,94,558391,87.07172929985965,7
0.05,6413,94,558485,87.07280947926411,8
0.05,6414,93,558578,87.07373343725644,8
0.05,6415,94,558672,87.07481296758105,7
0.05,6416,17,558689,87.0638927847904,15
0.05,6417,95,558784,87.06512932377687,8
0.05,6418,95,558879,87.0663654774887,7
0.05,6419,93,558972,87.06728971962617,8
0.05,6420,94,559066,87.06836941286404,9
0.05,6421,92,559158,87.0691373403924,9
0.05,6422,93,559251,87.07006071929005,9
0.05,6423,95,559346,87.07129514321295,6
0.05,6424,93,559439,87.07221789883269,8
0.05,6425,93,559532,87.07314036725802,8
0.05,6426,23,559555,87.0631709973549,10
0.05,6427,94,559649,87.06425015556938,8
0.05,6428,90,559739,87.06470679732462,12
0.05,6429,93,559832,87.06562986003111,10
0.05,6430,91,559923,87.06624164204634,10
0.05,6431,96,560019,87.06763059701493,6
0.05,6432,95,560114,87.06886367169284,6
0.05,6433,91,560205,87.06947466583773,10
0.05,6434,92,560297,87.07024087024087,9
0.05,6435,95,560392,87.07147296457427,6
0.05,6436,93,560485,87.07239397234737,8
0.05,6437,94,560579,87.07347002174589,7
0.05,6438,94,560673,87.07454573691567,7
0.05,6439,96,560769,87.07593167701863,6
0.05,6440,93,560862,87.07685142058686,10
0.05,6441,96,560958,87.07823657249301,6
0.05,6442,93,561051,87.07915567282322,8
0.05,6443,96,561147,87.08054003724395,6
0.05,6444,95,561242,87.08176881303336,6
0.05,6445,93,561335,87.08268693763574,8
0.05,6446,93,561428,87.08360477741586,8
0.05,6447,91,561519,87.08421215880894,10
0.05,6448,-47,561472,87.06342068537758,11
0.05,6449,94,561566,87.06449612403101,7
0.05,6450,94,561660,87.06557122926678,7
0.05,6451,90,561750,87.0660260384377,11
0.05,6452,86,561836,87.06586083991942,15
0.05,6453,95,561931,87.06709017663465,6
0.05,6454,94,562025,87.06816421378777,9
0.05,6455,91,562116,87.06877323420075,10
0.05,6456,23,562139,87.05885085953228,10
0.05,6457,94,562233,87.05992567358315,7
0.05,6458,94,562327,87.06100015482272,8
0.05,6459,-48,562279,87.04009287925696,12
0.05,6460,94,562373,87.04117009750813,7
0.05,6461,92,562465,87.04193748065614,9
0.05,6462,92,562557,87.04270462633453,9
0.05,6463,93,562650,87.04362623762377,8
0.05,6464,93,562743,87.04454756380511,8
0.05,6465,94,562837,87.04562326012991,7
0.05,6466,95,562932,87.04685325498686,6
0.05,6467,94,563026,87.04792826221397,7
0.05,6468,94,563120,87.04900293708455,7
0.05,6469,94,563214,87.0500772797527,7
0.05,6470,17,563231,87.03925204759697,15
0.05,6471,94,563325,87.04032756489494,7
0.05,6472,96,563421,87.04171172562954,6
0.05,6473,92,563513,87.04247760271856,10
0.05,6474,94,563607,87.04355212355212,7
0.05,6475,95,563702,87.04478072884497,6
0.05,6476,92,563794,87.04554577736606,9
0.05,6477,92,563886,87.04631058968818,9
0.05,6478,94,563980,87.04738385553325,7
0.05,6479,91,564071,87.0479938271605,10
0.05,6480,94,564165,87.04906650208301,8
0.05,6481,94,564259,87.05013884603517,7
0.05,6482,93,564352,87.05105660959433,8
0.05,6483,94,564446,87.05212831585442,7
0.05,6484,95,564541,87.05335389360062,6
0.05,6485,94,564635,87.05442491520198,7
0.05,6486,94,564729,87.05549560659782,7
0.05,6487,95,564824,87.05672009864365,6
0.05,6488,91,564915,87.05732778548312,10
0.05,6489,91,565006,87.05793528505393,12
0.05,6490,95,565101,87.05915883531043,6
0.05,6491,92,565193,87.05991990141713,9
0.05,6492,23,565216,87.05005390420453,10
0.05,6493,27,565243,87.0408068986757,6
0.05,6494,96,565339,87.04218629715166,6
0.05,6495,94,565433,87.04325738916256,7
0.05,6496,95,565528,87.04448206864707,6
0.05,6497,94,565622,87.04555247768545,7
0.05,6498,94,565716,87.04662255731651,10
0.05,6499,94,565810,87.0476923076923,7
0.05,6500,96,565906,87.04906937394247,6
0.05,6501,94,566000,87.05013841894801,7
0.05,6502,92,566092,87.05089958480701,9
0.05,6503,26,566118,87.04151291512915,6
0.05,6504,94,566212,87.04258262874711,7
0.05,6505,95,566307,87.04380571779896,6
0.05,6506,96,566403,87.04518211157216,6
0.05,6507,92,566495,87.0459434542102,9
0.05,6508,92,566587,87.0467045629129,9
0.05,6509,94,566681,87.04777265745008,7
0.05,6510,94,566775,87.04884042389801,7
0.05,6511,96,566871,87.050214987715,6
0.05,6512,96,566967,87.05158912943344,6
0.05,6513,90,567057,87.05204175621738,12
0.05,6514,95,567152,87.05326170376055,6
0.05,6515,96,567248,87.05463474524248,6
0.05,6516,93,567341,87.05554703084242,10
0.05,6517,95,567436,87.05676587910402,7
0.05,6518,94,567530,87.05783095566805,7
0.05,6519,96,567626,87.05920245398774,6
0.05,6520,92,567718,87.0599601288146,9
0.05,6521,90,567808,87.06041091689666,12
0.05,6522,94,567902,87.06147478154223,7
0.05,6523,95,567997,87.06269160024524,6
0.05,6524,27,568024,87.05348659003832,6
0.05,6525,96,568120,87.0548574931045,6
0.05,6526,93,568213,87.05576834686686,9
0.05,6527,94,568307,87.05683210784314,7
0.05,6528,95,568402,87.05804870577424,6
0.05,6529,96,568498,87.05941807044411,6
0.05,6530,95,568593,87.0606338998622,7
0.05,6531,95,568688,87.06184935701164,6
0.05,6532,93,568781,87.0627583039951,8
0.05,6533,92,568873,87.0635139271503,9
0.05,6534,93,568966,87.06442234123948,8
0.05,6535,95,569061,87.0656364749082,6
0.05,6536,93,569154,87.06654428636989,8
0.05,6537,96,569250,87.06791067604772,6
0.05,6538,95,569345,87.06912371922313,6
0.05,6539,95,569440,87.07033639143731,7
0.05,6540,92,569532,87.07109004739337,9
0.05,6541,95,569627,87.07230204830327,6
0.05,6542,93,569720,87.07320800855877,8
0.05,6543,95,569815,87.07441931540342,6
0.05,6544,93,569908,87.07532467532468,8
0.05,6545,94,570002,87.07638252367859,7
0.05,6546,95,570097,87.07759279059111,6
0.05,6547,96,570193,87.0789554062309,6
0.05,6548,93,570286,87.07985952053748,8
0.05,6549,95,570381,87.08106870229008,6
0.05,6550,86,570467,87.08090367882765,15
0.05,6551,93,570560,87.08180708180709,8
0.05,6552,95,570655,87.08301541278803,6
0.05,6553,94,570749,87.08407079646018,7
0.05,6554,96,570845,87.08543096872616,6
0.05,6555,94,570939,87.08648566198902,7
0.05,6556,94,571033,87.08754003355193,7
0.05,6557,93,571126,87.08844159804819,8
0.05,6558,94,571220,87.0894953499009,7
0.05,6559,96,571316,87.09085365853659,6
0.05,6560,93,571409,87.09175430574608,8
0.05,6561,94,571503,87.09280707101493,7
0.05,6562,95,571598,87.09401188480878,6
0.05,6563,94,571692,87.09506398537476,8
0.05,6564,95,571787,87.0962680883473,6
0.05,6565,89,571876,87.09655802619555,12
0.05,6566,94,571970,87.09760925841327,7
0.05,6567,92,572062,87.0983556638246,10
0.05,6568,93,572155,87.0992540721571,8
0.05,6569,94,572249,87.10030441400305,7
0.05,6570,92,572341,87.10105006848272,9
0.05,6571,-46,572295,87.080797321972,9
0.05,6572,94,572389,87.08184999239312,7
0.05,6573,90,572479,87.08229388500152,11
0.05,6574,94,572573,87.08334600760456,7
0.05,6575,92,572665,87.08409367396594,9
0.05,6576,94,572759,87.08514520298009,8
0.05,6577,95,572854,87.08634843417452,6
0.05,6578,25,572879,87.07691138470892,7
0.05,6579,88,572967,87.07705167173252,14
0.05,6580,25,572992,87.0676189029023,7
0.05,6581,94,573086,87.06867213612884,7
0.05,6582,94,573180,87.0697250493696,7
0.05,6583,93,573273,87.07062575941677,8
0.05,6584,93,573366,87.07152619589978,8
0.05,6585,94,573460,87.07257819617371,8
0.05,6586,94,573554,87.07362987703051,7
0.05,6587,94,573648,87.07468123861567,7
0.05,6588,96,573744,87.0760358172712,6
0.05,6589,95,573839,87.07723823975721,7
0.05,6590,92,573931,87.07798513123957,10
0.05,6591,93,574024,87.07888349514563,8
0.05,6592,92,574116,87.07962991051114,10
0.05,6593,94,574210,87.08067940552017,7
0.05,6594,92,574302,87.0814253222138,9
0.05,6595,92,574394,87.08217101273499,10
0.05,6596,94,574488,87.08321964529331,7
0.05,6597,95,574583,87.08441952106699,6
0.05,6598,94,574677,87.08546749507501,8
0.05,6599,94,574771,87.08651515151516,8
0.05,6600,95,574866,87.0877139827299,6
0.05,6601,94,574960,87.08876098152075,8
0.05,6602,94,575054,87.08980766318341,7
0.05,6603,95,575149,87.09100545124167,6
0.05,6604,94,575243,87.09205147615442,7
0.05,6605,96,575339,87.09339993944899,6
0.05,6606,95,575434,87.09459663992735,6
0.05,6607,95,575529,87.09579297820824,6
0.05,6608,93,575622,87.09668633681343,8
0.05,6609,94,575716,87.09773071104387,7
0.05,6610,94,575810,87.09877476932385,7
0.05,6611,91,575901,87.09936479128856,10
0.05,6612,94,575995,87.100408286708,7
0.05,6613,94,576089,87.10145146658603,7
0.05,6614,93,576182,87.10234315948601,9
0.05,6615,94,576276,87.10338573155985,8
0.05,6616,93,576369,87.10427686262656,8
0.05,6617,96,576465,87.10562103354488,6
0.05,6618,96,576561,87.1069647983079,6
0.05,6619,96,576657,87.1083081570997,6
0.05,6620,96,576753,87.10965111010421,6
0.05,6621,93,576846,87.11054062216853,9
0.05,6622,96,576942,87.11188283255322,6
0.05,6623,96,577038,87.11322463768116,6
0.05,6624,92,577130,87.11396226415094,9
0.05,6625,94,577224,87.11500150920615,7
0.05,6626,90,577314,87.11543684925306,12
0.05,6627,93,577407,87.11632468316235,8
0.05,6628,91,577498,87.11691054457685,10
0.05,6629,94,577592,87.11794871794872,8
0.05,6630,96,577688,87.11928819182627,6
0.05,6631,25,577713,87.10992159227986,7
0.05,6632,94,577807,87.11096034976632,8
0.05,6633,94,577901,87.11199879409105,7
0.05,6634,94,577995,87.11303692539563,9
0.05,6635,95,578090,87.11422543701025,6
0.05,6636,26,578116,87.10501732710561,6
0.05,6637,92,578208,87.10575474540524,11
0.05,6638,91,578299,87.10634131646333,10
0.05,6639,95,578394,87.10753012048193,7
0.05,6640,94,578488,87.10856798674898,7
0.05,6641,95,578583,87.10975609756098,7
0.05,6642,95,578678,87.11094385066988,6
0.05,6643,92,578770,87.11167971101746,9
0.05,6644,96,578866,87.1130173062453,6
0.05,6645,93,578959,87.11390309960879,8
0.05,6646,96,579055,87.11523995787573,6
0.05,6647,96,579151,87.11657641395908,6
0.05,6648,92,579243,87.11731087381561,9
0.05,6649,92,579335,87.11804511278196,9
0.05,6650,93,579428,87.11892948428807,8
0.05,6651,94,579522,87.11996392062538,7
0.05,6652,94,579616,87.12099804599428,7
0.05,6653,91,579707,87.12158100390742,10
0.05,6654,93,579800,87.12246431254695,8
0.05,6655,91,579891,87.123046875,12
0.05,6656,95,579986,87.12423013369386,6
0.05,6657,95,580081,87.12541303694803,6
0.05,6658,92,580173,87.12614506682685,10
0.05,6659,95,580268,87.12732732732732,8
0.05,6660,94,580362,87.12835910523945,7
0.05,6661,93,580455,87.12924046832784,9
0.05,6662,92,580547,87.12997148431637,9
0.05,6663,25,580572,87.12064825930372,8
0.05,6664,93,580665,87.12153038259565,8
0.05,6665,93,580758,87.12241224122413,8
0.05,6666,94,580852,87.12344382780861,7
0.05,6667,94,580946,87.124475104979,7
0.05,6668,94,581040,87.1255060728745,7
0.05,6669,91,581131,87.12608695652175,11
0.05,6670,89,581220,87.12636786089043,13
0.05,6671,96,581316,87.12769784172662,6
0.05,6672,94,581410,87.12872770867676,7
0.05,6673,94,581504,87.1297572670063,7
0.05,6674,94,581598,87.13078651685393,7
0.05,6675,94,581692,87.1318154583583,7
0.05,6676,94,581786,87.13284409165793,8
0.05,6677,92,581878,87.13357292602575,9
0.05,6678,95,581973,87.13475071118431,6
0.05,6679,93,582066,87.13562874251497,8
0.05,6680,96,582162,87.13695554557701,6
0.05,6681,95,582257,87.13813229571984,7
0.05,6682,94,582351,87.13915906030226,7
0.05,6683,95,582446,87.14033512866547,7
0.05,6684,94,582540,87.1413612565445,9
0.05,6685,92,582632,87.14208794495961,9
0.05,6686,95,582727,87.14326304770451,6
0.05,6687,94,582821,87.14428827751196,7
0.05,6688,92,582913,87.14501420242189,9
0.05,6689,96,583009,87.14633781763827,6
0.05,6690,-48,582961,87.12613959049469,11
0.05,6691,95,583056,87.12731619844591,6
0.05,6692,96,583152,87.12864186463469,6
0.05,6693,93,583245,87.12951897221393,8
0.05,6694,94,583339,87.13054518297237,7
0.05,6695,94,583433,87.13157108721624,7
0.05,6696,27,583460,87.12259220546514,6
0.05,6697,96,583556,87.1239175873395,7
0.05,6698,94,583650,87.12494402149575,7
0.05,6699,94,583744,87.12597014925373,7
0.05,6700,96,583840,87.12729443366662,6
0.05,6701,95,583935,87.1284691136974,6
0.05,6702,90,584025,87.12889750857825,11
0.05,6703,96,584121,87.13022076372314,6
0.05,6704,95,584216,87.13139448173006,6
0.05,6705,92,584308,87.13212048911423,9
0.05,6706,91,584399,87.1326971820486,10
0.05,6707,92,584491,87.13342277877162,11
0.05,6708,94,584585,87.13444626620957,7
0.05,6709,95,584680,87.13561847988078,6
0.05,6710,25,584705,87.12635970794219,7
0.05,6711,25,584730,87.11710369487486,8
0.05,6712,95,584825,87.11827796812156,6
0.05,6713,89,584914,87.1185582365207,13
0.05,6714,92,585006,87.1192851824274,9
0.05,6715,92,585098,87.12001191185229,9
0.05,6716,94,585192,87.12103617686468,7
0.05,6717,95,585287,87.12220899077106,6
0.05,6718,91,585378,87.12278612888822,11
0.05,6719,96,585474,87.12410714285714,6
0.05,6720,95,585569,87.12527897634281,6
0.05,6721,93,585662,87.12615293067539,8
0.05,6722,94,585756,87.12717536813922,8
0.05,6723,92,585848,87.1279000594884,9
0.05,6724,93,585941,87.12877323420075,8
0.05,6725,91,586032,87.12934879571812,10
0.05,6726,95,586127,87.13051880481642,6
0.05,6727,96,586223,87.13183709869203,6
0.05,6728,96,586319,87.13315500074306,7
0.05,6729,95,586414,87.13432392273403,6
0.05,6730,96,586510,87.13564106373495,6
0.05,6731,90,586600,87.13606654783125,11
0.05,6732,24,586624,87.12668944007129,8
0.05,6733,94,586718,87.12771012771013,7
0.05,6734,93,586811,87.12858203414996,8
0.05,6735,95,586906,87.12975059382423,7
0.05,6736,88,586994,87.12987976844293,14
0.05,6737,94,587088,87.13089937666963,8
0.05,6738,92,587180,87.1316219023594,9
0.05,6739,95,587275,87.13278931750742,6
0.05,6740,94,587369,87.13380804035009,7
0.05,6741,95,587464,87.1349747849303,6
0.05,6742,88,587552,87.13510306985022,13
0.05,6743,95,587647,87.13626927639383,8
0.05,6744,96,587743,87.13758339510748,6
0.05,6745,95,587838,87.13874888823007,6
0.05,6746,94,587932,87.13976582184675,7
0.05,6747,96,588028,87.14107883817428,6
0.05,6748,94,588122,87.14209512520374,7
0.05,6749,21,588143,87.1322962962963,11
0.05,6750,94,588237,87.13331358317286,7
0.05,6751,94,588331,87.13433056872037,7
0.05,6752,95,588426,87.13549533540649,8
0.05,6753,91,588517,87.13606751554634,10
0.05,6754,85,588602,87.13575129533679,16
0.05,6755,94,588696,87.13676731793961,7
0.05,6756,94,588790,87.13778303981057,7
0.05,6757,94,588884,87.13879846108316,8
0.05,6758,96,588980,87.14010948365143,6
0.05,6759,96,589076,87.14142011834319,6
0.05,6760,95,589171,87.14258245821624,6
0.05,6761,92,589263,87.1433007985803,9
0.05,6762,94,589357,87.14431465326038,7
0.05,6763,96,589453,87.14562389118865,6
0.05,6764,93,589546,87.14648928307464,10
0.05,6765,95,589641,87.14765001477979,6
0.05,6766,94,589735,87.14866262745677,8
0.05,6767,-50,589685,87.12839834515367,14
0.05,6768,96,589781,87.12970896735116,6
0.05,6769,96,589877,87.13101920236336,6
0.05,6770,95,589972,87.13218136168956,7
0.05,6771,95,590067,87.1333431777909,6
0.05,6772,90,590157,87.13376642551307,11
0.05,6773,93,590250,87.13463241806909,8
0.05,6774,94,590344,87.13564575645756,7
0.05,6775,96,590440,87.13695395513578,6
0.05,6776,95,590535,87.13811420982736,6
0.05,6777,94,590629,87.13912658601357,7
0.05,6778,91,590720,87.13969612037174,10
0.05,6779,96,590816,87.1410029498525,6
0.05,6780,23,590839,87.13154402005604,9
0.05,6781,91,590930,87.13211442052491,12
0.05,6782,94,591024,87.13312693498452,7
0.05,6783,93,591117,87.13399174528301,8
0.05,6784,96,591213,87.13529845246867,6
0.05,6785,93,591306,87.13616268788682,8
0.05,6786,93,591399,87.13702666863121,8
0.05,6787,26,591425,87.12802003535651,6
0.05,6788,92,591517,87.12873766386802,9
0.05,6789,96,591613,87.1300441826215,6
0.05,6790,95,591708,87.13120306287733,6
0.05,6791,94,591802,87.13221436984688,7
0.05,6792,92,591894,87.13293095833947,9
0.05,6793,92,591986,87.1336473358846,9
0.05,6794,93,592079,87.13451066961001,8
0.05,6795,90,592169,87.13493231312536,12
0.05,6796,95,592264,87.13608945122849,8
0.05,6797,95,592359,87.13724624889673,7
0.05,6798,91,592450,87.1378143844683,10
0.05,6799,92,592542,87.13852941176471,9
0.05,6800,93,592635,87.1393912659903,8
0.05,6801,94,592729,87.14039988238753,7
0.05,6802,90,592819,87.14082022637072,11
0.05,6803,96,592915,87.14212228101117,6
0.05,6804,93,593008,87.14298310066128,8
0.05,6805,26,593034,87.13399941228327,6
0.05,6806,92,593126,87.13471426472749,9
0.05,6807,95,593221,87.13586956521739,6
0.05,6808,94,593315,87.13687766191805,8
0.05,6809,96,593411,87.13817914831131,6
0.05,6810,95,593506,87.13933343121421,6
0.05,6811,93,593599,87.14019377568997,8
0.05,6812,96,593695,87.14149420226039,6
0.05,6813,92,593787,87.14220722042853,9
0.05,6814,94,593881,87.14321349963316,7
0.05,6815,96,593977,87.14451291079813,6
0.05,6816,94,594071,87.1455185565498,7
0.05,6817,95,594166,87.14667057788208,6
0.05,6818,93,594259,87.14752896319108,8
0.05,6819,92,594351,87.1482404692082,9
0.05,6820,95,594446,87.14939158481161,6
0.05,6821,95,594541,87.15054236294341,6
0.05,6822,95,594636,87.15169280375201,6
0.05,6823,91,594727,87.15225674091442,10
0.05,6824,96,594823,87.15355311355312,6
0.05,6825,93,594916,87.15440961031351,8
0.05,6826,94,595010,87.15541233338216,7
0.05,6827,95,595105,87.15656121851201,6
0.05,6828,90,595195,87.1569775955484,11
0.05,6829,91,595286,87.1575402635432,10
0.05,6830,94,595380,87.15854194115063,7
0.05,6831,96,595476,87.15983606557377,6
0.05,6832,90,595566,87.16025171959608,11
0.05,6833,94,595660,87.16125256072579,8
0.05,6834,94,595754,87.1622531089978,7
0.05,6835,94,595848,87.16325336454067,7
0.05,6836,88,595936,87.16337574959778,13
0.05,6837,93,596029,87.16422930681486,8
0.05,6838,94,596123,87.16522883462494,7
0.05,6839,94,596217,87.16622807017544,7
0.05,6840,94,596311,87.1672270135945,7
0.05,6841,96,596407,87.16851797719966,6
0.05,6842,94,596501,87.16951629402308,7
0.05,6843,96,596597,87.1708065458796,6
0.05,6844,94,596691,87.1718042366691,8
0.05,6845,96,596787,87.17309377738826,6
0.05,6846,95,596882,87.17423689206952,6
0.05,6847,95,596977,87.1753796728972,6
0.05,6848,94,597071,87.17637611330122,7
0.05,6849,94,597165,87.17737226277372,7
0.05,6850,96,597261,87.1786600496278,6
0.05,6851,18,597279,87.16856392294221,14
0.05,6852,94,597373,87.16956077630235,7
0.05,6853,94,597467,87.17055733878027,7
0.05,6854,93,597560,87.17140773158279,8
0.05,6855,93,597653,87.17225787631271,8
0.05,6856,27,597680,87.16348257255359,6
0.05,6857,93,597773,87.16433362496355,8
0.05,6858,94,597867,87.16533022306459,7
0.05,6859,94,597961,87.16632653061224,10
0.05,6860,94,598055,87.16732254773356,7
0.05,6861,93,598148,87.16817254444769,9
0.05,6862,89,598237,87.16843945796299,12
0.05,6863,92,598329,87.16914335664336,9
0.05,6864,92,598421,87.16984705025492,10
0.05,6865,95,598516,87.17098747451209,6
0.05,6866,92,598608,87.17169069462648,9
0.05,6867,27,598635,87.16292952824695,6
0.05,6868,95,598730,87.16407046149367,6
0.05,6869,94,598824,87.16506550218341,8
0.05,6870,94,598918,87.16606025323824,7
0.05,6871,22,598940,87.15657741559953,11
0.05,6872,93,599033,87.15742761530628,8
0.05,6873,92,599125,87.15813209194064,9
0.05,6874,94,599219,87.15912727272728,7
0.05,6875,93,599312,87.15997673065736,8
0.05,6876,89,599401,87.16024429256943,14
0.05,6877,92,599493,87.16094794998546,9
0.05,6878,94,599587,87.1619421427533,8
0.05,6879,93,599680,87.16279069767442,8
0.05,6880,94,599774,87.16378433367242,7
0.05,6881,94,599868,87.16477768090671,7
0.05,6882,95,599963,87.1659160249891,6
0.05,6883,95,600058,87.1670540383498,7
0.05,6884,94,600152,87.1680464778504,7
0.05,6885,94,600246,87.16903862910253,7
0.05,6886,25,600271,87.16001161608828,7
0.05,6887,92,600363,87.16071428571429,10
0.05,6888,91,600454,87.16127159239367,10
0.05,6889,96,600550,87.16255442670537,6
0.05,6890,94,600644,87.16354665505732,7
0.05,6891,90,600734,87.1639582124202,12
0.05,6892,96,600830,87.1652400986508,6
0.05,6893,94,600924,87.1662315056571,7
0.05,6894,95,601019,87.16736765772299,6
0.05,6895,93,601112,87.16821345707656,10
0.05,6896,95,601207,87.1693489923155,8
0.05,6897,93,601300,87.17019425920557,9
0.05,6898,94,601394,87.1711842295985,8
0.05,6899,92,601486,87.17188405797101,9
0.05,6900,94,601580,87.17287349659469,7
0.05,6901,92,601672,87.17357287742684,9
0.05,6902,95,601767,87.17470664928292,7
0.05,6903,94,601861,87.17569524913094,8
0.05,6904,93,601954,87.17653874004344,8
0.05,6905,94,602048,87.17752678830003,7
0.05,6906,23,602071,87.16823512378747,12
0.05,6907,95,602166,87.1693688477128,6
0.05,6908,93,602259,87.17021276595744,8
0.05,6909,23,602282,87.16092619392185,9
0.05,6910,92,602374,87.16162639270728,9
0.05,6911,93,602467,87.16247106481481,8
0.05,6912,92,602559,87.16317083755244,9
0.05,6913,96,602655,87.16444894417124,6
0.05,6914,25,602680,87.15545914678236,7
0.05,6915,24,602704,87.14632735685367,8
0.05,6916,26,602730,87.13748735000723,8
0.05,6917,94,602824,87.13847932928591,7
0.05,6918,95,602919,87.13961555138026,6
0.05,6919,96,603015,87.14089595375722,6
0.05,6920,92,603107,87.14159803496605,9
0.05,6921,94,603201,87.142588847154,8
0.05,6922,89,603290,87.14285714285714,12
0.05,6923,95,603385,87.14399191218949,6
0.05,6924,95,603480,87.14512635379062,6
0.05,6925,92,603572,87.1458273173549,9
0.05,6926,93,603665,87.14667244117223,9
0.05,6927,95,603760,87.14780600461894,7
0.05,6928,95,603855,87.1489392408717,6
0.05,6929,93,603948,87.14978354978355,8
0.05,6930,93,604041,87.15062761506276,8
0.05,6931,92,604133,87.15132717830352,9
0.05,6932,94,604227,87.15231501514496,8
0.05,6933,89,604316,87.15258148254975,12
0.05,6934,93,604409,87.15342465753425,8
0.05,6935,95,604504,87.15455594002307,8
0.05,6936,94,604598,87.15554274181923,8
0.05,6937,94,604692,87.15652925915249,7
0.05,6938,95,604787,87.15765960513042,6
0.05,6939,91,604878,87.15821325648415,10
0.05,6940,94,604972,87.1591989626855,7
0.05,6941,23,604995,87.14995678478824,9
0.05,6942,90,605085,87.1503672763935,11
0.05,6943,94,605179,87.15135368663594,10
0.05,6944,95,605274,87.1524838012959,6
0.05,6945,96,605370,87.15375755830694,6
0.05,6946,27,605397,87.14509860371383,6
0.05,6947,94,605491,87.14608520437535,7
0.05,6948,92,605583,87.14678370988632,9
0.05,6949,92,605675,87.14748201438849,9
0.05,6950,93,605768,87.14832398216085,8
0.05,6951,94,605862,87.14930955120829,7
0.05,6952,95,605957,87.1504386595714,6
0.05,6953,93,606050,87.15127983894162,9
0.05,6954,94,606144,87.15226455787203,7
0.05,6955,22,606166,87.14289821736631,11
0.05,6956,94,606260,87.14388385798476,7
0.05,6957,96,606356,87.14515665421098,6
0.05,6958,94,606450,87.146141687024,7
0.05,6959,95,606545,87.14727011494253,6
0.05,6960,94,606639,87.14825456112628,7
0.05,6961,96,606735,87.14952599827636,6
0.05,6962,27,606762,87.14088754847049,6
0.05,6963,94,606856,87.1418724870764,7
0.05,6964,94,606950,87.14285714285714,8
0.05,6965,94,607044,87.14384151593454,7
0.05,6966,94,607138,87.14482560643032,7
0.05,6967,94,607232,87.14580941446613,7
0.05,6968,96,607328,87.14707992538385,6
0.05,6969,95,607423,87.14820659971305,6
0.05,6970,90,607513,87.14861569358771,11
0.05,6971,94,607607,87.1495983935743,7
0.05,6972,95,607702,87.15072422199914,6
0.05,6973,90,607792,87.15113277889303,11
0.05,6974,94,607886,87.1521146953405,7
0.05,6975,96,607982,87.15338302752293,6
0.05,6976,94,608076,87.1543643399742,8
0.05,6977,94,608170,87.15534537116652,7
0.05,6978,27,608197,87.1467258919616,6
0.05,6979,93,608290,87.14756446991404,8
0.05,6980,27,608317,87.13894857470277,6
0.05,6981,93,608410,87.13978802635349,8
0.05,6982,94,608504,87.14077044250323,7
0.05,6983,96,608600,87.14203894616266,6
0.05,6984,94,608694,87.14302075876878,7
0.05,6985,-48,608646,87.12367592327512,11
0.05,6986,94,608740,87.1246600830113,7
0.05,6987,89,608829,87.12492844876932,12
0.05,6988,88,608917,87.12505365574474,13
0.05,6989,93,609010,87.12589413447783,8
0.05,6990,93,609103,87.12673437276499,9
0.05,6991,93,609196,87.12757437070938,8
0.05,6992,95,609291,87.12870012870013,6
0.05,6993,94,609385,87.12968258507291,7
0.05,6994,94,609479,87.13066476054324,7
0.05,6995,94,609573,87.13164665523156,7
0.05,6996,96,609669,87.13291410604545,6
0.05,6997,95,609764,87.13403829665619,6
0.05,6998,94,609858,87.13501928846978,7
0.05,6999,94,609952,87.136,8
0.05,7000,95,610047,87.13712326810456,8
0.05,7001,94,610141,87.13810339902885,7
0.05,7002,92,610233,87.13879765814652,9
0.05,7003,95,610328,87.13992004568817,6
0.05,7004,94,610422,87.14089935760171,7
0.05,7005,90,610512,87.1413074507565,12
0.05,7006,94,610606,87.14228628514343,7
0.05,7007,23,610629,87.13313356164383,10
0.05,7008,90,610719,87.13354258810101,11
0.05,7009,94,610813,87.13452211126962,7
0.05,7010,25,610838,87.12565967764941,7
0.05,7011,27,610865,87.11708499714774,6
0.05,7012,91,610956,87.1176386710395,10
0.05,7013,96,611052,87.11890504704876,6
0.05,7014,96,611148,87.12017106200997,6
0.05,7015,96,611244,87.12143671607754,6
0.05,7016,27,611271,87.11286874732792,6
0.05,7017,94,611365,87.11385009974352,7
0.05,7018,92,611457,87.11454623165693,9
0.05,7019,95,611552,87.11566951566951,6
0.05,7020,94,611646,87.11665004985045,7
0.05,7021,94,611740,87.11763030475647,7
0.05,7022,94,611834,87.1186102805069,7
0.05,7023,96,611930,87.11987471526196,6
0.05,7024,94,612024,87.12085409252668,7
0.05,7025,92,612116,87.12154853401651,9
0.05,7026,94,612210,87.12252739433613,7
0.05,7027,94,612304,87.12350597609561,7
0.05,7028,93,612397,87.12434201166596,9
0.05,7029,91,612488,87.124893314367,10
0.05,7030,93,612581,87.12572891480586,8
0.05,7031,26,612607,87.11703640500569,6
0.05,7032,94,612701,87.11801507180435,7
0.05,7033,95,612796,87.11913562695479,7
0.05,7034,94,612890,87.12011371712865,7
0.05,7035,94,612984,87.121091529278,7
0.05,7036,96,613080,87.12235327554356,6
0.05,7037,91,613171,87.12290423415743,10
0.05,7038,94,613265,87.12388123312971,7
0.05,7039,96,613361,87.12514204545455,6
0.05,7040,26,613387,87.11646073000995,6
0.05,7041,94,613481,87.1174382277762,7
0.05,7042,93,613574,87.11827346301293,8
0.05,7043,94,613668,87.11925042589438,7
0.05,7044,94,613762,87.12022711142654,7
0.05,7045,88,613850,87.1203519727505,13
0.05,7046,96,613946,87.12161203348943,6
0.05,7047,94,614040,87.12258796821793,8
0.05,7048,92,614132,87.12327989785786,10
0.05,7049,89,614221,87.12354609929078,12
0.05,7050,88,614309,87.12367040136151,13
0.05,7051,95,614404,87.12478729438457,6
0.05,7052,90,614494,87.12519495250248,12
0.05,7053,94,614588,87.12616954919194,7
0.05,7054,95,614683,87.1272856130404,6
0.05,7055,95,614778,87.12840136054422,6
0.05,7056,96,614874,87.12965849511124,6
0.05,7057,93,614967,87.13049022385945,8
0.05,7058,91,615058,87.1310383907069,10
0.05,7059,94,615152,87.13201133144476,8
0.05,7060,-46,615106,87.11315677666053,10
0.05,7061,96,615202,87.11441517983575,6
0.05,7062,93,615295,87.11524847798385,8
0.05,7063,94,615389,87.11622310305776,7
0.05,7064,94,615483,87.1171974522293,8
0.05,7065,24,615507,87.10826493065383,8
0.05,7066,94,615601,87.10924013018254,7
0.05,7067,95,615696,87.11035653650255,6
0.05,7068,94,615790,87.11133116423822,7
0.05,7069,91,615881,87.11188118811882,10
0.05,7070,95,615976,87.1129967472776,7
0.05,7071,94,616070,87.11397058823529,8
0.05,7072,92,616162,87.11466138837834,9
0.05,7073,92,616254,87.11535199321459,9
0.05,7074,94,616348,87.11632508833922,7
0.05,7075,25,616373,87.10754663651781,7
0.05,7076,95,616468,87.10866186237106,7
0.05,7077,94,616562,87.10963549025148,8
0.05,7078,95,616657,87.11075010594716,6
0.05,7079,94,616751,87.1117231638418,7
0.05,7080,95,616846,87.11283716989126,6
0.05,7081,94,616940,87.11380965828862,7
0.05,7082,23,616963,87.10475787095864,10
0.05,7083,96,617059,87.10601355166573,6
0.05,7084,93,617152,87.10684544812985,8
0.05,7085,95,617247,87.10795935647756,6
0.05,7086,93,617340,87.10879074361507,8
0.05,7087,90,617430,87.1091986455982,11
0.05,7088,94,617524,87.11017068697983,8
0.05,7089,92,617616,87.11086036671368,9
0.05,7090,93,617709,87.111690875758,9
0.05,7091,26,617735,87.10307388606881,6
0.05,7092,96,617831,87.10432821091217,6
0.05,7093,95,617926,87.10544121793065,6
0.05,7094,95,618021,87.10655391120507,8
0.05,7095,94,618115,87.1075253664036,7
0.05,7096,95,618210,87.1086374524447,6
0.05,7097,94,618304,87.10960834037758,8
0.05,7098,93,618397,87.1104380898718,8
0.05,7099,26,618423,87.1018309859155,7
0.05,7100,25,618448,87.09308548091818,7
0.05,7101,95,618543,87.09419881723458,8
0.05,7102,95,618638,87.09531184006758,6
0.05,7103,94,618732,87.09628378378379,8
0.05,7104,94,618826,87.0972554539057,7
0.05,7105,91,618917,87.09780467210808,11
0.05,7106,95,619012,87.0989165611369,6
0.05,7107,93,619105,87.09974676420934,8
0.05,7108,91,619196,87.10029540019693,10
0.05,7109,95,619291,87.1014064697609,6
0.05,7110,95,619386,87.10251722683167,6
0.05,7111,95,619481,87.10362767154106,6
0.05,7112,93,619574,87.104456628708,8
0.05,7113,88,619662,87.10458251335395,13
0.05,7114,92,619754,87.10527055516515,9
0.05,7115,92,619846,87.10595840359753,10
0.05,7116,96,619942,87.10720809329774,6
0.05,7117,92,620034,87.10789547625737,9
0.05,7118,94,620128,87.10886360443882,7
0.05,7119,91,620219,87.10941011235956,10
0.05,7120,90,620309,87.10981603707344,11
0.05,7121,95,620404,87.11092389778152,6
0.05,7122,95,620499,87.11203144742383,6
0.05,7123,94,620593,87.11299831555306,7
0.05,7124,94,620687,87.11396491228071,7
0.05,7125,96,620783,87.1152119000842,6
0.05,7126,92,620875,87.11589729198822,9
0.05,7127,94,620969,87.1168630751964,8
0.05,7128,94,621063,87.11782858745967,8
0.05,7129,94,621157,87.11879382889201,7
0.05,7130,94,621251,87.11975879960735,7
0.05,7131,95,621346,87.12086371284352,7
0.05,7132,94,621440,87.12182812280948,7
0.05,7133,94,621534,87.12279226240538,8
0.05,7134,95,621629,87.12389628591451,6
0.05,7135,90,621719,87.12429932735427,11
0.05,7136,92,621811,87.12498248563823,9
0.05,7137,96,621907,87.12622583356682,6
0.05,7138,95,622002,87.12732875752907,6
0.05,7139,96,622098,87.12857142857143,6
0.05,7140,94,622192,87.12953367875647,7
0.05,7141,95,622287,87.13063567628116,6
0.05,7142,94,622381,87.13159736805264,7
0.05,7143,94,622475,87.1325587905935,8
0.05,7144,95,622570,87.1336599020294,7
0.05,7145,95,622665,87.13476070528968,7
0.05,7146,-48,622617,87.11585280537288,12
0.05,7147,94,622711,87.11681589255736,7
0.05,7148,96,622807,87.11805846971605,6
0.05,7149,25,622832,87.10937062937063,7
0.05,7150,96,622928,87.11061390015382,6
0.05,7151,94,623022,87.11157718120805,7
0.05,7152,86,623108,87.11142178107087,15
0.05,7153,93,623201,87.11224489795919,9
0.05,7154,94,623295,87.11320754716981,8
0.05,7155,94,623389,87.1141699273337,8
0.05,7156,94,623483,87.11513203856364,7
0.05,7157,94,623577,87.11609388097234,8
0.05,7158,94,623671,87.11705545467244,7
0.05,7159,92,623763,87.1177374301676,9
0.05,7160,94,623857,87.11869850579528,7
0.05,7161,93,623950,87.1195196872382,8
0.05,7162,91,624041,87.12006142677649,10
0.05,7163,86,624127,87.11990508096035,15
0.05,7164,95,624222,87.12100488485694,7
0.05,7165,94,624316,87.12196483393804,7
0.05,7166,91,624407,87.12250592995674,10
0.05,7167,93,624500,87.12332589285714,8
0.05,7168,95,624595,87.12442460594225,6
0.05,7169,94,624689,87.12538354253836,7
0.05,7170,94,624783,87.12634221168595,7
0.05,7171,92,624875,87.12702175125489,9
0.05,7172,93,624968,87.127840513035,8
0.05,7173,92,625060,87.12851965430723,9
0.05,7174,95,625155,87.12961672473868,6
0.05,7175,94,625249,87.13057413600892,8
0.05,7176,93,625342,87.13139194649575,8
0.05,7177,94,625436,87.13234884368904,7
0.05,7178,93,625529,87.13316617913358,8
0.05,7179,94,625623,87.1341225626741,7
0.05,7180,94,625717,87.1350786798496,8
0.05,7181,91,625808,87.13561681982735,10
0.05,7182,93,625901,87.1364332451622,10
0.05,7183,95,625996,87.13752783964365,6
0.05,7184,26,626022,87.12901878914406,6
0.05,7185,91,626113,87.12955747286391,10
0.05,7186,92,626205,87.13023514679281,9
0.05,7187,93,626298,87.13105175292154,9
0.05,7188,95,626393,87.13214633467798,7
0.05,7189,93,626486,87.13296244784422,8
0.05,7190,95,626581,87.13405645946322,7
0.05,7191,96,626677,87.1352892102336,6
0.05,7192,90,626767,87.13568747393299,11
0.05,7193,96,626863,87.13691965526827,6
0.05,7194,94,626957,87.13787352328005,7
0.05,7195,93,627050,87.13868816008893,9
0.05,7196,95,627145,87.13978046408225,7
0.05,7197,95,627240,87.14087246457349,6
0.05,7198,93,627333,87.14168634532574,8
0.05,7199,94,627427,87.14263888888888,7
0.05,7200,94,627521,87.14359116789335,7
0.05,7201,93,627614,87.14440433212997,8
0.05,7202,94,627708,87.14535610162433,7
0.05,7203,93,627801,87.14616879511382,8
0.05,7204,94,627895,87.14712005551701,7
0.05,7205,93,627988,87.14793227865667,8
0.05,7206,91,628079,87.1484667684196,10
0.05,7207,96,628175,87.1496947835738,6
0.05,7208,96,628271,87.15092245803856,6
0.05,7209,27,628298,87.14257975034674,6
0.05,7210,95,628393,87.14366939398141,6
0.05,7211,95,628488,87.14475873544093,6
0.05,7212,93,628581,87.14557049771247,9
0.05,7213,94,628675,87.14652065428334,7
0.05,7214,94,628769,87.14747054747055,9
0.05,7215,94,628863,87.14842017738358,7
0.05,7216,20,628883,87.13911597616739,13
0.05,7217,93,628976,87.13992795788307,8
0.05,7218,95,629071,87.14101676132428,7
0.05,7219,94,629165,87.14196675900277,7
0.05,7220,86,629251,87.1418086137654,15
0.05,7221,94,629345,87.14275823871503,7
0.05,7222,94,629439,87.14370760071992,7
0.05,7223,93,629532,87.14451827242524,8
0.05,7224,95,629627,87.14560553633218,6
0.05,7225,96,629723,87.14683088845834,6
0.05,7226,94,629817,87.14777916147779,7
0.05,7227,92,629909,87.14845047039292,9
0.05,7228,20,629929,87.13916170978005,12
0.05,7229,94,630023,87.14011065006916,7
0.05,7230,96,630119,87.14133591481124,6
0.05,7231,96,630215,87.14256084070796,6
0.05,7232,96,630311,87.1437854278999,6
0.05,7233,91,630402,87.14431849599116,10
0.05,7234,93,630495,87.14512785072564,8
0.05,7235,94,630589,87.14607517965727,7
0.05,7236,95,630684,87.14716042559071,6
0.05,7237,93,630777,87.14796905222437,8
0.05,7238,96,630873,87.14919187733112,6
0.05,7239,92,630965,87.14986187845304,9
0.05,7240,94,631059,87.1508078994614,7
0.05,7241,93,631152,87.15161557580778,8
0.05,7242,89,631241,87.15187077177966,12
0.05,7243,95,631336,87.15295416896743,7
0.05,7244,93,631429,87.15376121463078,8
0.05,7245,94,631523,87.15470604471433,8
0.05,7246,95,631618,87.15578860218021,6
0.05,7247,93,631711,87.15659492273731,8
0.05,7248,92,631803,87.15726307076838,9
0.05,7249,92,631895,87.15793103448276,9
0.05,7250,95,631990,87.15901254999311,6
0.05,7251,94,632084,87.15995587424159,7
0.05,7252,93,632177,87.16076106438715,8
0.05,7253,94,632271,87.16170388751034,7
0.05,7254,95,632366,87.16278428669882,6
0.05,7255,94,632460,87.16372657111356,7
0.05,7256,92,632552,87.1643929998622,9
0.05,7257,94,632646,87.16533480297602,7
0.05,7258,94,632740,87.16627634660422,7
0.05,7259,91,632831,87.1668044077135,10
0.05,7260,94,632925,87.16774548960198,7
0.05,7261,91,633016,87.16827320297439,10
0.05,7262,94,633110,87.16921382348892,7
0.05,7263,95,633205,87.17029185022027,6
0.05,7264,94,633299,87.1712319339298,7
0.05,7265,94,633393,87.17217175887696,7
0.05,7266,92,633485,87.17283610843539,9
0.05,7267,96,633581,87.17405063291139,6
0.05,7268,94,633675,87.17498968221213,7
0.05,7269,93,633768,87.17579092159559,8
0.05,7270,92,633860,87.17645440792188,9
0.05,7271,96,633956,87.17766776677668,6
0.05,7272,93,634049,87.17846830743846,8
0.05,7273,92,634141,87.17913115204838,9
0.05,7274,26,634167,87.17072164948453,6
0.05,7275,96,634263,87.17193512919187,6
0.05,7276,27,634290,87.16366634602171,6
0.05,7277,92,634382,87.16433086012641,9
0.05,7278,95,634477,87.16540733617255,6
0.05,7279,90,634567,87.1657967032967,11
0.05,7280,95,634662,87.16687268232386,6
0.05,7281,91,634753,87.16739906619061,10
0.05,7282,95,634848,87.16847452972677,6
0.05,7283,93,634941,87.16927512355848,8
0.05,7284,27,634968,87.16101578586135,6
0.05,7285,95,635063,87.1620916826791,6
0.05,7286,93,635156,87.16289282283519,8
0.05,7287,96,635252,87.16410537870472,6
0.05,7288,93,635345,87.16490602277405,9
0.05,7289,96,635441,87.16611796982167,6
0.05,7290,92,635533,87.16678096283088,9
0.05,7291,95,635628,87.16785518376302,8
0.05,7292,95,635723,87.16892911010558,6
0.05,7293,94,635817,87.16986564299424,7
0.05,7294,26,635843,87.16148046607265,6
0.05,7295,95,635938,87.1625548245614,6
0.05,7296,95,636033,87.16362888858436,6
0.05,7297,96,636129,87.16483968210468,6
0.05,7298,96,636225,87.16605014385533,6
0.05,7299,92,636317,87.16671232876712,9
0.05,7300,94,636411,87.16764826736063,7
0.05,7301,94,636505,87.16858394960285,7
0.05,7302,94,636599,87.16951937559907,7
0.05,7303,25,636624,87.16100766703177,7
0.05,7304,91,636715,87.1615331964408,10
0.05,7305,95,636810,87.16260607719683,6
0.05,7306,94,636904,87.16354180922403,7
0.05,7307,94,636998,87.16447728516694,7
0.05,7308,92,637090,87.16513886988645,9
0.05,7309,91,637181,87.16566347469221,10
0.05,7310,95,637276,87.16673505676378,6
0.05,7311,94,637370,87.16766958424508,7
0.05,7312,93,637463,87.16846711335977,8
0.05,7313,95,637558,87.16953787257314,6
0.05,7314,93,637651,87.17033492822966,8
0.05,7315,91,637742,87.17085839256424,10
0.05,7316,95,637837,87.17192838595052,7
0.05,7317,91,637928,87.172451489478,10
0.05,7318,94,638022,87.17338434212324,7
0.05,7319,95,638117,87.17445355191256,6
0.05,7320,95,638212,87.17552246960798,6
0.05,7321,94,638306,87.17645452062278,8
0.05,7322,93,638399,87.1772497610269,8
0.05,7323,95,638494,87.1783178590934,8
0.05,7324,90,638584,87.17870307167236,11
0.05,7325,96,638680,87.17990717990718,6
0.05,7326,92,638772,87.18056503343797,9
0.05,7327,94,638866,87.18149563318778,7
0.05,7328,90,638956,87.1818802019375,11
0.05,7329,95,639051,87.18294679399727,6
0.05,7330,91,639142,87.1834674669213,10
0.05,7331,95,639237,87.18453355155482,6
0.05,7332,92,639329,87.18519023591982,9
0.05,7333,93,639422,87.18598309244614,9
0.05,7334,94,639516,87.18691206543967,7
0.05,7335,94,639610,87.18784078516903,7
0.05,7336,92,639702,87.18849666076053,9
0.05,7337,95,639797,87.1895611883347,6
0.05,7338,22,639819,87.18067856656221,11
0.05,7339,95,639914,87.18174386920981,7
0.05,7340,95,640009,87.18280888162376,6
0.05,7341,95,640104,87.18387360392263,6
0.05,7342,96,640200,87.18507422034591,6
0.05,7343,93,640293,87.1858660130719,8
0.05,7344,94,640387,87.18679373723621,7
0.05,7345,94,640481,87.18772120882113,7
0.05,7346,93,640574,87.1885123179529,8
0.05,7347,90,640664,87.18889493739793,11
0.05,7348,92,640756,87.18954959858485,9
0.05,7349,94,640850,87.19047619047619,7
0.05,7350,93,640943,87.19126649435451,8
0.05,7351,26,640969,87.18294341675734,7
0.05,7352,95,641064,87.18400652794777,6
0.05,7353,95,641159,87.18506935001359,6
0.05,7354,96,641255,87.1862678450034,6
0.05,7355,94,641349,87.18719412724306,7
0.05,7356,92,641441,87.18784830773413,9
0.05,7357,94,641535,87.18877412340309,7
0.05,7358,95,641630,87.1898355754858,6
0.05,7359,94,641724,87.19076086956522,7
0.05,7360,94,641818,87.19168591224019,7
0.05,7361,93,641911,87.19247487095897,9
0.05,7362,94,642005,87.19339942958034,7
0.05,7363,96,642101,87.19459532862575,6
0.05,7364,27,642128,87.18642226748133,6
0.05,7365,94,642222,87.18734727124627,7
0.05,7366,95,642317,87.18840776435455,8
0.05,7367,92,642409,87.18906080347449,9
0.05,7368,94,642503,87.18998507260144,7
0.05,7369,90,642593,87.19036635006785,11
0.05,7370,94,642687,87.1912901912902,7
0.05,7371,92,642779,87.19194248507867,9
0.05,7372,94,642873,87.19286586192865,7
0.05,7373,94,642967,87.1937889883374,7
0.05,7374,90,643057,87.19416949152543,11
0.05,7375,95,643152,87.19522776572668,7
0.05,7376,94,643246,87.19615019655687,7
0.05,7377,95,643341,87.19720791542423,6
0.05,7378,91,643432,87.1977232687356,10
0.05,7379,93,643525,87.19850948509485,9
0.05,7380,93,643618,87.1992954884162,8
0.05,7381,96,643714,87.20048767271741,6
0.05,7382,96,643810,87.20167953406474,6
0.05,7383,25,643835,87.193255687974,7
0.05,7384,93,643928,87.19404197698037,10
0.05,7385,95,644023,87.19509883563498,7
0.05,7386,94,644117,87.19602003519697,8
0.05,7387,93,644210,87.19680563075258,8
0.05,7388,96,644306,87.19799702260116,6
0.05,7389,92,644398,87.19864682002707,9
0.05,7390,-44,644354,87.18089568393992,8
0.05,7391,95,644449,87.18195346320347,6
0.05,7392,94,644543,87.18287569322332,7
0.05,7393,26,644569,87.17460102786043,6
0.05,7394,95,644664,87.17565922920892,6
0.05,7395,95,644759,87.17671714440237,6
0.05,7396,95,644854,87.17777477355685,6
0.05,7397,94,644948,87.17869694512031,8
0.05,7398,96,645044,87.17988917421273,6
0.05,7399,88,645132,87.18,13
0.05,7400,96,645228,87.18119173084719,6
0.05,7401,90,645318,87.18157254796002,12
0.05,7402,94,645412,87.18249358368229,7
0.05,7403,92,645504,87.18314424635332,9
0.05,7404,95,645599,87.18419986495611,6
0.05,7405,93,645692,87.18498514717797,8
0.05,7406,93,645785,87.18577021736195,9
0.05,7407,96,645881,87.18696004319655,6
0.05,7408,94,645975,87.18787960588473,7
0.05,7409,94,646069,87.18879892037786,7
0.05,7410,95,646164,87.18985292133316,6
0.05,7411,94,646258,87.19077172153266,7
0.05,7412,89,646347,87.19101578308377,12
0.05,7413,93,646440,87.19179929862422,8
0.05,7414,24,646464,87.18327714093054,9
0.05,7415,26,646490,87.1750269687163,6
0.05,7416,95,646585,87.17608197384388,6
0.05,7417,25,646610,87.16770018873011,8
0.05,7418,95,646705,87.16875589702116,6
0.05,7419,96,646801,87.1699460916442,6
0.05,7420,91,646892,87.17046220185959,11
0.05,7421,90,646982,87.1708434384263,11
0.05,7422,94,647076,87.1717634379631,7
0.05,7423,17,647093,87.1623114224138,15
0.05,7424,94,647187,87.16323232323232,7
0.05,7425,94,647281,87.16415297603017,7
0.05,7426,92,647373,87.16480409317356,11
0.05,7427,95,647468,87.16585891222401,6
0.05,7428,94,647562,87.16677883968232,7
0.05,7429,95,647657,87.1678331090175,6
0.05,7430,94,647751,87.16875252321357,7
0.05,7431,94,647845,87.16967168998923,7
0.05,7432,94,647939,87.17059060944437,7
0.05,7433,91,648030,87.17110573042777,10
0.05,7434,96,648126,87.17229320780095,6
0.05,7435,95,648221,87.17334588488434,6
0.05,7436,94,648315,87.17426381605486,7
0.05,7437,95,648410,87.17531594514655,6
0.05,7438,94,648504,87.17623336469956,7
0.05,7439,94,648598,87.1771505376344,7
0.05,7440,93,648691,87.17793307351162,8
0.05,7441,92,648783,87.17858102660576,9
0.05,7442,96,648879,87.17976622329705,6
0.05,7443,24,648903,87.17127888232133,8
0.05,7444,22,648925,87.16252518468771,10
0.05,7445,92,649017,87.16317485898469,9
0.05,7446,94,649111,87.16409292332483,7
0.05,7447,92,649203,87.16474221267454,9
0.05,7448,87,649290,87.16472009665726,14
0.05,7449,94,649384,87.16563758389262,8
0.05,7450,96,649480,87.16682324520198,6
0.05,7451,95,649575,87.16787439613526,6
0.05,7452,96,649671,87.16905943915202,6
0.05,7453,94,649765,87.1699758518916,7
0.05,7454,94,649859,87.17089201877934,7
0.05,7455,93,649952,87.1716738197425,8
0.05,7456,94,650046,87.17258951320906,7
0.05,7457,95,650141,87.17363904532046,7
0.05,7458,25,650166,87.16530366000805,7
0.05,7459,88,650254,87.16541554959785,13
0.05,7460,95,650349,87.1664656212304,6
0.05,7461,93,650442,87.16724738675958,8
0.05,7462,23,650465,87.15864933672786,9
0.05,7463,26,650491,87.15045551982851,7
0.05,7464,96,650587,87.1516409912927,6
0.05,7465,93,650680,87.15242432360031,9
0.05,7466,96,650776,87.15360921387438,6
0.05,7467,21,650797,87.14475093733262,12
0.05,7468,91,650888,87.14526710403,10
0.05,7469,94,650982,87.14618473895582,8
0.05,7470,94,651076,87.14710212822915,7
0.05,7471,95,651171,87.14815310492506,6
0.05,7472,95,651266,87.14920380034792,6
0.05,7473,96,651362,87.15038801177415,6
0.05,7474,90,651452,87.15076923076923,11
0.05,7475,93,651545,87.15155163188871,8
0.05,7476,95,651640,87.15260131068611,6
0.05,7477,94,651734,87.15351698315058,7
0.05,7478,96,651830,87.15469982617996,6
0.05,7479,94,651924,87.15561497326203,7
0.05,7480,96,652020,87.15679721962304,6
0.05,7481,91,652111,87.157310879444,10
0.05,7482,92,652203,87.15795803821996,9
0.05,7483,93,652296,87.1587386424372,8
0.05,7484,95,652391,87.15978623914495,6
0.05,7485,94,652485,87.16069997328346,7
0.05,7486,90,652575,87.16107920395352,12
0.05,7487,94,652669,87.16199252136752,8
0.05,7488,96,652765,87.16317265322473,6
0.05,7489,96,652861,87.16435246995995,6
0.05,7490,91,652952,87.16486450407156,10
0.05,7491,96,653048,87.16604378003204,6
0.05,7492,93,653141,87.16682236754303,8
0.05,7493,94,653235,87.16773418734988,7
0.05,7494,94,653329,87.16864576384256,9
0.05,7495,93,653422,87.16942369263607,8
0.05,7496,91,653513,87.16993464052288,10
0.05,7497,95,653608,87.17097892771406,8
0.05,7498,94,653702,87.17188958527804,8
0.05,7499,96,653798,87.17306666666667,6
0.05,7500,95,653893,87.17411011865084,6
0.05,7501,92,653985,87.17475339909358,9
0.05,7502,93,654078,87.17552978808476,8
0.05,7503,94,654172,87.17643923240938,7
0.05,7504,94,654266,87.17734843437708,7
0.05,7505,93,654359,87.1781241673328,8
0.05,7506,93,654452,87.17889969361929,11
0.05,7507,94,654546,87.17980820458178,7
0.05,7508,93,654639,87.18058330003996,8
0.05,7509,94,654733,87.1814913448735,7
0.05,7510,20,654753,87.17254693116762,12
0.05,7511,92,654845,87.17318956336528,9
0.05,7512,95,654940,87.17423133235725,7
0.05,7513,93,655033,87.17500665424541,8
0.05,7514,93,655126,87.17578176979374,8
0.05,7515,94,655220,87.17668972857903,8
0.05,7516,95,655315,87.17773047758415,6
0.05,7517,94,655409,87.17863793562118,7
0.05,7518,93,655502,87.17941215587179,8
0.05,7519,93,655595,87.18018617021276,8
0.05,7520,93,655688,87.18095997872624,8
0.05,7521,94,655782,87.18186652486041,7
0.05,7522,96,655878,87.18303868137711,6
0.05,7523,94,655972,87.1839447102605,7
0.05,7524,93,656065,87.18471760797343,8
0.05,7525,96,656161,87.18588891841615,6
0.05,7526,96,656257,87.18705991762987,6
0.05,7527,20,656277,87.17813496280553,13
0.05,7528,92,656369,87.17877540177979,9
0.05,7529,96,656465,87.17994687915007,6
0.05,7530,94,656559,87.18085247643076,7
0.05,7531,94,656653,87.18175783324482,7
0.05,7532,96,656749,87.18292844816142,6
0.05,7533,25,656774,87.17467480753916,7
0.05,7534,94,656868,87.1755806237558,8
0.05,7535,95,656963,87.17661889596603,6
0.05,7536,91,657054,87.17712617752422,10
0.05,7537,25,657079,87.16887768638897,7
0.05,7538,95,657174,87.16991643454038,6
0.05,7539,95,657269,87.1709549071618,6
0.05,7540,88,657357,87.17106484551121,13
0.05,7541,94,657451,87.17197029965526,7
0.05,7542,95,657546,87.17300808696805,6
0.05,7543,96,657642,87.17417815482503,6
0.05,7544,95,657737,87.17521537442015,6
0.05,7545,26,657763,87.16710840180228,6
0.05,7546,92,657855,87.16774877434742,9
0.05,7547,92,657947,87.1683889772125,9
0.05,7548,94,658041,87.16929394621805,7
0.05,7549,92,658133,87.16993377483443,10
0.05,7550,93,658226,87.17070586677261,8
0.05,7551,96,658322,87.171875,6
0.05,7552,94,658416,87.17277902820072,7
0.05,7553,92,658508,87.17341805665872,9
0.05,7554,94,658602,87.17432164129715,7
0.05,7555,94,658696,87.17522498676549,7
0.05,7556,95,658791,87.17626042080191,6
0.05,7557,94,658885,87.17716327070653,7
0.05,7558,94,658979,87.17806588173039,7
0.05,7559,95,659074,87.17910052910052,6
0.05,7560,95,659169,87.18013490279064,6
0.05,7561,94,659263,87.18103676276118,7
0.05,7562,94,659357,87.18193838423906,7
0.05,7563,94,659451,87.18283976731888,7
0.05,7564,94,659545,87.18374091209517,7
0.05,7565,92,659637,87.1843774781919,10
0.05,7566,96,659733,87.1855424871151,6
0.05,7567,96,659829,87.18670718816068,6
0.05,7568,94,659923,87.18760734575241,7
0.05,7569,95,660018,87.18863936591809,6
0.05,7570,92,660110,87.18927486461497,9
0.05,7571,95,660205,87.19030639197042,6
0.05,7572,94,660299,87.19120559883798,7
0.05,7573,93,660392,87.19197253762873,8
0.05,7574,96,660488,87.19313531353136,6
0.05,7575,91,660579,87.19363780359029,10
0.05,7576,94,660673,87.19453609608024,7
0.05,7577,95,660768,87.19556611243073,6
0.05,7578,95,660863,87.19659585697322,6
0.05,7579,94,660957,87.19749340369393,7
0.05,7580,93,661050,87.198258804907,9
0.05,7581,90,661140,87.19862833025587,11
0.05,7582,91,661231,87.19912963207175,10
0.05,7583,94,661325,87.20002637130801,7
0.05,7584,94,661419,87.2009228740936,8
0.05,7585,91,661510,87.20142367519114,10
0.05,7586,93,661603,87.20218795307763,8
0.05,7587,95,661698,87.20321560358461,6
0.05,7588,92,661790,87.20384767426539,9
0.05,7589,95,661885,87.20487483530962,6
0.05,7590,95,661980,87.20590172572784,7
0.05,7591,96,662076,87.20706006322445,6
0.05,7592,94,662170,87.20795469511393,7
0.05,7593,92,662262,87.20858572557282,10
0.05,7594,94,662356,87.20947992100066,7
0.05,7595,91,662447,87.20997893628225,10
0.05,7596,96,662543,87.21113597472687,6
0.05,7597,94,662637,87.21202948144249,7
0.05,7598,90,662727,87.21239636794316,11
0.05,7599,93,662820,87.21315789473684,8
0.05,7600,94,662914,87.21405078279174,8
0.05,7601,93,663007,87.21481189160747,9
0.05,7602,95,663102,87.21583585426805,6
0.05,7603,91,663193,87.21633350867964,10
0.05,7604,89,663282,87.21656804733728,12
0.05,7605,94,663376,87.21745990007888,7
0.05,7606,26,663402,87.20941238333114,6
0.05,7607,93,663495,87.21017350157729,8
0.05,7608,94,663589,87.21106584308056,7
0.05,7609,94,663683,87.21195795006571,7
0.05,7610,95,663778,87.21298121140454,6
0.05,7611,94,663872,87.21387283236994,7
0.05,7612,93,663965,87.21463286483646,8
0.05,7613,95,664060,87.21565537168374,6
0.05,7614,26,664086,87.20761654629021,7
0.05,7615,94,664180,87.20850840336135,7
0.05,7616,94,664274,87.20940002625706,7
0.05,7617,94,664368,87.21029141506958,7
0.05,7618,88,664456,87.21039506496916,13
0.05,7619,26,664482,87.20236220472441,6
0.05,7620,94,664576,87.20325416611993,7
0.05,7621,92,664668,87.20388349514563,10
0.05,7622,95,664763,87.20490620490621,6
0.05,7623,95,664858,87.20592864637986,7
0.05,7624,92,664950,87.20655737704918,9
0.05,7625,94,665044,87.20744820351429,7
0.05,7626,24,665068,87.19916087583584,8
0.05,7627,25,665093,87.19100681699004,7
0.05,7628,90,665183,87.19137501638485,11
0.05,7629,94,665277,87.19226736566186,7
0.05,7630,96,665373,87.1934215699122,6
0.05,7631,91,665464,87.19392033542977,13
0.05,7632,89,665553,87.19415695008516,12
0.05,7633,92,665645,87.19478648153,9
0.05,7634,94,665739,87.19567779960707,7
0.05,7635,94,665833,87.19656888423258,7
0.05,7636,94,665927,87.19745973549823,8
0.05,7637,24,665951,87.1891856506939,8
0.05,7638,94,666045,87.19007723524021,7
0.05,7639,94,666139,87.19096858638744,8
0.05,7640,92,666231,87.19159795838242,9
0.05,7641,96,666327,87.19275058885108,6
0.05,7642,92,666419,87.19337956299883,9
0.05,7643,94,666513,87.19427001569859,8
0.05,7644,92,666605,87.1948986265533,9
0.05,7645,94,666699,87.1957886476589,7
0.05,7646,26,666725,87.18778605989277,6
0.05,7647,92,666817,87.18841527196653,9
0.05,7648,94,666911,87.18930579160674,7
0.05,7649,95,667006,87.19032679738562,6
0.05,7650,95,667101,87.19134753626977,6
0.05,7651,96,667197,87.19249869315212,6
0.05,7652,94,667291,87.19338821377238,7
0.05,7653,92,667383,87.19401620067939,12
0.05,7654,92,667475,87.19464402351404,9
0.05,7655,94,667569,87.1955329153605,7
0.05,7656,95,667664,87.19655217448087,7
0.05,7657,94,667758,87.19744058500915,7
0.05,7658,93,667851,87.1981981981982,8
0.05,7659,23,667874,87.18981723237597,10
0.05,7660,95,667969,87.19083670539094,6
0.05,7661,94,668063,87.19172539806839,7
0.05,7662,96,668159,87.19287485319066,6
0.05,7663,90,668249,87.19324112734864,11
0.05,7664,96,668345,87.19439008480104,6
0.05,7665,91,668436,87.19488651187059,10
0.05,7666,95,668531,87.19590452589019,7
0.05,7667,94,668625,87.19679186228483,7
0.05,7668,95,668720,87.19780936236798,6
0.05,7669,27,668747,87.18996088657106,6
0.05,7670,94,668841,87.19084865076262,7
0.05,7671,92,668933,87.19147549530761,9
0.05,7672,90,669023,87.19184152222077,11
0.05,7673,96,669119,87.19298931456868,6
0.05,7674,95,669214,87.19400651465799,6
0.05,7675,92,669306,87.19463262115686,9
0.05,7676,94,669400,87.19551908297512,7
0.05,7677,94,669494,87.19640531388383,7
0.05,7678,95,669589,87.19742153926292,6
0.05,7679,95,669684,87.1984375,6
0.05,7680,95,669779,87.1994531961984,6
0.05,7681,93,669872,87.20020827909399,8
0.05,7682,94,669966,87.20109332292074,7
0.05,7683,94,670060,87.2019781363873,7
0.05,7684,94,670154,87.2028627195836,7
0.05,7685,95,670249,87.20387717928702,6
0.05,7686,94,670343,87.20476128528685,7
0.05,7687,92,670435,87.20538501560874,9
0.05,7688,92,670527,87.20600858369099,9
0.05,7689,96,670623,87.20715214564369,6
0.05,7690,90,670713,87.2075152775972,12
0.05,7691,95,670808,87.20852834113364,6
0.05,7692,89,670897,87.20876121149097,12
0.05,7693,95,670992,87.20977384975305,7
0.05,7694,95,671087,87.21078622482132,6
0.05,7695,95,671182,87.21179833679834,6
0.05,7696,93,671275,87.21255034428998,8
0.05,7697,95,671370,87.21356196414654,8
0.05,7698,92,671462,87.21418366021561,9
0.05,7699,92,671554,87.2148051948052,9
0.05,7700,92,671646,87.21542656797818,9
0.05,7701,92,671738,87.21604777979745,9
0.05,7702,92,671830,87.21666883032584,9
0.05,7703,95,671925,87.21767912772586,6
0.05,7704,95,672020,87.21868916288125,6
0.05,7705,95,672115,87.21969893589412,7
0.05,7706,95,672210,87.22070844686648,7
0.05,7707,90,672300,87.22106901920083,11
0.05,7708,96,672396,87.22220780905435,6
0.05,7709,90,672486,87.22256809338522,14
0.05,7710,94,672580,87.22344702373233,7
0.05,7711,95,672675,87.22445539419087,6
0.05,7712,94,672769,87.22533385193829,7
0.05,7713,27,672796,87.21752657505833,6
0.05,7714,95,672891,87.21853532080362,6
0.05,7715,93,672984,87.21928460342146,8
0.05,7716,94,673078,87.22016327588442,7
0.05,7717,94,673172,87.22104172065302,7
0.05,7718,90,673262,87.22140173597616,11
0.05,7719,92,673354,87.2220207253886,9
0.05,7720,92,673446,87.22263955446186,9
0.05,7721,94,673540,87.22351722351722,7
0.05,7722,94,673634,87.22439466528552,7
0.05,7723,95,673729,87.22540134645261,6
0.05,7724,92,673821,87.22601941747573,9
0.05,7725,94,673915,87.22689619466736,7
0.05,7726,94,674009,87.22777274492041,7
0.05,7727,91,674100,87.22826086956522,10
0.05,7728,96,674196,87.2293957821193,6
0.05,7729,24,674220,87.22121604139716,10
0.05,7730,92,674312,87.22183417410426,9
0.05,7731,95,674407,87.22284014485255,7
0.05,7732,92,674499,87.22345790766843,10
0.05,7733,96,674595,87.22459270752522,6
0.05,7734,91,674686,87.22508080155139,10
0.05,7735,93,674779,87.22582730093072,8
0.05,7736,25,674804,87.21778467106114,7
0.05,7737,96,674900,87.21891961747221,6
0.05,7738,27,674927,87.21113838997286,6
0.05,7739,94,675021,87.21201550387597,7
0.05,7740,94,675115,87.21289239116393,7
0.05,7741,93,675208,87.21363988633428,8
0.05,7742,94,675302,87.21451633733695,8
0.05,7743,90,675392,87.21487603305785,11
0.05,7744,93,675485,87.2156229825694,9
0.05,7745,96,675581,87.21675703588949,6
0.05,7746,95,675676,87.21776171421196,6
0.05,7747,25,675701,87.20973154362416,8
0.05,7748,89,675790,87.20996257581623,12
0.05,7749,95,675885,87.21096774193549,6
0.05,7750,93,675978,87.21171461746872,9
0.05,7751,95,676073,87.21271929824562,6
0.05,7752,96,676169,87.2138527021798,6
0.05,7753,95,676264,87.21485684807841,6
0.05,7754,96,676360,87.21598968407478,6
0.05,7755,94,676454,87.21686436307375,7
0.05,7756,93,676547,87.21760990073481,8
0.05,7757,94,676641,87.21848414539829,7
0.05,7758,95,676736,87.2194870472999,6
0.05,7759,94,676830,87.22036082474227,7
0.05,7760,94,676924,87.22123437701327,7
0.05,7761,92,677016,87.22185003864983,9
0.05,7762,94,677110,87.22272317403066,7
0.05,7763,94,677204,87.22359608449253,7
0.05,7764,94,677298,87.22446877012234,7
0.05,7765,93,677391,87.22521246458923,8
0.05,7766,94,677485,87.2260847173941,7
0.05,7767,95,677580,87.22708547888774,6
0.05,7768,90,677670,87.22744239927918,11
0.05,7769,94,677764,87.22831402831403,7
0.05,7770,93,677857,87.2290567494531,8
0.05,7771,93,677950,87.22979927946474,9
0.05,7772,90,678040,87.23015566705261,11
0.05,7773,87,678127,87.23012606122974,14
0.05,7774,94,678221,87.23099678456592,7
0.05,7775,90,678311,87.23135288065843,11
0.05,7776,25,678336,87.22335090651923,7
0.05,7777,96,678432,87.22447930059141,6
0.05,7778,89,678521,87.22470754595706,12
0.05,7779,96,678617,87.2258354755784,6
0.05,7780,92,678709,87.22644904253951,9
0.05,7781,94,678803,87.22731945515292,7
0.05,7782,25,678828,87.21932416805859,7
0.05,7783,95,678923,87.22032374100719,6
0.05,7784,93,679016,87.22106615285806,9
0.05,7785,91,679107,87.22155150269715,10
0.05,7786,93,679200,87.22229356620008,8
0.05,7787,92,679292,87.22290703646635,9
0.05,7788,96,679388,87.224033893953,6
0.05,7789,96,679484,87.22516046213094,6
0.05,7790,93,679577,87.22590168142729,8
0.05,7791,94,679671,87.22677104722793,7
0.05,7792,94,679765,87.22764018991403,7
0.05,7793,96,679861,87.22876571721838,6
0.05,7794,96,679957,87.22989095574086,6
0.05,7795,92,680049,87.23050282195997,10
0.05,7796,93,680142,87.2312427856868,10
0.05,7797,95,680237,87.23223903565017,6
0.05,7798,92,680329,87.23285036543146,9
0.05,7799,95,680424,87.23384615384616,6
0.05,7800,22,680446,87.22548391231894,10
0.05,7801,95,680541,87.22648038964368,7
0.05,7802,92,680633,87.22709214404716,9
0.05,7803,94,680727,87.22796002050231,7
0.05,7804,94,680821,87.22882767456758,8
0.05,7805,91,680912,87.22931078657443,10
0.05,7806,96,681008,87.23043422569489,7
0.05,7807,93,681101,87.23117315573771,8
0.05,7808,94,681195,87.23203995389935,8
0.05,7809,96,681291,87.23316261203585,6
0.05,7810,92,681383,87.2337728843938,9
0.05,7811,96,681479,87.23489503328213,6
0.05,7812,95,681574,87.23588890311021,6
0.05,7813,94,681668,87.23675454312772,7
0.05,7814,96,681764,87.23787587971849,6
0.05,7815,95,681859,87.23886898669396,6
0.05,7816,23,681882,87.23065114494051,9
0.05,7817,94,681976,87.23151701202353,7
0.05,7818,93,682069,87.23225476403633,8
0.05,7819,95,682164,87.23324808184144,7
0.05,7820,93,682257,87.23398542385884,8
0.05,7821,93,682350,87.23472257734595,8
0.05,7822,95,682445,87.23571519877285,7
0.05,7823,94,682539,87.23657975460122,7
0.05,7824,94,682633,87.23744408945687,7
0.05,7825,95,682728,87.23843598262204,7
0.05,7826,94,682822,87.23929985946084,7
0.05,7827,94,682916,87.24016351558508,7
0.05,7828,94,683010,87.24102695107932,7
0.05,7829,96,683106,87.24214559386974,6
0.05,7830,95,683201,87.24313625335206,6
0.05,7831,88,683289,87.2432328907048,13
0.05,7832,93,683382,87.24396782841823,8
0.05,7833,94,683476,87.2448302272147,7
0.05,7834,26,683502,87.23701340140396,6
0.05,7835,94,683596,87.23787646758551,7
0.05,7836,95,683691,87.2388669133597,7
0.05,7837,94,683785,87.23972952283746,7
0.05,7838,95,683880,87.24071947952545,7
0.05,7839,91,683971,87.24119897959184,10
0.05,7840,96,684067,87.24231603111848,6
0.05,7841,96,684163,87.24343279775567,6
0.05,7842,93,684256,87.24416677291853,10
0.05,7843,95,684351,87.24515553289139,6
0.05,7844,96,684447,87.24627151051625,6
0.05,7845,92,684539,87.24687738975274,9
0.05,7846,94,684633,87.2477379890404,7
0.05,7847,94,684727,87.24859836901122,7
0.05,7848,90,684817,87.24894891068926,12
0.05,7849,94,684911,87.24980891719746,7
0.05,7850,95,685006,87.25079607693287,6
0.05,7851,92,685098,87.25140091696383,9
0.05,7852,95,685193,87.25238762256463,6
0.05,7853,92,685285,87.25299210593329,9
0.05,7854,95,685380,87.25397835773393,6
0.05,7855,93,685473,87.25470977596741,9
0.05,7856,95,685568,87.25569555810105,6
0.05,7857,94,685662,87.25655383049121,7
0.05,7858,94,685756,87.25741188446368,8
0.05,7859,94,685850,87.25826972010178,7
0.05,7860,92,685942,87.2588729169317,10
0.05,7861,93,686035,87.25960315441364,8
0.05,7862,92,686127,87.2602060282335,9
0.05,7863,93,686220,87.26093591047812,8
0.05,7864,25,686245,87.25301970756516,7
0.05,7865,92,686337,87.2536231884058,9
0.05,7866,96,686433,87.25473496885725,6
0.05,7867,-122,686311,87.228139298424,16
0.05,7868,92,686403,87.22874571101792,10
0.05,7869,94,686497,87.22960609911054,7
0.05,7870,94,686591,87.23046626858087,8
0.05,7871,96,686687,87.23158028455285,6
0.05,7872,92,686779,87.2321859519878,9
0.05,7873,92,686871,87.23279146558293,10
0.05,7874,96,686967,87.23390476190477,6
0.05,7875,94,687061,87.23476383951244,7
0.05,7876,95,687156,87.23574965088231,6
0.05,7877,92,687248,87.23635440467123,9
0.05,7878,94,687342,87.23721284426958,7
0.05,7879,96,687438,87.23832487309645,6
0.05,7880,93,687531,87.23905595736582,8
0.05,7881,94,687625,87.23991372748033,7
0.05,7882,94,687719,87.24077127996955,7
0.05,7883,91,687810,87.24124809741248,10
0.05,7884,-46,687764,87.22435003170577,9
0.05,7885,95,687859,87.22533603854933,7
0.05,7886,93,687952,87.22606821351592,8
0.05,7887,94,688046,87.22692697768763,8
0.05,7888,94,688140,87.22778552414755,7
0.05,7889,94,688234,87.22864385297845,7
0.05,7890,26,688260,87.22088455202129,6
0.05,7891,91,688351,87.22136340598074,10
0.05,7892,94,688445,87.22222222222223,7
0.05,7893,91,688536,87.22270078540664,10
0.05,7894,92,688628,87.22330588980367,9
0.05,7895,94,688722,87.2241641337386,7
0.05,7896,91,688813,87.22464226921616,10
0.05,7897,88,688901,87.22474044061788,13
0.05,7898,95,688996,87.22572477528801,6
0.05,7899,94,689090,87.22658227848102,7
0.05,7900,94,689184,87.22743956461207,7
0.05,7901,94,689278,87.2282966337636,7
0.05,7902,89,689367,87.22852081488043,12
0.05,7903,94,689461,87.22937753036437,8
0.05,7904,92,689553,87.22998102466794,9
0.05,7905,94,689647,87.23083733873008,7
0.05,7906,94,689741,87.23169343619577,7
0.05,7907,96,689837,87.23280222559434,6
0.05,7908,95,689932,87.23378429637123,6
0.05,7909,91,690023,87.23426042983566,10
0.05,7910,95,690118,87.23524206800657,6
0.05,7911,95,690213,87.23622345803842,6
0.05,7912,91,690304,87.23669910274232,10
0.05,7913,25,690329,87.22883497599192,7
0.05,7914,94,690423,87.22969046114972,7
0.05,7915,95,690518,87.23067205659424,6
0.05,7916,95,690613,87.2316534040672,6
0.05,7917,93,690706,87.23238191462491,8
0.05,7918,92,690798,87.23298396262155,9
0.05,7919,94,690892,87.23383838383839,7
0.05,7920,94,690986,87.23469258931954,7
0.05,7921,94,691080,87.23554657914669,7
0.05,7922,27,691107,87.22794396062098,6
0.05,7923,23,691130,87.2198384654215,9
0.05,7924,92,691222,87.22044164037855,9
0.05,7925,95,691317,87.2214231642695,6
0.05,7926,96,691413,87.22253059164879,6
0.05,7927,94,691507,87.223385469223,8
0.05,7928,92,691599,87.22398789254635,9
0.05,7929,92,691691,87.22459016393442,9
0.05,7930,94,691785,87.22544445845416,7
0.05,7931,96,691881,87.22655068078669,6
0.05,7932,95,691976,87.22753056851128,6
0.05,7933,91,692067,87.22800604991177,10
0.05,7934,92,692159,87.22860743541273,9
0.05,7935,95,692254,87.22958669354838,8
0.05,7936,96,692350,87.23069169711478,6
0.05,7937,96,692446,87.23179642227261,6
0.05,7938,92,692538,87.23239702733342,9
0.05,7939,93,692631,87.2331234256927,8
0.05,7940,94,692725,87.23397556982748,7
0.05,7941,95,692820,87.23495341223872,6
0.05,7942,94,692914,87.23580511141886,7
0.05,7943,86,693000,87.2356495468278,15
0.05,7944,96,693096,87.23675267463814,6
0.05,7945,93,693189,87.2374779763403,8
0.05,7946,96,693285,87.23858059645148,6
0.05,7947,96,693381,87.23968293910417,6
0.05,7948,94,693475,87.24053340042772,7
0.05,7949,94,693569,87.24138364779874,7
0.05,7950,95,693664,87.2423594516413,8
0.05,7951,25,693689,87.23453219315896,7
0.05,7952,95,693784,87.23550861310197,6
0.05,7953,27,693811,87.22793562987177,6
0.05,7954,96,693907,87.22903834066625,6
0.05,7955,93,694000,87.22976370035194,8
0.05,7956,96,694096,87.23086590423526,6
0.05,7957,92,694188,87.23146519225936,9
0.05,7958,24,694212,87.22352054278176,8
0.05,7959,90,694302,87.22386934673366,11
0.05,7960,92,694394,87.22446928777792,9
0.05,7961,92,694486,87.22506907812108,9
0.05,7962,96,694582,87.22617104106493,6
0.05,7963,94,694676,87.22702159718735,7
0.05,7964,95,694771,87.22799748901444,7
0.05,7965,96,694867,87.22909866934471,6
0.05,7966,94,694961,87.22994853771809,8
0.05,7967,92,695053,87.23054718875503,9
0.05,7968,95,695148,87.23152214832476,6
0.05,7969,94,695242,87.23237139272271,7
0.05,7970,94,695336,87.23322042403713,7
0.05,7971,92,695428,87.23381836427497,9
0.05,7972,95,695523,87.23479242443246,6
0.05,7973,96,695619,87.23589164785552,6
0.05,7974,94,695713,87.23673981191223,8
0.05,7975,95,695808,87.23771313941826,6
0.05,7976,94,695902,87.23856086247963,7
0.05,7977,94,695996,87.23940837302582,7
0.05,7978,26,696022,87.23173329991226,6
0.05,7979,94,696116,87.23258145363408,7
0.05,7980,94,696210,87.23342939481267,9
0.05,7981,-45,696165,87.21686294161864,8
0.05,7982,91,696256,87.21733684078667,10
0.05,7983,95,696351,87.21831162324649,6
0.05,7984,93,696444,87.21903569192236,8
0.05,7985,94,696538,87.21988479839719,7
0.05,7986,95,696633,87.22085889570552,7
0.05,7987,94,696727,87.22170756134201,7
0.05,7988,25,696752,87.21391913881587,7
0.05,7989,94,696846,87.21476846057573,7
0.05,7990,92,696938,87.21536728819922,10
0.05,7991,94,697032,87.21621621621621,7
0.05,7992,94,697126,87.21706493181534,7
0.05,7993,90,697216,87.21741305979485,11
0.05,7994,24,697240,87.20950594121325,8
0.05,7995,96,697336,87.21060530265133,6
0.05,7996,23,697359,87.20257596598725,9
0.05,7997,95,697454,87.20355088772193,6
0.05,7998,90,697544,87.20390048756094,11
0.05,7999,95,697639,87.204875,6
0.05,8000,94,697733,87.20572428446444,7
0.05,8001,96,697829,87.20682329417646,6
0.05,8002,94,697923,87.2076721229539,7
0.05,8003,94,698017,87.20852073963019,7
0.05,8004,94,698111,87.20936914428482,7
0.05,8005,95,698206,87.21034224331751,6
0.05,8006,94,698300,87.2111902085675,7
0.05,8007,94,698394,87.21203796203797,7
0.05,8008,94,698488,87.21288550380821,7
0.05,8009,24,698512,87.20499375780274,8
0.05,8010,27,698539,87.19747846710773,6
0.05,8011,94,698633,87.1983275087369,7
0.05,8012,89,698722,87.1985523524273,12
0.05,8013,95,698817,87.19952582979785,6
0.05,8014,96,698913,87.20062383031815,6
0.05,8015,92,699005,87.20122255489022,9
0.05,8016,95,699100,87.20219533491331,7
0.05,8017,95,699195,87.20316787228735,6
0.05,8018,90,699285,87.2035166479611,11
0.05,8019,95,699380,87.20448877805487,6
0.05,8020,93,699473,87.20521132028425,9
0.05,8021,25,699498,87.19745699326852,9
0.05,8022,95,699593,87.19842951514396,6
0.05,8023,94,699687,87.19927716849452,7
0.05,8024,95,699782,87.2002492211838,6
0.05,8025,95,699877,87.20122103164715,6
0.05,8026,92,699969,87.20181886134297,9
0.05,8027,94,700063,87.20266567015446,7
0.05,8028,88,700151,87.20276497695852,13
0.05,8029,-46,700105,87.18617683686176,9
0.05,8030,94,700199,87.18702527705143,8
0.05,8031,96,700295,87.18812250996017,6
0.05,8032,94,700389,87.1889704967011,7
0.05,8033,93,700482,87.18969380134429,8
0.05,8034,94,700576,87.19054138145613,7
0.05,8035,94,700670,87.1913887506222,7
0.05,8036,96,700766,87.19248475799428,6
0.05,8037,96,700862,87.19358049265986,6
0.05,8038,95,700957,87.19455156113945,6
0.05,8039,95,701052,87.1955223880597,6
0.05,8040,95,701147,87.19649297351076,6
0.05,8041,94,701241,87.19733897040537,7
0.05,8042,96,701337,87.19843342036553,6
0.05,8043,23,701360,87.19045251118847,9
0.05,8044,96,701456,87.19154754505904,6
0.05,8045,94,701550,87.19239373601789,7
0.05,8046,95,701645,87.19336398657885,6
0.05,8047,94,701739,87.1942097415507,7
0.05,8048,94,701833,87.19505528637097,7
0.05,8049,95,701928,87.1960248447205,7
0.05,8050,94,702022,87.19686995404298,7
0.05,8051,92,702114,87.19746646795826,9
0.05,8052,95,702209,87.19843536570222,6
0.05,8053,96,702305,87.19952818475292,6
0.05,8054,91,702396,87.2,10
0.05,8055,96,702492,87.20109235352533,6
0.05,8056,95,702587,87.20206032021845,6
0.05,8057,90,702677,87.2024075452966,11
0.05,8058,93,702770,87.20312693882616,8
0.05,8059,92,702862,87.20372208436724,9
0.05,8060,93,702955,87.20444113633545,9
0.05,8061,96,703051,87.20553212602331,6
0.05,8062,95,703146,87.2064988217785,6
0.05,8063,94,703240,87.20734126984127,7
0.05,8064,94,703334,87.20818350898946,7
0.05,8065,95,703429,87.20914951648896,6
0.05,8066,93,703522,87.20986736085285,8
0.05,8067,91,703613,87.21033713435796,10
0.05,8068,96,703709,87.21142644689553,6
0.05,8069,96,703805,87.21251548946717,6
0.05,8070,94,703899,87.21335646140503,7
0.05,8071,93,703992,87.21407333994054,8
0.05,8072,94,704086,87.21491391056608,7
0.05,8073,93,704179,87.2156304186277,9
0.05,8074,27,704206,87.208173374613,6
0.05,8075,94,704300,87.20901436354632,7
0.05,8076,95,704395,87.20997895258141,7
0.05,8077,93,704488,87.21069571676158,8
0.05,8078,94,704582,87.21153608119816,7
0.05,8079,94,704676,87.21237623762376,8
0.05,8080,94,704770,87.21321618611557,7
0.05,8081,92,704862,87.21380846325167,9
0.05,8082,94,704956,87.21464802672276,7
0.05,8083,95,705051,87.21561108362197,6
0.05,8084,96,705147,87.21669758812617,6
0.05,8085,93,705240,87.21741281226812,8
0.05,8086,93,705333,87.21812785952764,8
0.05,8087,94,705427,87.21896636993077,7
0.05,8088,94,705521,87.21980467301273,7
0.05,8089,94,705615,87.22064276885044,7
0.05,8090,20,705635,87.21233469286862,13
0.05,8091,94,705729,87.213173504696,7
0.05,8092,90,705819,87.21351785493637,11
0.05,8093,94,705913,87.2143563133185,7
0.05,8094,94,706007,87.21519456454601,8
0.05,8095,96,706103,87.21627964426878,6
0.05,8096,96,706199,87.21736445597135,6
0.05,8097,94,706293,87.2182020251914,7
0.05,8098,95,706388,87.2191628596123,8
0.05,8099,92,706480,87.21975308641976,9
0.05,8100,94,706574,87.22059005061104,8
0.05,8101,93,706667,87.22130338188101,8
0.05,8102,92,706759,87.22189312600271,9
0.05,8103,95,706854,87.22285291214216,6
0.05,8104,96,706950,87.22393584207279,6
0.05,8105,95,707045,87.22489513940292,8
0.05,8106,94,707139,87.22573084988282,7
0.05,8107,95,707234,87.22668968919585,7
0.05,8108,94,707328,87.22752497225305,8
0.05,8109,92,707420,87.22811344019729,9
0.05,8110,27,707447,87.22068795462951,6
0.05,8111,89,707536,87.22090729783038,13
0.05,8112,95,707631,87.22186614076175,6
0.05,8113,24,707655,87.21407443924082,9
0.05,8114,92,707747,87.21466420209488,9
0.05,8115,93,707840,87.2153770330212,8
0.05,8116,94,707934,87.21621288653444,7
0.05,8117,94,708028,87.2170485341217,7
0.05,8118,96,708124,87.21813031161473,6
0.05,8119,95,708219,87.21908866995074,6
0.05,8120,89,708308,87.21930796699914,13
0.05,8121,94,708402,87.22014282196503,7
0.05,8122,91,708493,87.22060814969839,10
0.05,8123,93,708586,87.22131954702117,8
0.05,8124,94,708680,87.22215384615384,7
0.05,8125,96,708776,87.22323406349987,6
0.05,8126,92,708868,87.22382182847299,9
0.05,8127,95,708963,87.22477854330708,6
0.05,8128,95,709058,87.22573502275803,6
0.05,8129,94,709152,87.22656826568266,7
0.05,8130,93,709245,87.22727831755012,8
0.05,8131,22,709267,87.21925725528776,10
0.05,8132,93,709360,87.2199680314767,9
0.05,8133,96,709456,87.22104745512662,6
0.05,8134,26,709482,87.21352181929933,8
0.05,8135,93,709575,87.21423303834808,9
0.05,8136,94,709669,87.21506697800172,8
0.05,8137,94,709763,87.21590071270582,7
0.05,8138,93,709856,87.21661137731908,8
0.05,8139,96,709952,87.21769041769042,6
0.05,8140,94,710046,87.21852352290874,7
0.05,8141,94,710140,87.21935642348318,7
0.05,8142,93,710233,87.22006631462605,9
0.05,8143,94,710327,87.22089882121807,7
0.05,8144,94,710421,87.22173112338858,7
0.05,8145,94,710515,87.22256322121287,8
0.05,8146,92,710607,87.22314962562906,9
0.05,8147,96,710703,87.22422680412372,6
0.05,8148,94,710797,87.22505828936066,7
0.05,8149,92,710889,87.22564417177914,9
0.05,8150,93,710982,87.22635259477364,8
0.05,8151,96,711078,87.2274288518155,6
0.05,8152,94,711172,87.22825953636698,7
0.05,8153,92,711264,87.22884473877852,9
0.05,8154,95,711359,87.22979767014101,6
0.05,8155,26,711385,87.22229033840118,6
0.05,8156,93,711478,87.222998651465,9
0.05,8157,25,711503,87.2153714145624,7
0.05,8158,94,711597,87.21620296604976,7
0.05,8159,26,711623,87.20870098039215,6
0.05,8160,96,711719,87.20977821345423,6
0.05,8161,91,711810,87.21024258760107,10
0.05,8162,94,711904,87.2110743599167,7
0.05,8163,93,711997,87.21178343949045,8
0.05,8164,94,712091,87.21261481935089,7
0.05,8165,94,712185,87.21344599559147,7
0.05,8166,21,712206,87.20533855760989,11
0.05,8167,93,712299,87.20604799216454,8
0.05,8168,96,712395,87.20712449504224,6
0.05,8169,94,712489,87.2079559363525,7
0.05,8170,95,712584,87.20890955819361,6
0.05,8171,95,712679,87.20986294664709,6
0.05,8172,95,712774,87.2108161017986,8
0.05,8173,94,712868,87.21164668460973,8
0.05,8174,95,712963,87.2125993883792,6
0.05,8175,94,713057,87.21342954990216,7
0.05,8176,94,713151,87.21425950837715,8
0.05,8177,25,713176,87.20665199315236,7
0.05,8178,91,713267,87.20711578432571,10
0.05,8179,94,713361,87.20794621026894,7
0.05,8180,27,713388,87.2005867253392,6
0.05,8181,94,713482,87.2014177462723,7
0.05,8182,95,713577,87.20237076866675,6
0.05,8183,96,713673,87.20344574780059,6
0.05,8184,96,713769,87.2045204642639,6
0.05,8185,93,713862,87.20522843879795,8
0.05,8186,94,713956,87.2060583852449,7
0.05,8187,27,713983,87.19870542256962,6
0.05,8188,90,714073,87.19904750274759,12
0.05,8189,86,714159,87.1989010989011,15
0.05,8190,95,714254,87.19985349774143,6
0.05,8191,-46,714208,87.18359375,9
0.05,8192,93,714301,87.18430367386793,8
0.05,8193,94,714395,87.18513546497437,7
0.05,8194,90,714485,87.18547895057962,11
0.05,8195,87,714572,87.18545632015618,14
0.05,8196,93,714665,87.1861656703672,8
0.05,8197,95,714760,87.18711880946573,6
0.05,8198,91,714851,87.18758385168923,11
0.05,8199,93,714944,87.18829268292683,8
0.05,8200,95,715039,87.18924521399829,7
0.05,8201,92,715131,87.18983174835407,9
0.05,8202,94,715225,87.19066195294404,7
0.05,8203,93,715318,87.19137006338372,8
0.05,8204,92,715410,87.19195612431444,9
0.05,8205,94,715504,87.1927857665123,7
0.05,8206,94,715598,87.193615206531,7
0.05,8207,96,715694,87.19468810916179,6
0.05,8208,-120,715574,87.16944816664636,14
0.05,8209,94,715668,87.17028014616322,7
0.05,8210,95,715763,87.17123371087565,6
0.05,8211,95,715858,87.17218704335119,8
0.05,8212,95,715953,87.17314014367466,8
0.05,8213,94,716047,87.17397126856586,7
0.05,8214,92,716139,87.17455873402312,9
0.05,8215,93,716232,87.17526777020448,8
0.05,8216,95,716327,87.17622003164172,6
0.05,8217,94,716421,87.17705037722074,7
0.05,8218,94,716515,87.17788052074462,7
0.05,8219,93,716608,87.17858880778589,8
0.05,8220,26,716634,87.17114706240116,6
0.05,8221,94,716728,87.17197762101678,7
0.05,8222,95,716823,87.1729295877417,7
0.05,8223,93,716916,87.17363813229572,8
0.05,8224,25,716941,87.16607902735562,8
0.05,8225,96,717037,87.16715292973498,6
0.05,8226,94,717131,87.16798346906528,8
0.05,8227,94,717225,87.16881380651434,7
0.05,8228,92,717317,87.16940089925872,10
0.05,8229,87,717404,87.16938031591738,14
0.05,8230,93,717497,87.17008868910217,8
0.05,8231,96,717593,87.17116132167152,6
0.05,8232,26,717619,87.16373132515487,6
0.05,8233,96,717715,87.16480446927375,6
0.05,8234,94,717809,87.16563448694596,7
0.05,8235,95,717904,87.1665857212239,7
0.05,8236,93,717997,87.16729391768848,8
0.05,8237,95,718092,87.16824471959214,6
0.05,8238,93,718185,87.16895254278433,8
0.05,8239,95,718280,87.16990291262135,6
0.05,8240,96,718376,87.17097439631112,6
0.05,8241,92,718468,87.17156030089784,9
0.05,8242,96,718564,87.17263132354725,6
0.05,8243,95,718659,87.1735807860262,6
0.05,8244,94,718753,87.1744087325652,8
0.05,8245,93,718846,87.17511520737327,9
0.05,8246,94,718940,87.17594276706681,7
0.05,8247,91,719031,87.17640640155189,11
0.05,8248,94,719125,87.17723360407322,8
0.05,8249,96,719221,87.17830303030303,6
0.05,8250,96,719317,87.17937219730942,6
0.05,8251,94,719411,87.18019873969946,7
0.05,8252,94,719505,87.18102508178843,7
0.05,8253,92,719597,87.18160891688878,9
0.05,8254,95,719692,87.18255602665052,6
0.05,8255,91,719783,87.18301841085271,12
0.05,8256,94,719877,87.18384401114206,7
0.05,8257,90,719967,87.18418503269557,11
0.05,8258,94,720061,87.18501029180288,7
0.05,8259,96,720157,87.1860774818402,6
0.05,8260,94,720251,87.18690231206875,7
0.05,8261,92,720343,87.1874848704914,9
0.05,8262,96,720439,87.18855137359313,6
0.05,8263,95,720534,87.18949661181026,6
0.05,8264,94,720628,87.1903206291591,7
0.05,8265,94,720722,87.19114444713283,7
0.05,8266,95,720817,87.19208902866819,8
0.05,8267,90,720907,87.19242864054185,11
0.05,8268,94,721001,87.19325190470431,7
0.05,8269,95,721096,87.19419588875454,6
0.05,8270,94,721190,87.19501874017652,7
0.05,8271,24,721214,87.18737911025146,9
0.05,8272,25,721239,87.17986220234498,7
0.05,8273,93,721332,87.18056562726613,10
0.05,8274,94,721426,87.18138972809668,7
0.05,8275,94,721520,87.18221362977283,7
0.05,8276,95,721615,87.18315814908783,6
0.05,8277,96,721711,87.18422324232907,6
0.05,8278,96,721807,87.18528807827032,6
0.05,8279,94,721901,87.18611111111112,7
0.05,8280,93,721994,87.18681318681318,10
0.05,8281,94,722088,87.18763583675441,7
0.05,8282,96,722184,87.18869974646867,6
0.05,8283,-46,722138,87.17262192177692,9
0.05,8284,94,722232,87.173445986723,8
0.05,8285,92,722324,87.17402848177649,9
0.05,8286,92,722416,87.17461083624954,9
0.05,8287,96,722512,87.17567567567568,6
0.05,8288,94,722606,87.17649897454457,7
0.05,8289,24,722630,87.16887816646562,8
0.05,8290,95,722725,87.1698226993125,7
0.05,8291,95,722820,87.17076700434153,6
0.05,8292,94,722914,87.17159049801037,7
0.05,8293,95,723009,87.17253436218954,6
0.05,8294,94,723103,87.17335744424352,7
0.05,8295,94,723197,87.17418032786885,7
0.05,8296,94,723291,87.17500301313729,7
0.05,8297,95,723386,87.175946011087,6
0.05,8298,94,723480,87.17676828533558,7
0.05,8299,96,723576,87.1778313253012,6
0.05,8300,92,723668,87.17841223948922,10
0.05,8301,95,723763,87.17935437244037,6
0.05,8302,94,723857,87.18017584005781,7
0.05,8303,95,723952,87.18111753371869,8
0.05,8304,95,724047,87.18205900060205,8
0.05,8305,27,724074,87.17481338791235,6
0.05,8306,95,724169,87.17575538702299,6
0.05,8307,94,724263,87.1765767934521,7
0.05,8308,96,724359,87.17763870501865,6
0.05,8309,26,724385,87.17027677496992,6
0.05,8310,94,724479,87.17109854409819,7
0.05,8311,92,724571,87.17167949951877,9
0.05,8312,95,724666,87.17262119571755,6
0.05,8313,93,724759,87.17332210728891,8
0.05,8314,93,724852,87.17402285027059,8
0.05,8315,96,724948,87.17508417508418,6
0.05,8316,94,725042,87.17590477335578,7
0.05,8317,91,725133,87.17636451069968,11
0.05,8318,93,725226,87.17706455102777,8
0.05,8319,90,725316,87.17740384615385,11
0.05,8320,93,725409,87.17810359331811,8
0.05,8321,96,725505,87.1791636625811,6
0.05,8322,92,725597,87.17974288117266,9
0.05,8323,93,725690,87.18044209514656,8
0.05,8324,96,725786,87.1815015015015,6
0.05,8325,93,725879,87.18220033629594,8
0.05,8326,93,725972,87.18289900324247,8
0.05,8327,94,726066,87.18371757925073,7
0.05,8328,95,726161,87.18465602113099,6
0.05,8329,92,726253,87.18523409363746,9
0.05,8330,92,726345,87.18581202736766,9
0.05,8331,93,726438,87.18650984157465,10
0.05,8332,94,726532,87.18732749309973,7
0.05,8333,94,726626,87.18814494840413,7
0.05,8334,95,726721,87.18908218356329,6
0.05,8335,95,726816,87.19001919385796,6
0.05,8336,93,726909,87.19071608492263,8
0.05,8337,94,727003,87.19153274166467,8
0.05,8338,95,727098,87.19246912099773,6
0.05,8339,96,727194,87.19352517985611,6
0.05,8340,95,727289,87.19446109579187,7
0.05,8341,94,727383,87.19527691201151,7
0.05,8342,94,727477,87.1960925326621,7
0.05,8343,92,727569,87.19666826462128,9
0.05,8344,92,727661,87.19724385859796,9
0.05,8345,96,727757,87.19829858614905,6
0.05,8346,93,727850,87.19899365041333,8
0.05,8347,91,727941,87.19944896981313,10
0.05,8348,94,728035,87.20026350461133,7
0.05,8349,91,728126,87.20071856287426,10
0.05,8350,95,728221,87.20165249670698,6
0.05,8351,92,728313,87.20222701149426,9
0.05,8352,90,728403,87.20256195378906,11
0.05,8353,96,728499,87.2036150347139,6
0.05,8354,92,728591,87.20418910831837,9
0.05,8355,93,728684,87.2048827190043,9
0.05,8356,93,728777,87.2055761636951,8
0.05,8357,93,728870,87.20626944245035,8
0.05,8358,90,728960,87.20660366072497,13
0.05,8359,94,729054,87.20741626794258,7
0.05,8360,91,729145,87.20786987202487,10
0.05,8361,92,729237,87.20844295623057,9
0.05,8362,94,729331,87.20925505201483,7
0.05,8363,95,729426,87.21018651362984,6
0.05,8364,92,729518,87.21075911536163,9
0.05,8365,92,729610,87.2113315802056,9
0.05,8366,92,729702,87.21190390821083,9
0.05,8367,94,729796,87.21271510516253,7
0.05,8368,92,729888,87.21328713107899,9
0.05,8369,94,729982,87.21409796893668,7
0.05,8370,92,730074,87.2146696929877,9
0.05,8371,90,730164,87.21500238891544,11
0.05,8372,91,730255,87.21545443688045,10
0.05,8373,96,730351,87.21650346310007,6
0.05,8374,96,730447,87.21755223880596,6
0.05,8375,92,730539,87.21812320916905,9
0.05,8376,96,730635,87.21917154112451,6
0.05,8377,90,730725,87.21950346144665,11
0.05,8378,93,730818,87.22019334049409,8
0.05,8379,95,730913,87.22112171837709,7
0.05,8380,92,731005,87.22169192220498,9
0.05,8381,95,731100,87.22261989978526,6
0.05,8382,91,731191,87.22307049982106,10
0.05,8383,92,731283,87.22364026717557,9
0.05,8384,96,731379,87.22468694096601,6
0.05,8385,26,731405,87.21738611972334,8
0.05,8386,88,731493,87.217479432455,14
0.05,8387,94,731587,87.21828803051979,7
0.05,8388,94,731681,87.2190964358088,8
0.05,8389,93,731774,87.21978545887961,8
0.05,8390,90,731864,87.22011679180073,11
0.05,8391,94,731958,87.22092469018112,7
0.05,8392,91,732049,87.22137495531992,10
0.05,8393,20,732069,87.2133666904932,12
0.05,8394,95,732164,87.21429422275163,7
0.05,8395,94,732258,87.21510242972845,7
0.05,8396,94,732352,87.21591044420626,7
0.05,8397,95,732447,87.21683734222434,6
0.05,8398,95,732542,87.21776401952613,6
0.05,8399,95,732637,87.21869047619047,6
0.05,8400,95,732732,87.21961671229616,6
0.05,8401,-48,732684,87.20352297072125,12
0.05,8402,94,732778,87.2043317862668,8
0.05,8403,94,732872,87.20514040932889,8
0.05,8404,27,732899,87.19797739440808,6
0.05,8405,94,732993,87.19878658101356,7
0.05,8406,96,733089,87.19983347210658,6
0.05,8407,95,733184,87.20076117982873,8
0.05,8408,95,733279,87.2016886669045,6
0.05,8409,92,733371,87.20225921521998,9
0.05,8410,94,733465,87.20306741172274,7
0.05,8411,93,733558,87.20375653827865,8
0.05,8412,94,733652,87.20456436467371,7
0.05,8413,93,733745,87.20525314951271,8
0.05,8414,94,733839,87.2060606060606,7
0.05,8415,95,733934,87.2069866920152,7
0.05,8416,94,734028,87.20779375074254,7
0.05,8417,94,734122,87.20860061772393,7
0.05,8418,87,734209,87.20857584036109,14
0.05,8419,94,734303,87.20938242280285,7
0.05,8420,95,734398,87.21030756442228,6
0.05,8421,95,734493,87.21123248634528,6
0.05,8422,94,734587,87.21203846610472,8
0.05,8423,93,734680,87.21272554605888,8
0.05,8424,95,734775,87.21364985163204,6
0.05,8425,93,734868,87.21433657726087,8
0.05,8426,95,734963,87.21526047229145,6
0.05,8427,93,735056,87.21594684385381,9
0.05,8428,92,735148,87.2165144145213,9
0.05,8429,96,735244,87.21755634638197,6
0.05,8430,95,735339,87.21847942118373,7
0.05,8431,95,735434,87.21940227703985,6
0.05,8432,95,735529,87.22032491402823,6
0.05,8433,93,735622,87.22101019682239,8
0.05,8434,95,735717,87.22193242442205,6
0.05,8435,92,735809,87.22249881460408,10
0.05,8436,94,735903,87.2233021216072,7
0.05,8437,95,735998,87.22422374970373,7
0.05,8438,94,736092,87.22502666192676,7
0.05,8439,95,736187,87.22594786729857,6
0.05,8440,95,736282,87.22686885440113,6
0.05,8441,95,736377,87.227789623312,6
0.05,8442,27,736404,87.2206561648703,6
0.05,8443,94,736498,87.22145902415916,7
0.05,8444,96,736594,87.22249851983422,6
0.05,8445,95,736689,87.22341937011603,6
0.05,8446,91,736780,87.2238664614656,10
0.05,8447,96,736876,87.2249053030303,6
0.05,8448,95,736971,87.2258255414842,6
0.05,8449,94,737065,87.22662721893491,8
0.05,8450,95,737160,87.22754703585375,6
0.05,8451,94,737254,87.22834831992428,7
0.05,8452,-50,737204,87.21211404235183,13
0.05,8453,92,737296,87.21268038798202,9
0.05,8454,95,737391,87.21360141927853,7
0.05,8455,94,737485,87.21440397350993,7
0.05,8456,94,737579,87.21520633794489,7
0.05,8457,93,737672,87.2158902813904,8
0.05,8458,94,737766,87.2166922804114,8
0.05,8459,88,737854,87.21678486997637,15
0.05,8460,93,737947,87.21746838435173,9
0.05,8461,90,738037,87.21779721106121,11
0.05,8462,96,738133,87.21883492851235,6
0.05,8463,94,738227,87.21963610586012,7
0.05,8464,94,738321,87.22043709391613,7
0.05,8465,93,738414,87.22111977321049,8
0.05,8466,94,738508,87.22192039683478,8
0.05,8467,96,738604,87.22295701464337,6
0.05,8468,93,738697,87.2236391545637,10
0.05,8469,94,738791,87.22443919716648,8
0.05,8470,96,738887,87.22547515051352,6
0.05,8471,23,738910,87.21789423984892,10
0.05,8472,96,739006,87.21893072111413,6
0.05,8473,93,739099,87.21961293367949,8
0.05,8474,95,739194,87.22053097345133,6
0.05,8475,93,739287,87.22121283624351,8
0.05,8476,95,739382,87.22213047068539,6
0.05,8477,95,739477,87.22304788865299,6
0.05,8478,94,739571,87.22384715178677,7
0.05,8479,94,739665,87.22464622641509,8
0.05,8480,96,739761,87.22568093385215,6
0.05,8481,95,739856,87.22659750058948,7
0.05,8482,96,739952,87.22763173405635,6
0.05,8483,91,740043,87.22807637906648,10
0.05,8484,96,740139,87.22911019446082,6
0.05,8485,90,740229,87.22943671930238,11
0.05,8486,92,740321,87.22999882172735,10
0.05,8487,92,740413,87.23056079170594,9
0.05,8488,93,740506,87.2312404287902,9
0.05,8489,94,740600,87.23203769140164,7
0.05,8490,94,740694,87.23283476622306,8
0.05,8491,96,740790,87.23386716910034,6
0.05,8492,95,740885,87.23478158483456,6
0.05,8493,91,740976,87.23522486461032,10
0.05,8494,94,741070,87.23602118893467,7
0.05,8495,94,741164,87.23681732580037,8
0.05,8496,26,741190,87.22961045074732,6
0.05,8497,95,741285,87.23052482937162,6
0.05,8498,93,741378,87.23120367102013,8
0.05,8499,94,741472,87.232,7
0.05,8500,25,741497,87.22467944947653,8
0.05,8501,94,741591,87.22547635850388,7
0.05,8502,94,741685,87.22627308008938,7
0.05,8503,96,741781,87.22730479774224,6
0.05,8504,91,741872,87.22774838330393,10
0.05,8505,94,741966,87.22854455678345,8
0.05,8506,94,742060,87.22934054308217,8
0.05,8507,92,742152,87.22990126939351,9
0.05,8508,96,742248,87.23093195440123,7
0.05,8509,95,742343,87.23184488836662,6
0.05,8510,93,742436,87.23252261778875,8
0.05,8511,94,742530,87.23331766917293,7
0.05,8512,94,742624,87.23411253377188,7
0.05,8513,94,742718,87.2349072116514,8
0.05,8514,92,742810,87.23546682325308,9
0.05,8515,94,742904,87.23626115547205,7
0.05,8516,92,742996,87.23682047669367,10
0.05,8517,90,743086,87.23714486968773,11
0.05,8518,96,743182,87.23817349454161,6
0.05,8519,93,743275,87.23884976525821,9
0.05,8520,94,743369,87.23964323436216,7
0.05,8521,93,743462,87.24031917390283,9
0.05,8522,92,743554,87.24087762524933,10
0.05,8523,88,743642,87.24096668230878,13
0.05,8524,93,743735,87.241642228739,10
0.05,8525,94,743829,87.24243490499649,7
0.05,8526,94,743923,87.24322739533247,7
0.05,8527,93,744016,87.2439024390244,8
0.05,8528,96,744112,87.2449290655411,6
0.05,8529,95,744207,87.24583821805393,6
0.05,8530,93,744300,87.24651271832141,8
0.05,8531,94,744394,87.24730426629161,7
0.05,8532,92,744486,87.24786124457987,9
0.05,8533,25,744511,87.24056714319194,7
0.05,8534,94,744605,87.24135910954891,7
0.05,8535,96,744701,87.24238519212746,6
0.05,8536,94,744795,87.24317675998594,7
0.05,8537,90,744885,87.24349964862965,11
0.05,8538,95,744980,87.24440801030566,8
0.05,8539,94,745074,87.24519906323185,7
0.05,8540,94,745168,87.24598993092144,8
0.05,8541,94,745262,87.24678061343947,7
0.05,8542,95,745357,87.24768816574974,6
0.05,8543,92,745449,87.24824438202248,9
0.05,8544,95,745544,87.2491515506144,6
0.05,8545,95,745639,87.25005850690381,6
0.05,8546,94,745733,87.25084825084825,7
0.05,8547,93,745826,87.25152082358447,9
0.05,8548,91,745917,87.25195929348462,10
0.05,8549,90,746007,87.25228070175439,11
0.05,8550,92,746099,87.25283592562273,9
0.05,8551,94,746193,87.25362488306828,7
0.05,8552,94,746287,87.25441365602713,8
0.05,8553,94,746381,87.25520224456395,7
0.05,8554,95,746476,87.25610753945061,6
0.05,8555,93,746569,87.2567788686302,10
0.05,8556,92,746661,87.25733317751549,9
0.05,8557,94,746755,87.25812105632157,7
0.05,8558,92,746847,87.25867507886436,10
0.05,8559,94,746941,87.25946261682243,7
0.05,8560,26,746967,87.25230697348441,7
0.05,8561,93,747060,87.25297827610372,8
0.05,8562,95,747155,87.25388298493519,7
0.05,8563,91,747246,87.25432041102289,10
0.05,8564,94,747340,87.25510799766492,7
0.05,8565,26,747366,87.24795703945833,6
0.05,8566,20,747386,87.24010738881755,12
0.05,8567,23,747409,87.23260971055089,9
0.05,8568,95,747504,87.23351616291282,6
0.05,8569,95,747599,87.23442240373396,6
0.05,8570,93,747692,87.23509508808773,8
0.05,8571,90,747782,87.23541763882407,11
0.05,8572,96,747878,87.23643998600257,6
0.05,8573,95,747973,87.23734546302776,6
0.05,8574,93,748066,87.23801749271136,8
0.05,8575,94,748160,87.23880597014926,7
0.05,8576,94,748254,87.23959426372858,7
0.05,8577,93,748347,87.2402657962229,8
0.05,8578,93,748440,87.24093717216459,8
0.05,8579,94,748534,87.24172494172494,7
0.05,8580,96,748630,87.24274560074583,6
0.05,8581,93,748723,87.24341645304125,8
0.05,8582,95,748818,87.24432016777351,6
0.05,8583,90,748908,87.24464119291706,11
0.05,8584,95,749003,87.24554455445545,6
0.05,8585,95,749098,87.2464477055672,6
0.05,8586,95,749193,87.24735064632584,6
0.05,8587,26,749219,87.24021891010713,7
0.05,8588,95,749314,87.24112236581674,7
0.05,8589,23,749337,87.2336437718277,9
0.05,8590,94,749431,87.2344313816785,8
0.05,8591,93,749524,87.2351024208566,9
0.05,8592,95,749619,87.23600605143722,6
0.05,8593,94,749713,87.23679311147312,7
0.05,8594,95,749808,87.23769633507854,6
0.05,8595,92,749900,87.23825034899953,9
0.05,8596,94,749994,87.2390368733279,7
0.05,8597,93,750087,87.23970690858339,8
0.05,8598,96,750183,87.24072566577509,6
0.05,8599,26,750209,87.23360465116279,6
0.05,8600,93,750302,87.23427508429252,8
0.05,8601,96,750398,87.23529411764706,6
0.05,8602,26,750424,87.22817621759852,8
0.05,8603,93,750517,87.2288470478847,8
0.05,8604,94,750611,87.22963393375944,7
0.05,8605,95,750706,87.23053683476644,6
0.05,8606,95,750801,87.23143952596723,6
0.05,8607,92,750893,87.23199349442379,9
0.05,8608,93,750986,87.23266349169474,8
0.05,8609,90,751076,87.23298490127759,12
0.05,8610,92,751168,87.23353849727093,9
0.05,8611,92,751260,87.23409196470041,9
0.05,8612,96,751356,87.23510971786834,6
0.05,8613,90,751446,87.23543069421872,11
0.05,8614,91,751537,87.23586767266396,10
0.05,8615,95,751632,87.23676880222841,6
0.05,8616,90,751722,87.237089474295,11
0.05,8617,93,751815,87.23775818055233,8
0.05,8618,94,751909,87.23854275437986,7
0.05,8619,93,752002,87.23921113689096,8
0.05,8620,90,752092,87.23953137687043,11
0.05,8621,96,752188,87.24054743678961,6
0.05,8622,90,752278,87.24086744752407,11
0.05,8623,93,752371,87.24153525046383,10
0.05,8624,95,752466,87.2424347826087,8
0.05,8625,94,752560,87.2432181776026,7
0.05,8626,94,752654,87.24400139098181,7
0.05,8627,95,752749,87.2449003245248,7
0.05,8628,95,752844,87.24579904971607,6
0.05,8629,93,752937,87.24646581691773,8
0.05,8630,94,753031,87.24724829104392,7
0.05,8631,91,753122,87.24768303985171,10
0.05,8632,96,753218,87.24869686088266,6
0.05,8633,96,753314,87.24971044706973,6
0.05,8634,96,753410,87.2507237984945,6
0.05,8635,94,753504,87.25150532654007,7
0.05,8636,94,753598,87.25228667361353,7
0.05,8637,95,753693,87.25318360731652,6
0.05,8638,86,753779,87.25303854612802,15
0.05,8639,93,753872,87.2537037037037,8
0.05,8640,95,753967,87.25460016201828,6
0.05,8641,94,754061,87.25538069891229,8
0.05,8642,92,754153,87.25592965405531,9
0.05,8643,94,754247,87.2567098565479,7
0.05,8644,93,754340,87.25737420474263,8
0.05,8645,96,754436,87.25838538052278,6
0.05,8646,94,754530,87.25916502833353,7
0.05,8647,94,754624,87.25994449583719,7
0.05,8648,94,754718,87.26072378309631,7
0.05,8649,95,754813,87.26161849710982,6
0.05,8650,94,754907,87.26239741070397,7
0.05,8651,96,755003,87.26340730466944,6
0.05,8652,93,755096,87.2640702646481,9
0.05,8653,94,755190,87.26484862491334,7
0.05,8654,94,755284,87.26562680531485,7
0.05,8655,93,755377,87.26628927911275,8
0.05,8656,95,755472,87.26718262677602,6
0.05,8657,94,755566,87.26796026796026,7
0.05,8658,95,755661,87.26885321630674,6
0.05,8659,95,755756,87.26974595842957,6
0.05,8660,92,755848,87.27029211407459,10
0.05,8661,96,755944,87.27129993073193,6
0.05,8662,95,756039,87.27219208126515,7
0.05,8663,96,756135,87.27319944598338,6
0.05,8664,94,756229,87.27397576457011,7
0.05,8665,93,756322,87.27463651050081,8
0.05,8666,92,756414,87.27518172377985,9
0.05,8667,96,756510,87.27618827872635,6
0.05,8668,94,756604,87.27696389433613,7
0.05,8669,96,756700,87.27797001153402,6
0.05,8670,95,756795,87.27886056971514,6
0.05,8671,95,756890,87.27975092250922,6
0.05,8672,95,756985,87.28064106998731,6
0.05,8673,95,757080,87.28153101222043,6
0.05,8674,96,757176,87.28253602305476,6
0.05,8675,95,757271,87.2834255417243,6
0.05,8676,27,757298,87.2764780454074,6
0.05,8677,93,757391,87.27713758930629,8
0.05,8678,94,757485,87.27791220186657,8
0.05,8679,93,757578,87.27857142857142,8
0.05,8680,95,757673,87.27946089160235,7
0.05,8681,94,757767,87.28023496890117,7
0.05,8682,94,757861,87.2810088679028,7
0.05,8683,96,757957,87.28201289728236,6
0.05,8684,91,758048,87.282440990213,10
0.05,8685,95,758143,87.28332949574028,6
0.05,8686,93,758236,87.2839875676298,8
0.05,8687,93,758329,87.28464548802947,8
0.05,8688,92,758421,87.28518816894925,9
0.05,8689,91,758512,87.28561565017262,10
0.05,8690,91,758603,87.28604303302266,10
0.05,8691,94,758697,87.28681546249425,7
0.05,8692,96,758793,87.28781778442425,6
0.05,8693,-44,758749,87.27271681619507,8
0.05,8694,86,758835,87.2725704427832,15
0.05,8695,95,758930,87.27345906163754,6
0.05,8696,95,759025,87.2743474761412,8
0.05,8697,96,759121,87.27535065532307,6
0.05,8698,90,759211,87.27566386941028,11
0.05,8699,95,759306,87.27655172413793,6
0.05,8700,94,759400,87.27732444546604,7
0.05,8701,95,759495,87.27821190530912,6
0.05,8702,93,759588,87.27886935539469,8
0.05,8703,93,759681,87.27952665441177,8
0.05,8704,95,759776,87.28041355542791,6
0.05,8705,92,759868,87.28095566276131,9
0.05,8706,92,759960,87.28149764557253,9
0.05,8707,95,760055,87.28238401469913,6
0.05,8708,94,760149,87.28315535652773,7
0.05,8709,90,760239,87.28346727898966,11
0.05,8710,93,760332,87.2841235219837,9
0.05,8711,92,760424,87.28466483011938,9
0.05,8712,93,760517,87.28532078503386,8
0.05,8713,94,760611,87.28609134725728,8
0.05,8714,94,760705,87.28686173264487,7
0.05,8715,92,760797,87.28740247820102,9
0.05,8716,95,760892,87.2882872547895,6
0.05,8717,96,760988,87.28928653360863,6
0.05,8718,95,761083,87.29017089115725,7
0.05,8719,94,761177,87.29094036697248,7
0.05,8720,94,761271,87.29170966632267,7
0.05,8721,96,761367,87.29270809447374,6
0.05,8722,20,761387,87.28499369482977,12
0.05,8723,94,761481,87.28576341127923,7
0.05,8724,94,761575,87.2865329512894,7
0.05,8725,93,761668,87.28718771487509,8
0.05,8726,96,761764,87.28818608914862,6
0.05,8727,26,761790,87.28116406966086,7
0.05,8728,95,761885,87.28204834459846,7
0.05,8729,92,761977,87.28258877434135,9
0.05,8730,91,762068,87.28301454587104,12
0.05,8731,92,762160,87.28355474118186,9
0.05,8732,94,762254,87.28432382915379,7
0.05,8733,94,762348,87.28509274101214,7
0.05,8734,96,762444,87.28609044075559,6
0.05,8735,95,762539,87.28697344322345,6
0.05,8736,90,762629,87.28728396474763,11
0.05,8737,93,762722,87.28793774319067,8
0.05,8738,90,762812,87.28824808330472,11
0.05,8739,94,762906,87.28901601830664,7
0.05,8740,91,762997,87.28944056744079,10
0.05,8741,96,763093,87.29043697094487,6
0.05,8742,94,763187,87.29120439208509,7
0.05,8743,96,763283,87.29220036596523,6
0.05,8744,95,763378,87.29308176100629,8
0.05,8745,94,763472,87.2938486165104,7
0.05,8746,94,763566,87.29461529667314,7
0.05,8747,96,763662,87.29561042524006,6
0.05,8748,96,763758,87.296605326323,6
0.05,8749,94,763852,87.29737142857142,7
0.05,8750,95,763947,87.29825162838533,8
0.05,8751,94,764041,87.29901736745887,7
0.05,8752,95,764136,87.29989717811036,6
0.05,8753,96,764232,87.30089102124742,6
0.05,8754,92,764324,87.30142775556824,9
0.05,8755,94,764418,87.30219278209228,7
0.05,8756,91,764509,87.30261505081648,10
0.05,8757,95,764604,87.30349394839004,7
0.05,8758,94,764698,87.30425847699509,7
0.05,8759,95,764793,87.30513698630136,6
0.05,8760,94,764887,87.30590115283644,7
0.05,8761,93,764980,87.30655101574983,8
0.05,8762,94,765074,87.30731484651375,7
0.05,8763,94,765168,87.30807850296668,7
0.05,8764,96,765264,87.3090701654307,6
0.05,8765,96,765360,87.31006160164272,6
0.05,8766,94,765454,87.3108246834721,8
0.05,8767,94,765548,87.31158759124088,7
0.05,8768,96,765644,87.312578401186,6
0.05,8769,94,765738,87.3133409350057,8
0.05,8770,94,765832,87.31410329494926,8
0.05,8771,94,765926,87.31486548107615,8
0.05,8772,92,766018,87.31539952125841,9
0.05,8773,96,766114,87.31638933211762,6
0.05,8774,94,766208,87.317150997151,7
0.05,8775,91,766299,87.3175706472197,11
0.05,8776,94,766393,87.31833200410163,7
0.05,8777,92,766485,87.31886534518114,10
0.05,8778,94,766579,87.3196263811368,7
0.05,8779,94,766673,87.32038724373577,8
0.05,8780,94,766767,87.32114793303724,7
0.05,8781,94,766861,87.32190844910043,8
0.05,8782,96,766957,87.32289650461118,6
0.05,8783,95,767052,87.32377049180327,6
0.05,8784,23,767075,87.3164484917473,9
0.05,8785,92,767167,87.31698156157523,9
0.05,8786,95,767262,87.31785592352338,6
0.05,8787,96,767358,87.31884387801547,6
0.05,8788,95,767453,87.31971782910456,6
0.05,8789,95,767548,87.32059158134244,6
0.05,8790,95,767643,87.32146513479695,6
0.05,8791,95,767738,87.32233848953594,6
0.05,8792,92,767830,87.32287046514273,9
0.05,8793,93,767923,87.32351603365932,8
0.05,8794,92,768015,87.32404775440591,9
0.05,8795,92,768107,87.32457935425194,9
0.05,8796,94,768201,87.32533818347164,7
0.05,8797,91,768292,87.3257558536031,10
0.05,8798,94,768386,87.32651437663371,7
0.05,8799,96,768482,87.3275,6
0.05,8800,94,768576,87.32825815248268,7
0.05,8801,91,768667,87.32867530106795,10
0.05,8802,95,768762,87.32954674542769,6
0.05,8803,24,768786,87.32235347569286,10
0.05,8804,95,768881,87.32322544009085,6
0.05,8805,94,768975,87.32398364751306,7
0.05,8806,21,768996,87.31645282161917,11
0.05,8807,95,769091,87.31732515894642,6
0.05,8808,94,769185,87.31808377795437,7
0.05,8809,92,769277,87.31861520998865,9
0.05,8810,96,769373,87.31960049937578,6
0.05,8811,96,769469,87.32058556513844,6
0.05,8812,93,769562,87.3212300011347,8
0.05,8813,93,769655,87.32187429090084,8
0.05,8814,94,769749,87.32263187748157,7
0.05,8815,96,769845,87.32361615245009,6
0.05,8816,94,769939,87.32437336962685,7
0.05,8817,-45,769894,87.3093672034475,8
0.05,8818,92,769986,87.30989908152851,9
0.05,8819,96,770082,87.3108843537415,6
0.05,8820,95,770177,87.31175603673053,6
0.05,8821,96,770273,87.31274087508501,6
0.05,8822,94,770367,87.31349880992859,8
0.05,8823,94,770461,87.31425657298277,7
0.05,8824,94,770555,87.31501416430595,7
0.05,8825,90,770645,87.31531837752097,11
0.05,8826,94,770739,87.31607567690043,8
0.05,8827,93,770832,87.31671952877208,8
0.05,8828,93,770925,87.31736323479443,9
0.05,8829,95,771020,87.31823329558324,6
0.05,8830,93,771113,87.3188766844072,8
0.05,8831,94,771207,87.3196331521739,7
0.05,8832,93,771300,87.32027623683912,8
0.05,8833,95,771395,87.32114557391895,7
0.05,8834,95,771490,87.32201471420487,6
0.05,8835,94,771584,87.32277048438208,8
0.05,8836,95,771679,87.32363924408736,7
0.05,8837,94,771773,87.32439465942521,7
0.05,8838,94,771867,87.32514990383528,7
0.05,8839,92,771959,87.32567873303168,9
0.05,8840,88,772047,87.32575500508992,14
0.05,8841,93,772140,87.32639674281836,8
0.05,8842,94,772234,87.32715141920163,8
0.05,8843,94,772328,87.32790592492086,7
0.05,8844,94,772422,87.32866026003391,7
0.05,8845,27,772449,87.3218403798327,6
0.05,8846,94,772543,87.32259523002148,7
0.05,8847,95,772638,87.32346292947558,6
0.05,8848,96,772734,87.32444343993672,6
0.05,8849,25,772759,87.3174011299435,7
0.05,8850,94,772853,87.31815614054909,7
0.05,8851,95,772948,87.31902394938997,6
0.05,8852,95,773043,87.3198915621823,7
0.05,8853,95,773138,87.32075897899254,6
0.05,8854,94,773232,87.32151326933936,7
0.05,8855,94,773326,87.32226738934057,7
0.05,8856,93,773419,87.322908434007,8
0.05,8857,95,773514,87.32377511853691,6
0.05,8858,94,773608,87.3245287278474,7
0.05,8859,91,773699,87.32494356659143,10
0.05,8860,95,773794,87.32580972802167,6
0.05,8861,95,773889,87.32667569397427,6
0.05,8862,95,773984,87.3275414645154,6
0.05,8863,27,774011,87.32073555956678,6
0.05,8864,92,774103,87.32126339537507,9
0.05,8865,94,774197,87.32201669298443,7
0.05,8866,93,774290,87.32265704296832,8
0.05,8867,94,774384,87.3234100135318,7
0.05,8868,95,774479,87.32427556658023,7
0.05,8869,93,774572,87.32491544532131,10
0.05,8870,94,774666,87.32566790666216,8
0.05,8871,22,774688,87.31830477908025,10
0.05,8872,21,774709,87.31083060971487,11
0.05,8873,26,774735,87.30392156862744,6
0.05,8874,94,774829,87.30467605633802,7
0.05,8875,95,774924,87.30554303740423,7
0.05,8876,92,775016,87.30607187112763,10
0.05,8877,95,775111,87.30693849966208,6
0.05,8878,96,775207,87.30791755828359,6
0.05,8879,94,775301,87.30867117117117,7
0.05,8880,95,775396,87.30953721427767,6
0.05,8881,91,775487,87.30995271335284,10
0.05,8882,94,775581,87.31070584262073,8
0.05,8883,96,775677,87.31168392615939,6
0.05,8884,94,775771,87.31243669105234,7
0.05,8885,94,775865,87.31318928651812,7
0.05,8886,94,775959,87.31394171261393,7
0.05,8887,93,776052,87.31458145814581,8
0.05,8888,90,776142,87.31488356395545,11
0.05,8889,94,776236,87.3156355455568,7
0.05,8890,95,776331,87.31649983129007,6
0.05,8891,94,776425,87.3172514619883,7
0.05,8892,93,776518,87.317890475655,8
0.05,8893,95,776613,87.31875421632562,6
0.05,8894,88,776701,87.31883080382237,13
0.05,8895,94,776795,87.31958183453237,7
0.05,8896,92,776887,87.32010790153984,9
0.05,8897,95,776982,87.32097100472016,6
0.05,8898,23,777005,87.31374311720418,10
0.05,8899,96,777101,87.3147191011236,6
0.05,8900,92,777193,87.31524547803618,9
0.05,8901,89,777282,87.31543473376769,13
0.05,8902,92,777374,87.31596091205212,9
0.05,8903,92,777466,87.31648697214735,9
0.05,8904,25,777491,87.30948905109489,7
0.05,8905,95,777586,87.31035257130024,6
0.05,8906,94,777680,87.31110362636129,7
0.05,8907,95,777775,87.3119667714414,6
0.05,8908,94,777869,87.31271747670894,7
0.05,8909,94,777963,87.31346801346801,7
0.05,8910,96,778059,87.3144428234766,6
0.05,8911,93,778152,87.31508078994614,8
0.05,8912,95,778247,87.31594300460002,6
0.05,8913,94,778341,87.31669284271932,7
0.05,8914,95,778436,87.31755468311835,6
0.05,8915,25,778461,87.31056527590847,8
0.05,8916,25,778486,87.30357743635751,7
0.05,8917,93,778579,87.30421619197129,8
0.05,8918,94,778673,87.30496692454311,9
0.05,8919,94,778767,87.30571748878924,8
0.05,8920,92,778859,87.30624369465306,9
0.05,8921,93,778952,87.30688186505267,8
0.05,8922,94,779046,87.3076319623445,7
0.05,8923,92,779138,87.30815777678171,9
0.05,8924,94,779232,87.30890756302522,7
0.05,8925,96,779328,87.30988124579879,6
0.05,8926,96,779424,87.31085471042904,6
0.05,8927,94,779518,87.31160394265233,8
0.05,8928,93,779611,87.3122410124314,8
0.05,8929,94,779705,87.31298992161254,7
0.05,8930,94,779799,87.31373866308364,7
0.05,8931,94,779893,87.31448723690103,7
0.05,8932,96,779989,87.3154595320721,6
0.05,8933,96,780085,87.31643160958137,6
0.05,8934,95,780180,87.31729155008394,6
0.05,8935,93,780273,87.31792748433304,9
0.05,8936,93,780366,87.3185632762672,8
0.05,8937,94,780460,87.31931080778698,9
0.05,8938,90,780550,87.31961069470859,11
0.05,8939,23,780573,87.31241610738255,9
0.05,8940,93,780666,87.31305223129404,9
0.05,8941,94,780760,87.31380004473272,8
0.05,8942,93,780853,87.31443587163145,8
0.05,8943,92,780945,87.31495974955277,9
0.05,8944,96,781041,87.31593068753493,6
0.05,8945,94,781135,87.31667784484686,7
0.05,8946,96,781231,87.31764837375657,6
0.05,8947,96,781327,87.31861868573984,6
0.05,8948,96,781423,87.31958878086937,6
0.05,8949,96,781519,87.32055865921788,6
0.05,8950,94,781613,87.32130488213608,7
0.05,8951,91,781704,87.32171581769437,10
0.05,8952,90,781794,87.32201496705015,11
0.05,8953,94,781888,87.32276077730623,9
0.05,8954,91,781979,87.32317141261865,11
0.05,8955,95,782074,87.32402858418936,6
0.05,8956,96,782170,87.3249972088869,6
0.05,8957,94,782264,87.32574235320384,7
0.05,8958,96,782360,87.32671057037616,6
0.05,8959,95,782455,87.32756696428571,6
0.05,8960,95,782550,87.32842316705725,6
0.05,8961,91,782641,87.32883284981031,11
0.05,8962,94,782735,87.32957715050765,8
0.05,8963,96,782831,87.3305443998215,6
0.05,8964,90,782921,87.330842163971,11
0.05,8965,94,783015,87.33158599152354,7
0.05,8966,89,783104,87.33177205308353,12
0.05,8967,94,783198,87.33251561106155,8
0.05,8968,92,783290,87.33303601293343,9
0.05,8969,94,783384,87.33377926421404,7
0.05,8970,93,783477,87.33441087950061,8
0.05,8971,96,783573,87.33537672759697,6
0.05,8972,94,783667,87.33611946951967,7
0.05,8973,93,783760,87.33675061288166,8
0.05,8974,94,783854,87.3374930362117,8
0.05,8975,94,783948,87.33823529411765,7
0.05,8976,93,784041,87.33886599086554,8
0.05,8977,96,784137,87.33983069725997,6
0.05,8978,23,784160,87.33266510747299,9
0.05,8979,94,784254,87.33340757238307,8
0.05,8980,93,784347,87.33403852577663,8
0.05,8981,94,784441,87.33478067245602,7
0.05,8982,92,784533,87.33530001113213,10
0.05,8983,94,784627,87.33604185218165,7
0.05,8984,94,784721,87.33678352810239,7
0.05,8985,93,784814,87.33741375472958,8
0.05,8986,92,784906,87.33793256926671,9
0.05,8987,95,785001,87.33878504672897,7
0.05,8988,95,785096,87.33963733451996,6
0.05,8989,25,785121,87.33270300333704,7
0.05,8990,92,785213,87.33322211099988,10
0.05,8991,94,785307,87.33396352313167,7
0.05,8992,22,785329,87.32669854331147,10
0.05,8993,94,785423,87.32744051589948,7
0.05,8994,95,785518,87.32829349638688,6
0.05,8995,92,785610,87.32881280569141,9
0.05,8996,92,785702,87.32933199955541,10
0.05,8997,90,785792,87.32962880640142,11
0.05,8998,96,785888,87.33059228803201,6
0.05,8999,94,785982,87.33133333333333,7
0.05,9000,93,786075,87.33196311520942,8
0.05,9001,90,786165,87.33225949788935,11
0.05,9002,94,786259,87.33300011107409,7
0.05,9003,96,786355,87.33396268325188,6
0.05,9004,91,786446,87.33436979455858,10
0.05,9005,25,786471,87.32744836775483,7
0.05,9006,94,786565,87.32818918618852,8
0.05,9007,-45,786520,87.31349911190053,10
0.05,9008,95,786615,87.31435231435232,6
0.05,9009,95,786710,87.31520532741398,6
0.05,9010,23,786733,87.30806791699034,9
0.05,9011,93,786826,87.3086995117621,8
0.05,9012,94,786920,87.30944191723067,7
0.05,9013,96,787016,87.31040603505657,6
0.05,9014,95,787111,87.31125901275652,6
0.05,9015,93,787204,87.31188997338066,8
0.05,9016,96,787300,87.31285349894644,6
0.05,9017,96,787396,87.3138168108228,6
0.05,9018,25,787421,87.30690763942788,7
0.05,9019,96,787517,87.30787139689579,6
0.05,9020,94,787611,87.30861323578317,7
0.05,9021,89,787700,87.30880070937708,12
0.05,9022,95,787795,87.30965310872216,7
0.05,9023,94,787889,87.31039450354609,7
0.05,9024,96,787985,87.31135734072022,6
0.05,9025,95,788080,87.31220917349879,6
0.05,9026,96,788176,87.31317159632215,6
0.05,9027,93,788269,87.31380150642445,10
0.05,9028,95,788364,87.31465278546905,7
0.05,9029,95,788459,87.31550387596899,6
0.05,9030,90,788549,87.31580112944303,11
0.05,9031,95,788644,87.31665190434012,6
0.05,9032,25,788669,87.30975312742167,8
0.05,9033,93,788762,87.31038299756476,8
0.05,9034,90,788852,87.31068068622025,11
0.05,9035,95,788947,87.31153165117308,6
0.05,9036,95,789042,87.31238242779683,6
0.05,9037,92,789134,87.31290108431068,10
0.05,9038,92,789226,87.31341962606483,9
0.05,9039,93,789319,87.31404867256637,8
0.05,9040,91,789410,87.3144563654463,10
0.05,9041,95,789505,87.31530634815306,6
0.05,9042,94,789599,87.31604556010174,7
0.05,9043,90,789689,87.31634232640424,11
0.05,9044,93,789782,87.31697070204532,8
0.05,9045,94,789876,87.31770948485519,7
0.05,9046,91,789967,87.31811650270808,10
0.05,9047,94,790061,87.31885499557913,7
0.05,9048,94,790155,87.3195933252293,7
0.05,9049,96,790251,87.32055248618785,6
0.05,9050,95,790346,87.32140095017125,7
0.05,9051,93,790439,87.32202828104286,9
0.05,9052,94,790533,87.32276593394455,7
0.05,9053,94,790627,87.32350342390104,7
0.05,9054,92,790719,87.32401987852016,9
0.05,9055,94,790813,87.32475706713781,7
0.05,9056,96,790909,87.32571491663906,6
0.05,9057,94,791003,87.32645175535438,7
0.05,9058,96,791099,87.32740920631416,6
0.05,9059,93,791192,87.3280353200883,9
0.05,9060,89,791281,87.3282198432844,12
0.05,9061,94,791375,87.32895608033547,7
0.05,9062,96,791471,87.32991283239545,6
0.05,9063,96,791567,87.3308693733451,6
0.05,9064,95,791662,87.33171538885824,8
0.05,9065,94,791756,87.33245091550849,7
0.05,9066,93,791849,87.33307598985331,8
0.05,9067,95,791944,87.33392148213498,7
0.05,9068,93,792037,87.3345462564781,8
0.05,9069,92,792129,87.33506063947078,10
0.05,9070,90,792219,87.33535442619336,11
0.05,9071,92,792311,87.33586860670194,9
0.05,9072,95,792406,87.33671332525074,6
0.05,9073,93,792499,87.33733744765263,8
0.05,9074,95,792594,87.33818181818182,6
0.05,9075,90,792684,87.33847509916262,11
0.05,9076,92,792776,87.33898865263853,9
0.05,9077,87,792863,87.33895131086142,14
0.05,9078,92,792955,87.33946469875536,9
0.05,9079,92,793047,87.33997797356828,9
0.05,9080,92,793139,87.34049113533752,9
0.05,9081,93,793232,87.34111429200617,8
0.05,9082,94,793326,87.3418474072443,7
0.05,9083,92,793418,87.34236019374725,9
0.05,9084,93,793511,87.3429829389103,9
0.05,9085,94,793605,87.34371560642747,7
0.05,9086,92,793697,87.34422801804776,9
0.05,9087,21,793718,87.33692781690141,12
0.05,9088,93,793811,87.337550885686,8
0.05,9089,25,793836,87.33069306930693,7
0.05,9090,92,793928,87.33120668793312,9
0.05,9091,95,794023,87.33205015398153,7
0.05,9092,93,794116,87.33267348509843,8
0.05,9093,92,794208,87.33318671651638,9
0.05,9094,94,794302,87.33391973611874,7
0.05,9095,91,794393,87.33432277924362,10
0.05,9096,95,794488,87.33516543915576,8
0.05,9097,96,794584,87.33611782809409,6
0.05,9098,96,794680,87.33707000769316,6
0.05,9099,93,794773,87.33769230769231,8
0.05,9100,95,794868,87.33853422700803,7
0.05,9101,94,794962,87.33926609536366,7
0.05,9102,25,794987,87.332417884214,7
0.05,9103,94,795081,87.33315026362038,7
0.05,9104,94,795175,87.33388248215266,7
0.05,9105,94,795269,87.33461453986382,8
0.05,9106,92,795361,87.33512682551883,9
0.05,9107,95,795456,87.33596837944664,6
0.05,9108,24,795480,87.32901525963332,8
0.05,9109,93,795573,87.32963776070252,8
0.05,9110,96,795669,87.33058939743168,6
0.05,9111,89,795758,87.33077260755049,12
0.05,9112,91,795849,87.3311752441567,10
0.05,9113,95,795944,87.33201667763879,7
0.05,9114,95,796039,87.33285792649478,8
0.05,9115,93,796132,87.33347959631418,10
0.05,9116,96,796228,87.33443018536799,6
0.05,9117,94,796322,87.33516121956569,7
0.05,9118,94,796416,87.3358920934313,7
0.05,9119,94,796510,87.33662280701755,7
0.05,9120,92,796602,87.33713408617476,9
0.05,9121,96,796698,87.33808375356281,6
0.05,9122,25,796723,87.33125068508166,7
0.05,9123,26,796749,87.32452871547567,6
0.05,9124,90,796839,87.32482191780822,11
0.05,9125,92,796931,87.32533420994959,9
0.05,9126,96,797027,87.32628464993974,6
0.05,9127,95,797122,87.32712532865906,6
0.05,9128,93,797215,87.32774674115456,8
0.05,9129,96,797311,87.32869660460022,6
0.05,9130,25,797336,87.32187055087066,7
0.05,9131,94,797430,87.32260183968462,7
0.05,9132,96,797526,87.32355195445089,6
0.05,9133,96,797622,87.32450186117802,6
0.05,9134,93,797715,87.32512315270937,8
0.05,9135,92,797807,87.32563485113836,9
0.05,9136,96,797903,87.32658421801466,6
0.05,9137,93,797996,87.32720507769753,8
0.05,9138,92,798088,87.32771638034797,9
0.05,9139,94,798182,87.32844638949672,7
0.05,9140,94,798276,87.32917623892354,7
0.05,9141,94,798370,87.32990592868082,7
0.05,9142,95,798465,87.330744832112,6
0.05,9143,94,798559,87.33147419072615,7
0.05,9144,95,798654,87.33231273920175,6
0.05,9145,94,798748,87.33304176689263,7
0.05,9146,94,798842,87.33377063518094,7
0.05,9147,95,798937,87.33460865763008,7
0.05,9148,91,799028,87.33500929063285,10
0.05,9149,95,799123,87.33584699453552,6
0.05,9150,96,799219,87.33679379302808,6
0.05,9151,91,799310,87.33719405594405,10
0.05,9152,96,799406,87.3381405003824,6
0.05,9153,90,799496,87.33843128686912,11
0.05,9154,95,799591,87.3392681594757,6
0.05,9155,27,799618,87.33267802533858,6
0.05,9156,25,799643,87.32587091842306,7
0.05,9157,94,799737,87.32659969425639,7
0.05,9158,91,799828,87.32700076427558,10
0.05,9159,94,799922,87.32772925764192,7
0.05,9160,96,800018,87.32867590874359,6
0.05,9161,94,800112,87.32940406024885,7
0.05,9162,92,800204,87.32991378369529,9
0.05,9163,93,800297,87.33053251855085,9
0.05,9164,94,800391,87.33126022913257,7
0.05,9165,23,800414,87.3242417630373,10
0.05,9166,95,800509,87.32507908803316,6
0.05,9167,95,800604,87.32591623036649,6
0.05,9168,90,800694,87.32620787435926,11
0.05,9169,94,800788,87.32693565976008,7
0.05,9170,92,800880,87.32744520771999,9
0.05,9171,95,800975,87.3282817269952,8
0.05,9172,95,801070,87.32911806388313,7
0.05,9173,94,801164,87.3298452147373,7
0.05,9174,96,801260,87.3307901907357,6
0.05,9175,94,801354,87.33151700087184,8
0.05,9176,94,801448,87.33224365260979,7
0.05,9177,96,801544,87.33318805840052,6
0.05,9178,91,801635,87.33358753676872,10
0.05,9179,94,801729,87.33431372549019,7
0.05,9180,95,801824,87.33514867661475,6
0.05,9181,93,801917,87.3357656284034,8
0.05,9182,94,802011,87.33649134269847,8
0.05,9183,96,802107,87.33743466898954,6
0.05,9184,88,802195,87.33750680457267,13
0.05,9185,95,802290,87.33834095362508,7
0.05,9186,94,802384,87.33906607162295,8
0.05,9187,94,802478,87.33979103178058,7
0.05,9188,92,802570,87.34029818260964,9
0.05,9189,94,802664,87.34102285092492,7
0.05,9190,96,802760,87.34196496572734,6
0.05,9191,26,802786,87.33529155787642,6
0.05,9192,96,802882,87.33623409115631,6
0.05,9193,94,802976,87.33695888623015,7
0.05,9194,91,803067,87.3373572593801,10
0.05,9195,89,803156,87.3375380600261,12
0.05,9196,95,803251,87.33837120800261,6
0.05,9197,93,803344,87.33898673624701,8
0.05,9198,94,803438,87.33971083813458,7
0.05,9199,94,803532,87.3404347826087,7
0.05,9200,95,803627,87.3412672535594,6
0.05,9201,96,803723,87.3422082156053,6
0.05,9202,94,803817,87.34293165272194,7
0.05,9203,92,803909,87.34343763581052,9
0.05,9204,96,804005,87.34437805540468,6
0.05,9205,92,804097,87.3448837714534,9
0.05,9206,94,804191,87.34560660367111,7
0.05,9207,-44,804147,87.33134231103388,8
0.05,9208,92,804239,87.33184927788034,9
0.05,9209,92,804331,87.33235613463627,9
0.05,9210,93,804424,87.33297144718271,9
0.05,9211,26,804450,87.32631350412505,6
0.05,9212,91,804541,87.3267122544231,10
0.05,9213,90,804631,87.32700238767093,11
0.05,9214,94,804725,87.32772653282692,7
0.05,9215,94,804819,87.32845052083333,7
0.05,9216,96,804915,87.32939134208527,6
0.05,9217,94,805009,87.33011499240617,7
0.05,9218,94,805103,87.33083848573598,7
0.05,9219,93,805196,87.33145336225597,9
0.05,9220,94,805290,87.33217655351915,7
0.05,9221,94,805384,87.33289958794188,7
0.05,9222,24,805408,87.3260327442264,8
0.05,9223,95,805503,87.32686470078058,6
0.05,9224,96,805599,87.32780487804878,6
0.05,9225,89,805688,87.32798612616519,12
0.05,9226,96,805784,87.32892597810773,6
0.05,9227,96,805880,87.32986562635458,6
0.05,9228,93,805973,87.33048000866833,8
0.05,9229,93,806066,87.33109425785482,8
0.05,9230,94,806160,87.33181670458238,7
0.05,9231,95,806255,87.33264731369151,7
0.05,9232,92,806347,87.3331528214015,9
0.05,9233,92,806439,87.33365821962313,9
0.05,9234,91,806530,87.33405522468868,10
0.05,9235,95,806625,87.33488523170203,6
0.05,9236,90,806715,87.33517375771355,14
0.05,9237,93,806808,87.33578696687594,8
0.05,9238,94,806902,87.3365082801169,7
0.05,9239,93,806995,87.33712121212122,8
0.05,9240,95,807090,87.33795043826426,6
0.05,9241,88,807178,87.33802207314434,13
0.05,9242,96,807274,87.33895921237693,6
0.05,9243,96,807370,87.33989614885331,6
0.05,9244,96,807466,87.34083288263926,6
0.05,9245,94,807560,87.34155310404499,7
0.05,9246,94,807654,87.34227316967664,7
0.05,9247,96,807750,87.34320934256056,6
0.05,9248,94,807844,87.34392907341334,7
0.05,9249,93,807937,87.34454054054054,8
0.05,9250,96,808033,87.34547616473894,6
0.05,9251,94,808127,87.34619541720708,7
0.05,9252,94,808221,87.3469145142116,7
0.05,9253,93,808314,87.34752539442404,8
0.05,9254,93,808407,87.3481361426256,8
0.05,9255,93,808500,87.34874675885912,8
0.05,9256,94,808594,87.34946526952577,7
0.05,9257,94,808688,87.350183624973,7
0.05,9258,94,808782,87.35090182525111,7
0.05,9259,96,808878,87.35183585313175,6
0.05,9260,94,808972,87.35255371990065,7
0.05,9261,27,808999,87.34603757287843,6
0.05,9262,96,809095,87.34697182338336,6
0.05,9263,93,809188,87.34758203799655,9
0.05,9264,94,809282,87.34830005396654,7
0.05,9265,21,809303,87.34113965033455,11
0.05,9266,94,809397,87.34185820653933,7
0.05,9267,91,809488,87.3422529132499,11
0.05,9268,25,809513,87.3355270255691,8
0.05,9269,93,809606,87.3361380798274,8
0.05,9270,93,809699,87.33674900226512,8
0.05,9271,93,809792,87.33735979292493,8
0.05,9272,92,809884,87.33786261188396,9
0.05,9273,93,809977,87.33847315074402,8
0.05,9274,25,810002,87.33175202156335,7
0.05,9275,94,810096,87.33247089262613,8
0.05,9276,94,810190,87.33318960870972,7
0.05,9277,96,810286,87.33412373356327,6
0.05,9278,94,810380,87.33484211660739,7
0.05,9279,25,810405,87.328125,7
0.05,9280,94,810499,87.32884387458247,7
0.05,9281,94,810593,87.32956259426848,7
0.05,9282,91,810684,87.32995798771948,10
0.05,9283,95,810779,87.33078414476519,6
0.05,9284,94,810873,87.33150242326333,7
0.05,9285,95,810968,87.33232823605428,6
0.05,9286,96,811064,87.33326154840098,6
0.05,9287,93,811157,87.33387166236004,8
0.05,9288,93,811250,87.3344816449564,9
0.05,9289,94,811344,87.33519913885898,7
0.05,9290,24,811368,87.3283823054569,9
0.05,9291,95,811463,87.32920792079207,6
0.05,9292,92,811555,87.32971053481114,9
0.05,9293,95,811650,87.33053582956747,6
0.05,9294,92,811742,87.33103819257666,9
0.05,9295,92,811834,87.33154044750431,9
0.05,9296,92,811926,87.33204259438529,10
0.05,9297,94,812020,87.33275973327598,8
0.05,9298,96,812116,87.33369179481664,6
0.05,9299,92,812208,87.33419354838709,10
0.05,9300,94,812302,87.33491022470702,8
0.05,9301,95,812397,87.33573425069878,6
0.05,9302,95,812492,87.33655809953778,7
0.05,9303,92,812584,87.33705932932072,9
0.05,9304,92,812676,87.33756045137024,10
0.05,9305,94,812770,87.33827638082957,7
0.05,9306,94,812864,87.33899215644139,8
0.05,9307,94,812958,87.33970777825526,7
0.05,9308,95,813053,87.34053066924481,6
0.05,9309,93,813146,87.34113856068743,8
0.05,9310,96,813242,87.34206852110407,6
0.05,9311,94,813336,87.34278350515464,7
0.05,9312,93,813429,87.34339095887469,8
0.05,9313,26,813455,87.3368048099635,6
0.05,9314,16,813471,87.32914653784219,16
0.05,9315,95,813566,87.32996994418205,7
0.05,9316,93,813659,87.3305785123967,8
0.05,9317,95,813754,87.33140158832367,6
0.05,9318,94,813848,87.33211717995493,7
0.05,9319,93,813941,87.33272532188842,8
0.05,9320,92,814033,87.33322604870722,9
0.05,9321,94,814127,87.33394121433169,8
0.05,9322,94,814221,87.33465622653652,7
0.05,9323,95,814316,87.33547833547834,6
0.05,9324,94,814410,87.33619302949062,7
0.05,9325,94,814504,87.33690757023375,7
0.05,9326,96,814600,87.33783638897823,6
0.05,9327,92,814692,87.33833619210978,9
0.05,9328,93,814785,87.33894308071605,8
0.05,9329,96,814881,87.33987138263666,6
0.05,9330,94,814975,87.34058514628657,7
0.05,9331,92,815067,87.34108444063438,9
0.05,9332,96,815163,87.34201221472195,6
0.05,9333,96,815259,87.342939790015,6
0.05,9334,96,815355,87.3438671665774,6
0.05,9335,93,815448,87.34447300771208,8
0.05,9336,95,815543,87.34529292063831,7
0.05,9337,92,815635,87.34579139001927,9
0.05,9338,94,815729,87.34650390834136,7
0.05,9339,93,815822,87.34710920770878,8
0.05,9340,96,815918,87.34803554223316,6
0.05,9341,96,816014,87.34896167844144,6
0.05,9342,96,816110,87.3498876163973,6
0.05,9343,94,816204,87.3505993150685,7
0.05,9344,92,816296,87.35109684323167,9
0.05,9345,94,816390,87.35180826021828,7
0.05,9346,94,816484,87.35251952498128,7
0.05,9347,95,816579,87.35333761232349,6
0.05,9348,93,816672,87.35394159803188,9
0.05,9349,94,816766,87.35465240641712,7
0.05,9350,95,816861,87.35547000320821,6
0.05,9351,94,816955,87.35618049615056,7
0.05,9352,95,817050,87.3569977547311,6
0.05,9353,93,817143,87.35760102629891,8
0.05,9354,94,817237,87.35831106360236,7
0.05,9355,94,817331,87.35902094912356,7
0.05,9356,25,817356,87.3523565245271,7
0.05,9357,95,817451,87.35317375507587,6
0.05,9358,90,817541,87.35345656587242,11
0.05,9359,96,817637,87.35438034188034,6
0.05,9360,95,817732,87.35519709432752,6
0.05,9361,96,817828,87.35612048707542,6
0.05,9362,86,817914,87.35597564883051,15
0.05,9363,94,818008,87.35668517727467,7
0.05,9364,96,818104,87.35760811532302,6
0.05,9365,23,818127,87.35073670723895,9
0.05,9366,94,818221,87.35144656773781,7
0.05,9367,95,818316,87.35226302305722,6
0.05,9368,92,818408,87.3527590991568,9
0.05,9369,93,818501,87.35336179295625,8
0.05,9370,94,818595,87.35407107032334,7
0.05,9371,95,818690,87.35488689714042,6
0.05,9372,92,818782,87.35538248159608,9
0.05,9373,27,818809,87.34894388734799,6
0.05,9374,96,818905,87.34986666666667,6
0.05,9375,94,818999,87.35057593856655,7
0.05,9376,94,819093,87.35128505918738,7
0.05,9377,90,819183,87.35156749840051,12
0.05,9378,24,819207,87.34481287983793,8
0.05,9379,92,819299,87.34530916844349,9
0.05,9380,94,819393,87.3460185481292,7
0.05,9381,95,819488,87.34683436367513,6
0.05,9382,94,819582,87.34754342960673,7
0.05,9383,96,819678,87.34846547314578,6
0.05,9384,94,819772,87.34917421417155,7
0.05,9385,94,819866,87.34988280417643,7
0.05,9386,91,819957,87.35027165228507,11
0.05,9387,95,820052,87.35108649339583,6
0.05,9388,96,820148,87.3520076685483,6
0.05,9389,95,820243,87.3528221512247,6
0.05,9390,93,820336,87.35342349057608,8
0.05,9391,87,820423,87.35338586030664,14
0.05,9392,94,820517,87.35409347386351,7
0.05,9393,26,820543,87.34756227379178,8
0.05,9394,92,820635,87.34805747738159,10
0.05,9395,94,820729,87.34876543209876,7
0.05,9396,92,820821,87.34926040225604,9
0.05,9397,25,820846,87.34262609065759,7
0.05,9398,96,820942,87.34354718587083,6
0.05,9399,94,821036,87.34425531914894,7
0.05,9400,92,821128,87.34475055845122,9
0.05,9401,96,821224,87.34567113380132,6
0.05,9402,95,821319,87.34648516430926,6
0.05,9403,95,821414,87.34729902169289,6
0.05,9404,94,821508,87.34800637958533,7
0.05,9405,94,821602,87.34871358707208,7
0.05,9406,96,821698,87.34963325183374,6
0.05,9407,96,821794,87.35055272108843,6
0.05,9408,94,821888,87.35125943245828,7
0.05,9409,92,821980,87.35175345377259,10
0.05,9410,93,822073,87.35235362873233,8
0.05,9411,95,822168,87.35316617084572,6
0.05,9412,95,822263,87.35397854031659,6
0.05,9413,96,822359,87.35489696197153,6
0.05,9414,94,822453,87.35560276155071,7
0.05,9415,94,822547,87.35630841121495,7
0.05,9416,94,822641,87.357013911012,7
0.05,9417,96,822737,87.35793162030156,6
0.05,9418,95,822832,87.35874296634462,6
0.05,9419,96,822928,87.35966029723991,6
0.05,9420,94,823022,87.3603651417047,7
0.05,9421,93,823115,87.3609637019741,8
0.05,9422,92,823207,87.3614560118858,10
0.05,9423,93,823300,87.36205432937182,9
0.05,9424,94,823394,87.36275862068966,7
0.05,9425,95,823489,87.36356885211119,6
0.05,9426,92,823581,87.36406067677946,9
0.05,9427,93,823674,87.36465846414934,8
0.05,9428,94,823768,87.36536218050695,7
0.05,9429,94,823862,87.366065747614,7
0.05,9430,94,823956,87.36676916551798,7
0.05,9431,23,823979,87.35994486853265,9
0.05,9432,95,824074,87.3607547969893,6
0.05,9433,89,824163,87.36092855628577,12
0.05,9434,93,824256,87.36152623211447,8
0.05,9435,96,824352,87.36244171259008,6
0.05,9436,96,824448,87.3633569990463,6
0.05,9437,94,824542,87.364060182242,8
0.05,9438,95,824637,87.36486915986863,6
0.05,9439,92,824729,87.36536016949152,11
0.05,9440,93,824822,87.36595699608093,8
0.05,9441,27,824849,87.3595636517687,6
0.05,9442,92,824941,87.36005506724558,9
0.05,9443,95,825036,87.36086404066074,6
0.05,9444,93,825129,87.36146109052409,8
0.05,9445,92,825221,87.3619521490578,9
0.05,9446,95,825316,87.3627606647613,6
0.05,9447,94,825410,87.36346316680779,7
0.05,9448,95,825505,87.36427135146576,7
0.05,9449,96,825601,87.36518518518518,6
0.05,9450,93,825694,87.36578139879377,8
0.05,9451,96,825790,87.36669487939061,6
0.05,9452,93,825883,87.36729080715116,8
0.05,9453,95,825978,87.3680981595092,8
0.05,9454,94,826072,87.36879957694342,8
0.05,9455,94,826166,87.36950084602368,7
0.05,9456,95,826261,87.37030770857565,6
0.05,9457,93,826354,87.37090293931064,8
0.05,9458,93,826447,87.37149804419072,8
0.05,9459,89,826536,87.37167019027484,12
0.05,9460,92,826628,87.37215939118487,9
0.05,9461,94,826722,87.37285986049461,7
0.05,9462,93,826815,87.37345450702738,9
0.05,9463,26,826841,87.36696956889264,7
0.05,9464,90,826931,87.36724775488642,11
0.05,9465,93,827024,87.3678428058314,9
0.05,9466,93,827117,87.36843773106581,8
0.05,9467,92,827209,87.36892691170257,10
0.05,9468,96,827305,87.36983842010773,6
0.05,9469,90,827395,87.370116156283,11
0.05,9470,94,827489,87.37081617569423,7
0.05,9471,94,827583,87.37151604729729,7
0.05,9472,95,827678,87.37232133431858,6
0.05,9473,96,827774,87.37323200337767,6
0.05,9474,91,827865,87.3736147757256,10
0.05,9475,95,827960,87.37441958632334,7
0.05,9476,91,828051,87.37480215257993,10
0.05,9477,89,828140,87.37497362312725,13
0.05,9478,94,828234,87.3756725392974,7
0.05,9479,94,828328,87.37637130801687,8
0.05,9480,95,828423,87.37717540343846,6
0.05,9481,95,828518,87.37797932925542,6
0.05,9482,94,828612,87.37867763366023,8
0.05,9483,95,828707,87.37948123154787,6
0.05,9484,26,828733,87.37301001581444,6
0.05,9485,92,828825,87.37349778621126,9
0.05,9486,94,828919,87.37419626857806,7
0.05,9487,91,829010,87.3745784148398,10
0.05,9488,96,829106,87.37548740647065,6
0.05,9489,93,829199,87.37608008429926,8
0.05,9490,96,829295,87.37698872616163,6
0.05,9491,88,829383,87.37705436156763,14
0.05,9492,22,829405,87.37016749183609,10
0.05,9493,25,829430,87.36359806193386,7
0.05,9494,94,829524,87.36429699842022,7
0.05,9495,93,829617,87.36489048020219,8
0.05,9496,94,829711,87.36558913341055,7
0.05,9497,93,829804,87.36618235417983,10
0.05,9498,95,829899,87.36698599852616,6
0.05,9499,26,829925,87.36052631578947,6
0.05,9500,93,830018,87.36111988211768,8
0.05,9501,95,830113,87.36192380551464,6
0.05,9502,92,830205,87.36241186993581,9
0.05,9503,94,830299,87.36311026936026,7
0.05,9504,95,830394,87.36391372961599,6
0.05,9505,94,830488,87.3646118241111,8
0.05,9506,94,830582,87.36530977174714,7
0.05,9507,94,830676,87.36600757257047,8
0.05,9508,94,830770,87.3667052266274,7
0.05,9509,93,830863,87.36729758149316,8
0.05,9510,95,830958,87.36810009462728,6
0.05,9511,95,831053,87.3689024390244,6
0.05,9512,94,831147,87.36959949542731,8
0.05,9513,96,831243,87.37050662182048,6
0.05,9514,93,831336,87.37109826589595,8
0.05,9515,94,831430,87.37179487179488,7
0.05,9516,93,831523,87.37238625617316,10
0.05,9517,94,831617,87.37308258037403,7
0.05,9518,94,831711,87.37377875827293,7
0.05,9519,94,831805,87.37447478991596,7
0.05,9520,94,831899,87.37517067534922,7
0.05,9521,94,831993,87.37586641461878,7
0.05,9522,91,832084,87.37624698099339,10
0.05,9523,93,832177,87.37683746325074,9
0.05,9524,93,832270,87.3774278215223,8
0.05,9525,94,832364,87.37812303170271,8
0.05,9526,94,832458,87.37881809593786,7
0.05,9527,26,832484,87.37237615449202,7
0.05,9528,94,832578,87.37307167593661,9
0.05,9529,94,832672,87.37376705141658,7
0.05,9530,95,832767,87.37456720176267,6
0.05,9531,23,832790,87.367813680235,9
0.05,9532,95,832885,87.36861428721284,7
0.05,9533,96,832981,87.369519614013,6
0.05,9534,93,833074,87.37011012060829,8
0.05,9535,94,833168,87.37080536912751,8
0.05,9536,94,833262,87.37150047184649,7
0.05,9537,94,833356,87.37219542881107,7
0.05,9538,95,833451,87.37299507285879,6
0.05,9539,93,833544,87.37358490566038,8
0.05,9540,93,833637,87.37417461482025,8
0.05,9541,92,833729,87.37465940054496,9
0.05,9542,94,833823,87.37535366237033,7
0.05,9543,22,833845,87.36850377200335,10
0.05,9544,94,833939,87.36919853326349,7
0.05,9545,27,833966,87.36287450240938,6
0.05,9546,91,834057,87.36325547292343,10
0.05,9547,93,834150,87.36384583158777,9
0.05,9548,90,834240,87.3641218975809,11
0.05,9549,94,834334,87.3648167539267,7
0.05,9550,94,834428,87.36551146476809,7
0.05,9551,94,834522,87.36620603015075,7
0.05,9552,94,834616,87.36690045012038,7
0.05,9553,90,834706,87.36717605191542,11
0.05,9554,96,834802,87.36807953950812,6
0.05,9555,95,834897,87.36887819171201,6
0.05,9556,95,834992,87.36967667678141,7
0.05,9557,21,835013,87.36273278928647,11
0.05,9558,92,835105,87.3632179098232,10
0.05,9559,93,835198,87.36380753138076,8
0.05,9560,94,835292,87.36450162116934,7
0.05,9561,93,835385,87.36509098514955,8
0.05,9562,94,835479,87.36578479556624,8
0.05,9563,94,835573,87.36647846089502,7
0.05,9564,94,835667,87.36717198118139,7
0.05,9565,94,835761,87.36786535647083,7
0.05,9566,94,835855,87.36855858680882,7
0.05,9567,92,835947,87.36904264214047,10
0.05,9568,86,836033,87.36889957153308,15
0.05,9569,26,836059,87.36248693834901,7
0.05,9570,-44,836015,87.34876188486052,8
0.05,9571,94,836109,87.34945674885081,7
0.05,9572,95,836204,87.3502559281312,6
0.05,9573,91,836295,87.35063714226028,10
0.05,9574,90,836385,87.3509138381201,12
0.05,9575,94,836479,87.3516081871345,7
0.05,9576,96,836575,87.35251122480943,6
0.05,9577,95,836670,87.35330966798914,6
0.05,9578,94,836764,87.35400354943104,7
0.05,9579,92,836856,87.35448851774531,10
0.05,9580,22,836878,87.34766725811502,10
0.05,9581,94,836972,87.34836151116677,7
0.05,9582,94,837066,87.3490556193259,7
0.05,9583,91,837157,87.34943656093489,10
0.05,9584,96,837253,87.35033907146583,6
0.05,9585,94,837347,87.35103275610265,7
0.05,9586,92,837439,87.35151768019193,9
0.05,9587,95,837534,87.35231539424281,6
0.05,9588,93,837627,87.35290436959015,8
0.05,9589,94,837721,87.35359749739312,7
0.05,9590,95,837816,87.3543947450735,6
0.05,9591,96,837912,87.35529608006672,6
0.05,9592,93,838005,87.35588449911394,8
0.05,9593,95,838100,87.35668125912028,6
0.05,9594,93,838193,87.35726941115165,8
0.05,9595,91,838284,87.35764902042517,10
0.05,9596,94,838378,87.3583411482755,7
0.05,9597,93,838471,87.3589289435299,8
0.05,9598,94,838565,87.35962079383269,7
0.05,9599,94,838659,87.3603125,7
0.05,9600,94,838753,87.36100406207687,7
0.05,9601,24,838777,87.35440533222246,8
0.05,9602,94,838871,87.35509736540665,7
0.05,9603,94,838965,87.3557892544773,7
0.05,9604,92,839057,87.35627277459656,9
0.05,9605,94,839151,87.35696439725172,8
0.05,9606,92,839243,87.3574476943895,9
0.05,9607,95,839338,87.35824313072439,7
0.05,9608,94,839432,87.35893433239671,7
0.05,9609,94,839526,87.35962539021853,7
0.05,9610,92,839618,87.36010820934347,9
0.05,9611,95,839713,87.36090303786933,7
0.05,9612,94,839807,87.36159367523146,7
0.05,9613,95,839902,87.36238818389847,6
0.05,9614,94,839996,87.36307852314093,7
0.05,9615,92,840088,87.36356073211314,9
0.05,9616,92,840180,87.36404284080274,9
0.05,9617,92,840272,87.36452484924101,10
0.05,9618,95,840367,87.36531864019129,7
0.05,9619,95,840462,87.36611226611227,6
0.05,9620,91,840553,87.3664899698576,10
0.05,9621,92,840645,87.36697152359177,9
0.05,9622,95,840740,87.36776473033358,6
0.05,9623,22,840762,87.36097256857856,11
0.05,9624,95,840857,87.36176623376623,6
0.05,9625,95,840952,87.3625597340536,6
0.05,9626,95,841047,87.36335306949205,6
0.05,9627,96,841143,87.36425010386372,6
0.05,9628,93,841236,87.3648353930834,8
0.05,9629,96,841332,87.36573208722741,6
0.05,9630,93,841425,87.36631710102793,8
0.05,9631,95,841520,87.3671096345515,6
0.05,9632,92,841612,87.3675905740683,9
0.05,9633,91,841703,87.36796761469795,10
0.05,9634,93,841796,87.36855215360664,8
0.05,9635,94,841890,87.3692403486924,8
0.05,9636,93,841983,87.36982463422227,8
0.05,9637,95,842078,87.37061631043785,6
0.05,9638,25,842103,87.36414565826331,7
0.05,9639,93,842196,87.36473029045644,8
0.05,9640,95,842291,87.36552224872939,6
0.05,9641,95,842386,87.36631404272973,6
0.05,9642,92,842478,87.36679456600643,9
0.05,9643,95,842573,87.36758606387392,6
0.05,9644,94,842667,87.36827371695179,7
0.05,9645,94,842761,87.36896122745179,7
0.05,9646,94,842855,87.36964859541827,7
0.05,9647,23,842878,87.3629767827529,9
0.05,9648,91,842969,87.36335371541092,10
0.05,9649,95,843064,87.36414507772021,6
0.05,9650,94,843158,87.364832659828,7
0.05,9651,92,843250,87.36531288852052,9
0.05,9652,95,843345,87.36610380192687,6
0.05,9653,92,843437,87.36658379946137,9
0.05,9654,94,843531,87.36727084412222,7
0.05,9655,94,843625,87.36795774647888,7
0.05,9656,94,843719,87.36864450657554,7
0.05,9657,93,843812,87.3692275833506,8
0.05,9658,95,843907,87.37001760016565,6
0.05,9659,94,844001,87.37070393374741,7
0.05,9660,92,844093,87.37118310733878,9
0.05,9661,94,844187,87.37186917822397,7
0.05,9662,94,844281,87.37255510710959,7
0.05,9663,96,844377,87.37344784768212,6
0.05,9664,94,844471,87.37413347128815,7
0.05,9665,93,844564,87.37471549762053,8
0.05,9666,96,844660,87.37560773766423,6
0.05,9667,94,844754,87.37629292511377,7
0.05,9668,95,844849,87.37708139414624,6
0.05,9669,93,844942,87.37766287487074,8
0.05,9670,93,845035,87.37824423534278,8
0.05,9671,95,845130,87.37903225806451,6
0.05,9672,94,845224,87.37971673731003,7
0.05,9673,95,845319,87.38050444490386,6
0.05,9674,94,845413,87.38118863049095,7
0.05,9675,95,845508,87.38197602315006,6
0.05,9676,92,845600,87.38245323964038,9
0.05,9677,94,845694,87.3831370117793,7
0.05,9678,95,845789,87.38392395908669,6
0.05,9679,91,845880,87.38429752066116,10
0.05,9680,94,845974,87.38498089040388,7
0.05,9681,96,846070,87.3858706878744,6
0.05,9682,91,846161,87.3862439326655,10
0.05,9683,95,846256,87.38703015282941,6
0.05,9684,93,846349,87.38760970573051,9
0.05,9685,91,846440,87.38798265537889,10
0.05,9686,95,846535,87.38876845256529,6
0.05,9687,94,846629,87.38945086705202,7
0.05,9688,95,846724,87.39023635050057,6
0.05,9689,96,846820,87.39112487100103,6
0.05,9690,92,846912,87.39160045402951,9
0.05,9691,95,847007,87.39238547255468,6
0.05,9692,95,847102,87.39317032910348,6
0.05,9693,94,847196,87.39385186713432,7
0.05,9694,96,847292,87.3947395564724,6
0.05,9695,92,847384,87.39521452145215,9
0.05,9696,95,847479,87.39599876250387,6
0.05,9697,94,847573,87.39667972777892,7
0.05,9698,94,847667,87.3973605526343,7
0.05,9699,94,847761,87.3980412371134,8
0.05,9700,94,847855,87.39872178125967,7
0.05,9701,95,847950,87.39950525664811,6
0.05,9702,93,848043,87.4000824487272,8
0.05,9703,95,848138,87.40086562242374,6
0.05,9704,94,848232,87.4015455950541,7
0.05,9705,94,848326,87.40222542757057,8
0.05,9706,94,848420,87.40290512001648,7
0.05,9707,93,848513,87.40348166460652,8
0.05,9708,96,848609,87.40436708208878,6
0.05,9709,96,848705,87.40525231719876,6
0.05,9710,26,848731,87.39892904953146,6
0.05,9711,25,848756,87.39250411861615,7
0.05,9712,94,848850,87.3931843920519,7
0.05,9713,94,848944,87.39386452542722,7
0.05,9714,92,849036,87.39433865156974,9
0.05,9715,95,849131,87.39512144915604,6
0.05,9716,95,849226,87.39590408562313,6
0.05,9717,94,849320,87.39658365918913,7
0.05,9718,91,849411,87.39695441917893,10
0.05,9719,95,849506,87.3977366255144,8
0.05,9720,96,849602,87.39862154099373,6
0.05,9721,90,849692,87.39888911746554,12
0.05,9722,93,849785,87.39946518564228,9
0.05,9723,96,849881,87.40034965034965,6
0.05,9724,94,849975,87.40102827763496,7
0.05,9725,91,850066,87.40139831379807,10
0.05,9726,92,850158,87.40187108049759,9
0.05,9727,96,850254,87.40275493421052,6
0.05,9728,92,850346,87.40322746428204,10
0.05,9729,93,850439,87.40380267214799,8
0.05,9730,94,850533,87.40448052615353,7
0.05,9731,93,850626,87.40505548705302,8
0.05,9732,26,850652,87.39874653241549,8
0.05,9733,94,850746,87.39942469693857,7
0.05,9734,95,850841,87.40020544427324,6
0.05,9735,93,850934,87.40078060805259,8
0.05,9736,93,851027,87.40135565369211,9
0.05,9737,92,851119,87.40182789073732,9
0.05,9738,90,851209,87.40209467091077,11
0.05,9739,22,851231,87.39537987679671,10
0.05,9740,96,851327,87.39626321732882,6
0.05,9741,95,851422,87.39704372818723,6
0.05,9742,90,851512,87.39731088986964,11
0.05,9743,96,851608,87.39819376026273,6
0.05,9744,94,851702,87.3988712160082,7
0.05,9745,94,851796,87.39954853273137,7
0.05,9746,94,851890,87.40022571047501,7
0.05,9747,95,851985,87.40100533442758,6
0.05,9748,92,852077,87.40147707457174,9
0.05,9749,93,852170,87.40205128205129,9
0.05,9750,93,852263,87.40262537175674,8
0.05,9751,95,852358,87.40340442986054,6
0.05,9752,95,852453,87.4041833282067,6
0.05,9753,93,852546,87.4047570227599,8
0.05,9754,96,852642,87.4056381342901,6
0.05,9755,95,852737,87.40641656416564,6
0.05,9756,94,852831,87.40709234395818,7
0.05,9757,95,852926,87.40787046525928,7
0.05,9758,92,853018,87.40834101854698,9
0.05,9759,96,853114,87.4092213114754,6
0.05,9760,94,853208,87.40989652699518,7
0.05,9761,94,853302,87.41057160417947,7
0.05,9762,96,853398,87.41145139813582,6
0.05,9763,94,853492,87.41212617779598,7
0.05,9764,96,853588,87.41300563236047,6
0.05,9765,92,853680,87.41347532254761,10
0.05,9766,95,853775,87.41425207330808,6
0.05,9767,94,853869,87.41492628992629,7
0.05,9768,93,853962,87.41549800388985,8
0.05,9769,96,854058,87.41637666325487,6
0.05,9770,88,854146,87.41643639340907,13
0.05,9771,95,854241,87.41721244371674,6
0.05,9772,93,854334,87.4177836897575,8
0.05,9773,90,854424,87.41804788213628,11
0.05,9774,95,854519,87.41882352941177,7
0.05,9775,94,854613,87.41949672667758,7
0.05,9776,95,854708,87.42027206709625,6
0.05,9777,90,854798,87.42053589691143,11
0.05,9778,93,854891,87.42110645260252,9
0.05,9779,91,854982,87.42147239263804,10
0.05,9780,94,855076,87.42214497495144,7
0.05,9781,96,855172,87.42302187691679,6
0.05,9782,90,855262,87.4232852908106,11
0.05,9783,92,855354,87.42375306623057,9
0.05,9784,93,855447,87.42432294328053,8
0.05,9785,93,855540,87.42489270386267,8
0.05,9786,93,855633,87.42546234801267,8
0.05,9787,91,855724,87.42582754393135,10
0.05,9788,95,855819,87.42660128715906,7
0.05,9789,95,855914,87.4273748723187,6
0.05,9790,91,856005,87.427739761005,10
0.05,9791,94,856099,87.42841094771242,7
0.05,9792,95,856194,87.42918411109976,6
0.05,9793,94,856288,87.42985501327344,7
0.05,9794,94,856382,87.4305257784584,7
0.05,9795,94,856476,87.43119640669661,7
0.05,9796,96,856572,87.43207104215575,6
0.05,9797,93,856665,87.43263931414575,9
0.05,9798,25,856690,87.42626798652924,7
0.05,9799,93,856783,87.42683673469388,8
0.05,9800,94,856877,87.42750739720437,7
0.05,9801,96,856973,87.42838196286472,6
0.05,9802,27,857000,87.42221768846271,6
0.05,9803,91,857091,87.42258261933904,10
0.05,9804,92,857183,87.4230494645589,9
0.05,9805,92,857275,87.42351621456251,9
0.05,9806,96,857371,87.42439074130723,6
0.05,9807,94,857465,87.42506117455139,7
0.05,9808,90,857555,87.42532368233255,11
0.05,9809,94,857649,87.42599388379205,7
0.05,9810,22,857671,87.41932524717154,10
0.05,9811,94,857765,87.41999592335915,8
0.05,9812,95,857860,87.42076836849078,6
0.05,9813,93,857953,87.42133686570206,8
0.05,9814,96,858049,87.4222109016811,6
0.05,9815,90,858139,87.42247351263244,12
0.05,9816,21,858160,87.41570744626668,11
0.05,9817,93,858253,87.41627622733755,8
0.05,9818,93,858346,87.41684489255525,9
0.05,9819,94,858440,87.41751527494908,7
0.05,9820,93,858533,87.41808369819773,8
0.05,9821,93,858626,87.41865200570149,8
0.05,9822,90,858716,87.41891479181513,11
0.05,9823,94,858810,87.41958469055375,8
0.05,9824,90,858900,87.41984732824427,11
0.05,9825,94,858994,87.42051699572562,7
0.05,9826,94,859088,87.42118652691565,7
0.05,9827,92,859180,87.42165242165242,9
0.05,9828,95,859275,87.42242344083833,6
0.05,9829,93,859368,87.42299084435402,8
0.05,9830,94,859462,87.42365985149019,7
0.05,9831,95,859557,87.42443043124491,6
0.05,9832,25,859582,87.4180819688803,7
0.05,9833,94,859676,87.41875127110026,7
0.05,9834,95,859771,87.41952211489578,6
0.05,9835,93,859864,87.42008946726311,8
0.05,9836,91,859955,87.42045339026126,10
0.05,9837,96,860051,87.42132547265705,6
0.05,9838,93,860144,87.42189246874682,8
0.05,9839,94,860238,87.42256097560976,7
0.05,9840,94,860332,87.42322934661112,7
0.05,9841,95,860427,87.42399918715708,7
0.05,9842,24,860451,87.41755562328558,8
0.05,9843,93,860544,87.41812271434377,8
0.05,9844,92,860636,87.41858811579482,9
0.05,9845,96,860732,87.41945967905748,6
0.05,9846,96,860828,87.42033106529908,6
0.05,9847,25,860853,87.41399268887083,7
0.05,9848,94,860947,87.41466138694284,7
0.05,9849,94,861041,87.41532994923858,7
0.05,9850,96,861137,87.416201400873,6
0.05,9851,95,861232,87.41697117336581,6
0.05,9852,96,861328,87.41784228153861,6
0.05,9853,96,861424,87.41871321290846,6
0.05,9854,95,861519,87.41948249619483,6
0.05,9855,94,861613,87.42015016233766,7
0.05,9856,93,861706,87.42071624226438,8
0.05,9857,90,861796,87.42097788598093,12
0.05,9858,23,861819,87.41444365554315,9
0.05,9859,92,861911,87.41490872210953,9
0.05,9860,92,862003,87.41537369435149,9
0.05,9861,21,862024,87.4086392212533,11
0.05,9862,26,862050,87.40241305890703,6
0.05,9863,95,862145,87.40318329278183,6
0.05,9864,96,862241,87.40405473897619,6
0.05,9865,90,862331,87.40431785931482,11
0.05,9866,94,862425,87.4049863180298,8
0.05,9867,93,862518,87.40555330360762,8
0.05,9868,94,862612,87.40622150167191,7
0.05,9869,96,862708,87.40709219858157,6
0.05,9870,91,862799,87.40745618478371,10
0.05,9871,23,862822,87.4009319286872,10
0.05,9872,94,862916,87.40160032411627,7
0.05,9873,93,863009,87.40216730808183,8
0.05,9874,25,863034,87.39584810126583,7
0.05,9875,89,863123,87.39601053057918,12
0.05,9876,94,863217,87.39667915358915,7
0.05,9877,95,863312,87.39744887629075,6
0.05,9878,93,863405,87.39801599352161,8
0.05,9879,96,863501,87.3988866396761,6
0.05,9880,93,863594,87.39945349660965,8
0.05,9881,95,863689,87.40022262699858,7
0.05,9882,94,863783,87.4008904178893,7
0.05,9883,95,863878,87.40165924726831,6
0.05,9884,95,863973,87.40242792109257,6
0.05,9885,-46,863927,87.3889338458426,9
0.05,9886,94,864021,87.3896025083443,8
0.05,9887,93,864114,87.39016990291262,8
0.05,9888,25,864139,87.38386085549601,7
0.05,9889,94,864233,87.3845298281092,7
0.05,9890,94,864327,87.38519866545344,7
0.05,9891,25,864352,87.37889203396684,7
0.05,9892,91,864443,87.37925806125543,10
0.05,9893,95,864538,87.38002829997978,6
0.05,9894,93,864631,87.38059626073775,8
0.05,9895,92,864723,87.38106305578012,9
0.05,9896,91,864814,87.38142871577246,10
0.05,9897,94,864908,87.3820973934128,8
0.05,9898,94,865002,87.38276593595313,7
0.05,9899,94,865096,87.38343434343435,7
0.05,9900,94,865190,87.38410261589739,8
0.05,9901,94,865284,87.38477075338315,7
0.05,9902,90,865374,87.3850348379279,11
0.05,9903,92,865466,87.38550080775444,9
0.05,9904,93,865559,87.38606764260474,9
0.05,9905,94,865653,87.38673531193216,7
0.05,9906,26,865679,87.38053901281921,6
0.05,9907,94,865773,87.3812071053694,8
0.05,9908,94,865867,87.38187506307398,7
0.05,9909,92,865959,87.38234106962663,9
0.05,9910,94,866053,87.38300877812532,7
0.05,9911,95,866148,87.38377723970945,6
0.05,9912,88,866236,87.3838394028044,13
0.05,9913,94,866330,87.38450675811983,8
0.05,9914,93,866423,87.38507312153303,8
0.05,9915,94,866517,87.38574021782976,7
0.05,9916,96,866613,87.38660885348392,6
0.05,9917,93,866706,87.38717483363581,8
0.05,9918,95,866801,87.38794233289646,7
0.05,9919,90,866891,87.38820564516129,11
0.05,9920,95,866986,87.3889728857978,6
0.05,9921,95,867081,87.38973997177989,6
0.05,9922,94,867175,87.39040612717928,7
0.05,9923,95,867270,87.39117291414752,6
0.05,9924,94,867364,87.39183879093198,7
0.05,9925,94,867458,87.39250453354826,8
0.05,9926,91,867549,87.3928679359323,10
0.05,9927,96,867645,87.39373489121677,6
0.05,9928,93,867738,87.39429952663914,8
0.05,9929,95,867833,87.39506545820745,6
0.05,9930,90,867923,87.39532776155473,11
0.05,9931,96,868019,87.3961941200161,6
0.05,9932,94,868113,87.39685895499849,8
0.05,9933,94,868207,87.39752365613046,7
0.05,9934,93,868300,87.3980875691998,8
0.05,9935,90,868390,87.39834943639292,11
0.05,9936,94,868484,87.3990137868572,7
0.05,9937,87,868571,87.39897363654659,15
0.05,9938,24,868595,87.39259482845357,9
0.05,9939,89,868684,87.3927565392354,12
0.05,9940,93,868777,87.3933205914898,8
0.05,9941,93,868870,87.3938845302756,8
0.05,9942,96,868966,87.39475007542995,6
0.05,9943,95,869061,87.39551488334673,6
0.05,9944,96,869157,87.39638009049774,6
0.05,9945,94,869251,87.39704403780414,7
0.05,9946,92,869343,87.39750678596562,9
0.05,9947,90,869433,87.39776839565742,11
0.05,9948,86,869519,87.39762790230174,16
0.05,9949,91,869610,87.39798994974875,12
0.05,9950,19,869629,87.39111647070646,13
0.05,9951,95,869724,87.39188102893891,6
0.05,9952,94,869818,87.3925449613182,7
0.05,9953,95,869913,87.39330922242314,6
0.05,9954,92,870005,87.39377197388247,9
0.05,9955,93,870098,87.39433507432705,8
0.05,9956,27,870125,87.38826955910415,6
0.05,9957,94,870219,87.3889335207873,7
0.05,9958,94,870313,87.38959734913144,7
0.05,9959,95,870408,87.39036144578313,6
0.05,9960,95,870503,87.39112538901716,6
0.05,9961,93,870596,87.39168841598072,8
0.05,9962,96,870692,87.39255244404296,6
0.05,9963,91,870783,87.39291449217181,10
0.05,9964,91,870874,87.39327646763672,10
0.05,9965,95,870969,87.39403973509934,6
0.05,9966,95,871064,87.39480284940304,6
0.05,9967,93,871157,87.39536516853933,8
0.05,9968,95,871252,87.39612799679004,6
0.05,9969,90,871342,87.3963891675025,13
0.05,9970,95,871437,87.39715174004614,7
0.05,9971,95,871532,87.39791415964702,6
0.05,9972,91,871623,87.39827534342726,10
0.05,9973,91,871714,87.39863645478243,11
0.05,9974,96,871810,87.39949874686717,6
0.05,9975,94,871904,87.40016038492382,7
0.05,9976,95,871999,87.40092212087802,6
0.05,9977,94,872093,87.40158348366406,7
0.05,9978,95,872188,87.40234492434112,6
0.05,9979,95,872283,87.40310621242485,6
0.05,9980,94,872377,87.40376715759943,7
0.05,9981,94,872471,87.40442797034662,8
0.05,9982,95,872566,87.40518882099569,6
0.05,9983,94,872660,87.40584935897436,7
0.05,9984,91,872751,87.40620931397096,10
0.05,9985,95,872846,87.40696975766072,6
0.05,9986,22,872868,87.40042054671072,10
0.05,9987,94,872962,87.40108129755707,7
0.05,9988,93,873055,87.40164180598659,10
0.05,9989,93,873148,87.4022022022022,8
0.05,9990,92,873240,87.40266239615654,10
0.05,9991,95,873335,87.40342273819056,6
0.05,9992,95,873430,87.40418292804964,7
0.05,9993,91,873521,87.40454272563538,10
0.05,9994,93,873614,87.40510255127563,8
0.05,9995,90,873704,87.40536214485795,11
0.05,9996,94,873798,87.40602180654196,7
0.05,9997,25,873823,87.39977995599119,7
0.05,9998,96,873919,87.4006400640064,6
0.05,9999,23,873942,87.3942,10
