0.05,0,86,86,86.0,27
0.05,1,-1016,-930,-465.0,2253
0.05,2,-538,-1468,-489.3333333333333,1493
0.05,3,-87,-1555,-388.75,294
0.05,4,-487,-2042,-408.4,672
0.05,5,-552,-2594,-432.3333333333333,1069
0.05,6,-134,-2728,-389.7142857142857,641
0.05,7,25,-2703,-337.875,10
0.05,8,-11,-2714,-301.55555555555554,308
0.05,9,-79,-2793,-279.3,242
0.05,10,-87,-2880,-261.8181818181818,295
0.05,11,-41,-2921,-243.41666666666666,619
0.05,12,19,-2902,-223.23076923076923,65
0.05,13,-55,-2957,-211.21428571428572,539
0.05,14,22,-2935,-195.66666666666666,38
0.05,15,-187,-3122,-195.125,545
0.05,16,-55,-3177,-186.88235294117646,549
0.05,17,12,-3165,-175.83333333333334,87
0.05,18,-5,-3170,-166.8421052631579,200
0.05,19,-14,-3184,-159.2,328
0.05,20,1,-3183,-151.57142857142858,184
0.05,21,22,-3161,-143.6818181818182,37
0.05,22,14,-3147,-136.82608695652175,52
0.05,23,-54,-3201,-133.375,615
0.05,24,-72,-3273,-130.92,526
0.05,25,-147,-3420,-131.53846153846155,840
0.05,26,-52,-3472,-128.59259259259258,73
0.05,27,23,-3449,-123.17857142857143,45
0.05,28,-52,-3501,-120.72413793103448,537
0.05,29,8,-3493,-116.43333333333334,125
0.05,30,-82,-3575,-115.3225806451613,248
0.05,31,-20,-3595,-112.34375,253
0.05,32,4,-3591,-108.81818181818181,197
0.05,33,19,-3572,-105.05882352941177,52
0.05,34,-62,-3634,-103.82857142857142,117
0.05,35,15,-3619,-100.52777777777777,65
0.05,36,-71,-3690,-99.72972972972973,202
0.05,37,1,-3689,-97.07894736842105,135
0.05,38,24,-3665,-93.97435897435898,33
0.05,39,11,-3654,-91.35,100
0.05,40,91,-3563,-86.90243902439025,70
0.05,41,17,-3546,-84.42857142857143,62
0.05,42,23,-3523,-81.93023255813954,21
0.05,43,-8,-3531,-80.25,244
0.05,44,13,-3518,-78.17777777777778,84
0.05,45,13,-3505,-76.19565217391305,89
0.05,46,20,-3485,-74.14893617021276,38
0.05,47,-48,-3533,-73.60416666666667,50
0.05,48,19,-3514,-71.71428571428571,49
0.05,49,-173,-3687,-73.74,1365
0.05,50,-6,-3693,-72.41176470588235,220
0.05,51,11,-3682,-70.8076923076923,177
0.05,52,26,-3656,-68.98113207547169,9
0.05,53,21,-3635,-67.31481481481481,33
0.05,54,-25,-3660,-66.54545454545455,298
0.05,55,20,-3640,-65.0,66
0.05,56,23,-3617,-63.45614035087719,35
0.05,57,7,-3610,-62.241379310344826,250
0.05,58,94,-3516,-59.59322033898305,7
0.05,59,-84,-3600,-60.0,936
0.05,60,65,-3535,-57.950819672131146,187
0.05,61,23,-3512,-56.645161290322584,16
0.05,62,0,-3512,-55.74603174603175,198
0.05,63,23,-3489,-54.515625,14
0.05,64,17,-3472,-53.41538461538462,82
0.05,65,22,-3450,-52.27272727272727,62
0.05,66,24,-3426,-51.134328358208954,44
0.05,67,90,-3336,-49.05882352941177,54
0.05,68,93,-3243,-47.0,8
0.05,69,19,-3224,-46.05714285714286,92
0.05,70,89,-3135,-44.15492957746479,58
0.05,71,26,-3109,-43.18055555555556,11
0.05,72,-68,-3177,-43.52054794520548,678
0.05,73,95,-3082,-41.648648648648646,6
0.05,74,90,-2992,-39.89333333333333,44
0.05,75,3,-2989,-39.328947368421055,216
0.05,76,95,-2894,-37.58441558441559,6
0.05,77,15,-2879,-36.91025641025641,166
0.05,78,44,-2835,-35.88607594936709,368
0.05,79,15,-2820,-35.25,99
0.05,80,95,-2725,-33.641975308641975,6
0.05,81,79,-2646,-32.26829268292683,168
0.05,82,93,-2553,-30.759036144578314,15
0.05,83,93,-2460,-29.285714285714285,8
0.05,84,27,-2433,-28.623529411764707,7
0.05,85,83,-2350,-27.325581395348838,100
0.05,86,84,-2266,-26.04597701149425,71
0.05,87,19,-2247,-25.53409090909091,79
0.05,88,94,-2153,-24.191011235955056,7
0.05,89,-5,-2158,-23.977777777777778,265
0.05,90,19,-2139,-23.505494505494507,110
0.05,91,69,-2070,-22.5,266
0.05,92,95,-1975,-21.236559139784948,6
0.05,93,95,-1880,-20.0,14
0.05,94,94,-1786,-18.8,7
0.05,95,91,-1695,-17.65625,11
0.05,96,92,-1603,-16.52577319587629,9
0.05,97,94,-1509,-15.39795918367347,7
0.05,98,96,-1413,-14.272727272727273,9
0.05,99,95,-1318,-13.18,6
0.05,100,94,-1224,-12.118811881188119,9
0.05,101,94,-1130,-11.07843137254902,7
0.05,102,95,-1035,-10.048543689320388,6
0.05,103,24,-1011,-9.721153846153847,8
0.05,104,93,-918,-8.742857142857142,9
0.05,105,-44,-962,-9.075471698113208,9
0.05,106,91,-871,-8.14018691588785,11
0.05,107,90,-781,-7.231481481481482,20
0.05,108,95,-686,-6.293577981651376,24
0.05,109,96,-590,-5.363636363636363,18
0.05,110,91,-499,-4.495495495495495,10
0.05,111,93,-406,-3.625,8
0.05,112,91,-315,-2.7876106194690267,10
0.05,113,93,-222,-1.9473684210526316,8
0.05,114,27,-195,-1.6956521739130435,7
0.05,115,85,-110,-0.9482758620689655,45
0.05,116,95,-15,-0.1282051282051282,19
0.05,117,96,81,0.6864406779661016,6
0.05,118,95,176,1.4789915966386555,6
0.05,119,94,270,2.25,7
0.05,120,93,363,3.0,8
0.05,121,93,456,3.737704918032787,8
0.05,122,96,552,4.487804878048781,12
0.05,123,94,646,5.209677419354839,7
0.05,124,94,740,5.92,7
0.05,125,85,825,6.5476190476190474,16
0.05,126,95,920,7.244094488188976,6
0.05,127,94,1014,7.921875,7
0.05,128,96,1110,8.604651162790697,12
0.05,129,94,1204,9.261538461538462,18
0.05,130,94,1298,9.908396946564885,7
0.05,131,96,1394,10.56060606060606,26
0.05,132,94,1488,11.18796992481203,7
0.05,133,94,1582,11.805970149253731,7
0.05,134,96,1678,12.42962962962963,11
0.05,135,92,1770,13.014705882352942,9
0.05,136,93,1863,13.598540145985401,8
0.05,137,93,1956,14.173913043478262,8
0.05,138,95,2051,14.755395683453237,7
0.05,139,95,2146,15.32857142857143,6
0.05,140,94,2240,15.886524822695035,36
0.05,141,95,2335,16.443661971830984,13
0.05,142,92,2427,16.972027972027973,9
0.05,143,94,2521,17.506944444444443,7
0.05,144,95,2616,18.041379310344826,15
0.05,145,88,2704,18.52054794520548,19
0.05,146,93,2797,19.027210884353742,9
0.05,147,91,2888,19.513513513513512,11
0.05,148,94,2982,20.013422818791945,7
0.05,149,89,3071,20.473333333333333,12
0.05,150,94,3165,20.960264900662253,7
0.05,151,94,3259,21.44078947368421,7
0.05,152,94,3353,21.915032679738562,7
0.05,153,94,3447,22.383116883116884,13
0.05,154,94,3541,22.84516129032258,7
0.05,155,95,3636,23.307692307692307,6
0.05,156,23,3659,23.305732484076433,9
0.05,157,92,3751,23.740506329113924,9
0.05,158,96,3847,24.19496855345912,8
0.05,159,91,3938,24.6125,10
0.05,160,95,4033,25.049689440993788,6
0.05,161,94,4127,25.47530864197531,7
0.05,162,94,4221,25.895705521472394,7
0.05,163,94,4315,26.3109756097561,16
0.05,164,91,4406,26.703030303030303,10
0.05,165,16,4422,26.63855421686747,16
0.05,166,22,4444,26.610778443113773,10
0.05,167,94,4538,27.011904761904763,7
0.05,168,90,4628,27.384615384615383,11
0.05,169,94,4722,27.776470588235295,7
0.05,170,94,4816,28.16374269005848,7
0.05,171,95,4911,28.552325581395348,7
0.05,172,91,5002,28.91329479768786,10
0.05,173,92,5094,29.275862068965516,21
0.05,174,96,5190,29.65714285714286,14
0.05,175,93,5283,30.017045454545453,14
0.05,176,94,5377,30.37853107344633,7
0.05,177,92,5469,30.724719101123597,21
0.05,178,95,5564,31.083798882681563,6
0.05,179,94,5658,31.433333333333334,10
0.05,180,94,5752,31.77900552486188,7
0.05,181,89,5841,32.09340659340659,12
0.05,182,96,5937,32.442622950819676,7
0.05,183,91,6028,32.76086956521739,10
0.05,184,94,6122,33.09189189189189,7
0.05,185,94,6216,33.41935483870968,14
0.05,186,94,6310,33.74331550802139,7
0.05,187,94,6404,34.06382978723404,7
0.05,188,94,6498,34.38095238095238,7
0.05,189,92,6590,34.68421052631579,9
0.05,190,94,6684,34.99476439790576,7
0.05,191,89,6773,35.276041666666664,16
0.05,192,89,6862,35.55440414507772,15
0.05,193,95,6957,35.86082474226804,6
0.05,194,94,7051,36.15897435897436,7
0.05,195,94,7145,36.454081632653065,7
0.05,196,88,7233,36.71573604060914,18
0.05,197,94,7327,37.005050505050505,18
0.05,198,95,7422,37.2964824120603,6
0.05,199,93,7515,37.575,8
0.05,200,22,7537,37.49751243781095,10
0.05,201,89,7626,37.75247524752475,12
0.05,202,92,7718,38.01970443349754,10
0.05,203,93,7811,38.28921568627451,8
0.05,204,92,7903,38.551219512195125,9
0.05,205,90,7993,38.800970873786405,11
0.05,206,94,8087,39.067632850241544,7
0.05,207,88,8175,39.30288461538461,13
0.05,208,96,8271,39.57416267942584,26
0.05,209,95,8366,39.838095238095235,6
0.05,210,94,8460,40.09478672985782,7
0.05,211,92,8552,40.339622641509436,9
0.05,212,93,8645,40.586854460093896,8
0.05,213,93,8738,40.83177570093458,15
0.05,214,93,8831,41.074418604651164,8
0.05,215,94,8925,41.31944444444444,7
0.05,216,94,9019,41.56221198156682,7
0.05,217,91,9110,41.788990825688074,10
0.05,218,22,9132,41.6986301369863,10
0.05,219,95,9227,41.94090909090909,6
0.05,220,93,9320,42.171945701357465,8
0.05,221,94,9414,42.4054054054054,7
0.05,222,92,9506,42.62780269058296,12
0.05,223,96,9602,42.86607142857143,10
0.05,224,94,9696,43.093333333333334,7
0.05,225,92,9788,43.309734513274336,10
0.05,226,96,9884,43.541850220264315,6
0.05,227,92,9976,43.75438596491228,9
0.05,228,93,10069,43.96943231441048,8
0.05,229,92,10161,44.178260869565214,9
0.05,230,93,10254,44.38961038961039,8
0.05,231,95,10349,44.60775862068966,6
0.05,232,94,10443,44.81974248927039,7
0.05,233,93,10536,45.02564102564103,8
0.05,234,94,10630,45.234042553191486,7
0.05,235,94,10724,45.440677966101696,7
0.05,236,93,10817,45.641350210970465,8
0.05,237,93,10910,45.84033613445378,8
0.05,238,94,11004,46.0418410041841,7
0.05,239,95,11099,46.24583333333333,6
0.05,240,91,11190,46.43153526970954,10
0.05,241,95,11285,46.63223140495868,6
0.05,242,90,11375,46.81069958847737,11
0.05,243,94,11469,47.00409836065574,7
0.05,244,94,11563,47.19591836734694,7
0.05,245,93,11656,47.38211382113821,8
0.05,246,92,11748,47.56275303643725,18
0.05,247,93,11841,47.74596774193548,8
0.05,248,93,11934,47.9277108433735,21
0.05,249,93,12027,48.108,8
0.05,250,94,12121,48.29083665338646,7
0.05,251,25,12146,48.198412698412696,7
0.05,252,93,12239,48.37549407114624,8
0.05,253,95,12334,48.55905511811024,6
0.05,254,95,12429,48.741176470588236,6
0.05,255,92,12521,48.91015625,15
0.05,256,94,12615,49.08560311284047,7
0.05,257,93,12708,49.25581395348837,8
0.05,258,95,12803,49.432432432432435,6
0.05,259,93,12896,49.6,8
0.05,260,96,12992,49.77777777777778,12
0.05,261,96,13088,49.954198473282446,11
0.05,262,95,13183,50.125475285171106,6
0.05,263,93,13276,50.28787878787879,8
0.05,264,94,13370,50.45283018867924,7
0.05,265,93,13463,50.61278195488722,14
0.05,266,96,13559,50.78277153558052,9
0.05,267,93,13652,50.940298507462686,8
0.05,268,93,13745,51.09665427509294,8
0.05,269,93,13838,51.25185185185185,12
0.05,270,94,13932,51.40959409594096,7
0.05,271,95,14027,51.56985294117647,16
0.05,272,94,14121,51.72527472527472,12
0.05,273,94,14215,51.87956204379562,7
0.05,274,94,14309,52.03272727272727,18
0.05,275,96,14405,52.19202898550725,16
0.05,276,94,14499,52.34296028880866,7
0.05,277,94,14593,52.492805755395686,7
0.05,278,95,14688,52.645161290322584,6
0.05,279,96,14784,52.8,6
0.05,280,94,14878,52.94661921708185,8
0.05,281,94,14972,53.09219858156028,9
0.05,282,95,15067,53.24028268551237,6
0.05,283,94,15161,53.38380281690141,23
0.05,284,94,15255,53.526315789473685,7
0.05,285,95,15350,53.67132867132867,6
0.05,286,92,15442,53.80487804878049,9
0.05,287,92,15534,53.9375,9
0.05,288,92,15626,54.069204152249135,9
0.05,289,94,15720,54.206896551724135,12
0.05,290,96,15816,54.350515463917525,21
0.05,291,94,15910,54.486301369863014,7
0.05,292,93,16003,54.617747440273035,8
0.05,293,95,16098,54.755102040816325,6
0.05,294,94,16192,54.88813559322034,7
0.05,295,21,16213,54.773648648648646,16
0.05,296,94,16307,54.9057239057239,7
0.05,297,91,16398,55.02684563758389,13
0.05,298,95,16493,55.16053511705686,6
0.05,299,93,16586,55.28666666666667,8
0.05,300,95,16681,55.41860465116279,6
0.05,301,94,16775,55.54635761589404,8
0.05,302,27,16802,55.45214521452145,12
0.05,303,94,16896,55.578947368421055,7
0.05,304,93,16989,55.7016393442623,11
0.05,305,95,17084,55.830065359477125,15
0.05,306,93,17177,55.95114006514658,8
0.05,307,94,17271,56.074675324675326,7
0.05,308,92,17363,56.19093851132686,9
0.05,309,95,17458,56.31612903225806,6
0.05,310,94,17552,56.437299035369776,7
0.05,311,92,17644,56.55128205128205,9
0.05,312,90,17734,56.65814696485623,15
0.05,313,95,17829,56.78025477707006,6
0.05,314,91,17920,56.888888888888886,13
0.05,315,93,18013,57.00316455696203,8
0.05,316,95,18108,57.12302839116719,6
0.05,317,94,18202,57.23899371069182,7
0.05,318,95,18297,57.357366771159874,6
0.05,319,96,18393,57.478125,21
0.05,320,94,18487,57.59190031152648,7
0.05,321,93,18580,57.701863354037265,8
0.05,322,92,18672,57.808049535603715,9
0.05,323,94,18766,57.91975308641975,7
0.05,324,90,18856,58.01846153846154,11
0.05,325,95,18951,58.1319018404908,6
0.05,326,94,19045,58.24159021406728,11
0.05,327,96,19141,58.35670731707317,7
0.05,328,92,19233,58.45896656534954,9
0.05,329,94,19327,58.56666666666667,7
0.05,330,90,19417,58.661631419939575,11
0.05,331,95,19512,58.7710843373494,6
0.05,332,96,19608,58.88288288288288,16
0.05,333,94,19702,58.98802395209581,7
0.05,334,94,19796,59.092537313432835,7
0.05,335,95,19891,59.19940476190476,6
0.05,336,95,19986,59.30563798219585,6
0.05,337,93,20079,59.405325443786985,8
0.05,338,94,20173,59.50737463126843,7
0.05,339,94,20267,59.608823529411765,7
0.05,340,92,20359,59.70381231671554,10
0.05,341,26,20385,59.60526315789474,12
0.05,342,95,20480,59.708454810495624,6
0.05,343,96,20576,59.81395348837209,6
0.05,344,92,20668,59.90724637681159,9
0.05,345,96,20764,60.01156069364162,6
0.05,346,24,20788,59.90778097982709,9
0.05,347,92,20880,60.0,9
0.05,348,94,20974,60.097421203438394,7
0.05,349,92,21066,60.18857142857143,9
0.05,350,94,21160,60.28490028490028,8
0.05,351,95,21255,60.38352272727273,6
0.05,352,94,21349,60.478753541076486,7
0.05,353,94,21443,60.57344632768361,7
0.05,354,94,21537,60.667605633802815,7
0.05,355,93,21630,60.758426966292134,8
0.05,356,94,21724,60.851540616246496,7
0.05,357,94,21818,60.944134078212294,7
0.05,358,92,21910,61.030640668523674,9
0.05,359,95,22005,61.125,7
0.05,360,96,22101,61.22160664819945,6
0.05,361,94,22195,61.312154696132595,7
0.05,362,94,22289,61.40220385674931,7
0.05,363,93,22382,61.489010989010985,8
0.05,364,94,22476,61.57808219178082,7
0.05,365,92,22568,61.66120218579235,9
0.05,366,93,22661,61.746594005449595,8
0.05,367,95,22756,61.83695652173913,6
0.05,368,94,22850,61.924119241192415,8
0.05,369,88,22938,61.994594594594595,13
0.05,370,95,23033,62.08355795148248,6
0.05,371,96,23129,62.174731182795696,6
0.05,372,96,23225,62.265415549597854,6
0.05,373,92,23317,62.344919786096256,9
0.05,374,94,23411,62.42933333333333,7
0.05,375,94,23505,62.513297872340424,8
0.05,376,92,23597,62.59151193633952,9
0.05,377,95,23692,62.67724867724868,6
0.05,378,95,23787,62.76253298153034,6
0.05,379,95,23882,62.84736842105263,6
0.05,380,94,23976,62.92913385826772,8
0.05,381,90,24066,63.0,11
0.05,382,25,24091,62.900783289817234,8
0.05,383,94,24185,62.981770833333336,7
0.05,384,94,24279,63.06233766233766,7
0.05,385,96,24375,63.14766839378238,6
0.05,386,94,24469,63.22739018087855,7
0.05,387,91,24560,63.29896907216495,10
0.05,388,94,24654,63.37789203084833,7
0.05,389,94,24748,63.45641025641026,8
0.05,390,92,24840,63.529411764705884,9
0.05,391,95,24935,63.609693877551024,6
0.05,392,92,25027,63.68193384223918,9
0.05,393,94,25121,63.75888324873097,7
0.05,394,95,25216,63.8379746835443,6
0.05,395,93,25309,63.91161616161616,8
0.05,396,93,25402,63.984886649874056,8
0.05,397,23,25425,63.881909547738694,9
0.05,398,94,25519,63.957393483709275,7
0.05,399,92,25611,64.0275,9
0.05,400,95,25706,64.10473815461347,6
0.05,401,25,25731,64.00746268656717,8
0.05,402,90,25821,64.07196029776675,11
0.05,403,95,25916,64.14851485148515,6
0.05,404,95,26011,64.22469135802469,6
0.05,405,94,26105,64.29802955665025,7
0.05,406,94,26199,64.37100737100737,7
0.05,407,96,26295,64.44852941176471,6
0.05,408,94,26389,64.52078239608802,7
0.05,409,95,26484,64.59512195121951,6
0.05,410,95,26579,64.669099756691,6
0.05,411,95,26674,64.74271844660194,6
0.05,412,21,26695,64.63680387409201,11
0.05,413,94,26789,64.70772946859903,7
0.05,414,94,26883,64.77831325301204,7
0.05,415,96,26979,64.85336538461539,6
0.05,416,92,27071,64.91846522781775,9
0.05,417,94,27165,64.98803827751196,7
0.05,418,91,27256,65.05011933174224,11
0.05,419,94,27350,65.11904761904762,7
0.05,420,27,27377,65.02850356294537,6
0.05,421,95,27472,65.0995260663507,6
0.05,422,25,27497,65.00472813238771,8
0.05,423,94,27591,65.07311320754717,7
0.05,424,94,27685,65.14117647058823,8
0.05,425,92,27777,65.20422535211267,9
0.05,426,94,27871,65.27166276346604,7
0.05,427,94,27965,65.33878504672897,7
0.05,428,94,28059,65.4055944055944,8
0.05,429,89,28148,65.46046511627907,12
0.05,430,95,28243,65.52900232018561,6
0.05,431,95,28338,65.59722222222223,6
0.05,432,94,28432,65.66281755196304,7
0.05,433,89,28521,65.71658986175115,12
0.05,434,94,28615,65.7816091954023,7
0.05,435,96,28711,65.85091743119266,6
0.05,436,94,28805,65.91533180778032,7
0.05,437,92,28897,65.97488584474885,9
0.05,438,94,28991,66.03872437357631,7
0.05,439,92,29083,66.09772727272727,9
0.05,440,95,29178,66.16326530612245,6
0.05,441,96,29274,66.23076923076923,6
0.05,442,96,29370,66.2979683972912,6
0.05,443,96,29466,66.36486486486487,6
0.05,444,92,29558,66.42247191011236,9
0.05,445,95,29653,66.48654708520179,6
0.05,446,94,29747,66.54809843400447,7
0.05,447,95,29842,66.61160714285714,6
0.05,448,94,29936,66.67260579064587,7
0.05,449,96,30032,66.73777777777778,6
0.05,450,93,30125,66.7960088691796,8
0.05,451,92,30217,66.85176991150442,9
0.05,452,94,30311,66.91169977924945,7
0.05,453,23,30334,66.81497797356828,9
0.05,454,93,30427,66.87252747252747,8
0.05,455,94,30521,66.93201754385964,7
0.05,456,95,30616,66.99343544857769,6
0.05,457,95,30711,67.05458515283843,7
0.05,458,25,30736,66.96296296296296,8
0.05,459,94,30830,67.02173913043478,7
0.05,460,27,30857,66.9349240780911,6
0.05,461,95,30952,66.99567099567099,6
0.05,462,94,31046,67.05399568034558,7
0.05,463,95,31141,67.11422413793103,6
0.05,464,90,31231,67.16344086021505,11
0.05,465,94,31325,67.22103004291846,7
0.05,466,19,31344,67.11777301927195,13
0.05,467,95,31439,67.17735042735043,6
0.05,468,95,31534,67.2366737739872,6
0.05,469,94,31628,67.29361702127659,7
0.05,470,94,31722,67.35031847133757,7
0.05,471,94,31816,67.40677966101696,7
0.05,472,93,31909,67.46088794926004,9
0.05,473,95,32004,67.51898734177215,7
0.05,474,93,32097,67.57263157894737,8
0.05,475,96,32193,67.63235294117646,6
0.05,476,95,32288,67.68972746331237,7
0.05,477,95,32383,67.74686192468619,6
0.05,478,94,32477,67.80167014613778,7
0.05,479,95,32572,67.85833333333333,7
0.05,480,96,32668,67.91683991683992,6
0.05,481,96,32764,67.97510373443983,6
0.05,482,94,32858,68.02898550724638,7
0.05,483,94,32952,68.08264462809917,7
0.05,484,92,33044,68.1319587628866,9
0.05,485,91,33135,68.17901234567901,10
0.05,486,94,33229,68.23203285420945,7
0.05,487,92,33321,68.28073770491804,11
0.05,488,95,33416,68.33537832310839,6
0.05,489,94,33510,68.38775510204081,8
0.05,490,96,33606,68.44399185336049,7
0.05,491,91,33697,68.48983739837398,10
0.05,492,93,33790,68.5395537525355,8
0.05,493,94,33884,68.5910931174089,7
0.05,494,94,33978,68.64242424242424,7
0.05,495,94,34072,68.69354838709677,7
0.05,496,90,34162,68.7364185110664,11
0.05,497,94,34256,68.78714859437751,7
0.05,498,94,34350,68.8376753507014,7
0.05,499,94,34444,68.888,7
0.05,500,95,34539,68.94011976047904,6
0.05,501,94,34633,68.99003984063745,7
0.05,502,95,34728,69.04174950298211,6
0.05,503,94,34822,69.09126984126983,7
0.05,504,94,34916,69.14059405940594,7
0.05,505,94,35010,69.18972332015811,8
0.05,506,96,35106,69.24260355029585,6
0.05,507,92,35198,69.28740157480316,9
0.05,508,93,35291,69.33398821218074,8
0.05,509,20,35311,69.23725490196078,12
0.05,510,94,35405,69.28571428571429,7
0.05,511,93,35498,69.33203125,8
0.05,512,94,35592,69.38011695906432,7
0.05,513,95,35687,69.42996108949416,6
0.05,514,94,35781,69.47766990291262,7
0.05,515,21,35802,69.38372093023256,11
0.05,516,94,35896,69.43133462282398,8
0.05,517,94,35990,69.47876447876448,7
0.05,518,96,36086,69.52986512524085,6
0.05,519,95,36181,69.57884615384616,6
0.05,520,95,36276,69.62763915547025,6
0.05,521,95,36371,69.67624521072797,6
0.05,522,23,36394,69.58699808795411,9
0.05,523,94,36488,69.63358778625954,7
0.05,524,94,36582,69.68,7
0.05,525,94,36676,69.72623574144487,8
0.05,526,94,36770,69.77229601518026,8
0.05,527,96,36866,69.8219696969697,6
0.05,528,94,36960,69.86767485822307,7
0.05,529,94,37054,69.9132075471698,7
0.05,530,25,37079,69.8286252354049,8
0.05,531,95,37174,69.87593984962406,6
0.05,532,95,37269,69.92307692307692,6
0.05,533,95,37364,69.97003745318352,7
0.05,534,96,37460,70.01869158878505,6
0.05,535,94,37554,70.06343283582089,7
0.05,536,94,37648,70.10800744878958,7
0.05,537,94,37742,70.15241635687732,7
0.05,538,94,37836,70.19666048237477,7
0.05,539,94,37930,70.24074074074075,7
0.05,540,95,38025,70.28650646950092,6
0.05,541,92,38117,70.32656826568265,9
0.05,542,88,38205,70.35911602209944,13
0.05,543,96,38301,70.40625,6
0.05,544,93,38394,70.44770642201834,8
0.05,545,93,38487,70.48901098901099,8
0.05,546,94,38581,70.53199268738574,7
0.05,547,93,38674,70.57299270072993,8
0.05,548,93,38767,70.61384335154827,8
0.05,549,91,38858,70.6509090909091,10
0.05,550,94,38952,70.69328493647913,7
0.05,551,94,39046,70.73550724637681,7
0.05,552,96,39142,70.78119349005425,6
0.05,553,90,39232,70.8158844765343,11
0.05,554,93,39325,70.85585585585585,8
0.05,555,94,39419,70.89748201438849,7
0.05,556,96,39515,70.94254937163375,6
0.05,557,94,39609,70.98387096774194,7
0.05,558,95,39704,71.02683363148479,6
0.05,559,95,39799,71.06964285714285,6
0.05,560,94,39893,71.11051693404634,8
0.05,561,94,39987,71.15124555160142,7
0.05,562,94,40081,71.19182948490231,8
0.05,563,95,40176,71.23404255319149,6
0.05,564,92,40268,71.270796460177,10
0.05,565,95,40363,71.31272084805654,7
0.05,566,95,40458,71.35449735449735,6
0.05,567,94,40552,71.3943661971831,7
0.05,568,96,40648,71.43760984182776,6
0.05,569,94,40742,71.47719298245615,7
0.05,570,95,40837,71.5183887915937,6
0.05,571,91,40928,71.55244755244755,10
0.05,572,94,41022,71.59162303664921,7
0.05,573,94,41116,71.63066202090593,7
0.05,574,94,41210,71.66956521739131,7
0.05,575,96,41306,71.71180555555556,6
0.05,576,90,41396,71.74350086655113,11
0.05,577,92,41488,71.77854671280276,9
0.05,578,94,41582,71.81692573402418,7
0.05,579,94,41676,71.8551724137931,7
0.05,580,94,41770,71.89328743545612,7
0.05,581,94,41864,71.93127147766323,8
0.05,582,94,41958,71.96912521440824,7
0.05,583,94,42052,72.0068493150685,7
0.05,584,96,42148,72.04786324786325,6
0.05,585,95,42243,72.08703071672355,6
0.05,586,92,42335,72.12095400340715,9
0.05,587,95,42430,72.15986394557824,6
0.05,588,94,42524,72.19694397283531,7
0.05,589,94,42618,72.23389830508475,7
0.05,590,92,42710,72.2673434856176,9
0.05,591,96,42806,72.30743243243244,6
0.05,592,89,42895,72.33558178752108,12
0.05,593,93,42988,72.37037037037037,9
0.05,594,94,43082,72.40672268907564,7
0.05,595,95,43177,72.44463087248322,6
0.05,596,94,43271,72.48073701842546,7
0.05,597,93,43364,72.51505016722408,8
0.05,598,94,43458,72.55091819699499,7
0.05,599,94,43552,72.58666666666667,7
0.05,600,93,43645,72.6206322795341,9
0.05,601,95,43740,72.6578073089701,7
0.05,602,94,43834,72.69320066334991,7
0.05,603,94,43928,72.72847682119205,7
0.05,604,95,44023,72.76528925619834,6
0.05,605,27,44050,72.6897689768977,6
0.05,606,94,44144,72.72487644151565,7
0.05,607,92,44236,72.75657894736842,9
0.05,608,17,44253,72.66502463054188,15
0.05,609,96,44349,72.70327868852459,6
0.05,610,94,44443,72.73813420621931,7
0.05,611,94,44537,72.77287581699346,7
0.05,612,92,44629,72.8042414355628,10
0.05,613,93,44722,72.8371335504886,8
0.05,614,94,44816,72.87154471544716,7
0.05,615,96,44912,72.9090909090909,6
0.05,616,94,45006,72.94327390599676,8
0.05,617,-47,44959,72.74919093851133,11
0.05,618,94,45053,72.78352180936996,8
0.05,619,94,45147,72.81774193548387,7
0.05,620,92,45239,72.84863123993559,9
0.05,621,91,45330,72.87781350482315,10
0.05,622,91,45421,72.90690208667736,12
0.05,623,96,45517,72.94391025641026,6
0.05,624,94,45611,72.9776,7
0.05,625,94,45705,73.0111821086262,7
0.05,626,93,45798,73.04306220095694,8
0.05,627,94,45892,73.07643312101911,7
0.05,628,90,45982,73.1033386327504,11
0.05,629,94,46076,73.13650793650794,7
0.05,630,93,46169,73.16798732171156,8
0.05,631,92,46261,73.19778481012658,9
0.05,632,93,46354,73.22906793048973,8
0.05,633,94,46448,73.26182965299685,7
0.05,634,94,46542,73.29448818897637,7
0.05,635,92,46634,73.32389937106919,9
0.05,636,92,46726,73.35321821036106,9
0.05,637,19,46745,73.2680250783699,13
0.05,638,96,46841,73.30359937402191,6
0.05,639,95,46936,73.3375,6
0.05,640,-50,46886,73.14508580343214,13
0.05,641,95,46981,73.1791277258567,7
0.05,642,96,47077,73.21461897356143,6
0.05,643,94,47171,73.2468944099379,7
0.05,644,95,47266,73.28062015503876,6
0.05,645,95,47361,73.31424148606811,6
0.05,646,90,47451,73.34003091190108,11
0.05,647,94,47545,73.37191358024691,7
0.05,648,95,47640,73.40523882896764,7
0.05,649,94,47734,73.43692307692308,7
0.05,650,94,47828,73.46850998463901,7
0.05,651,95,47923,73.50153374233129,6
0.05,652,91,48014,73.52833078101072,10
0.05,653,20,48034,73.44648318042813,12
0.05,654,94,48128,73.47786259541985,7
0.05,655,94,48222,73.50914634146342,7
0.05,656,96,48318,73.54337899543378,6
0.05,657,92,48410,73.57142857142857,9
0.05,658,94,48504,73.60242792109257,8
0.05,659,95,48599,73.63484848484849,6
0.05,660,93,48692,73.66414523449319,8
0.05,661,91,48783,73.690332326284,10
0.05,662,94,48877,73.72096530920061,7
0.05,663,94,48971,73.75150602409639,7
0.05,664,95,49066,73.78345864661654,7
0.05,665,94,49160,73.81381381381381,7
0.05,666,94,49254,73.8440779610195,7
0.05,667,96,49350,73.87724550898204,6
0.05,668,90,49440,73.90134529147981,11
0.05,669,92,49532,73.92835820895522,9
0.05,670,94,49626,73.95827123695976,7
0.05,671,94,49720,73.98809523809524,7
0.05,672,93,49813,74.01634472511144,8
0.05,673,27,49840,73.94658753709199,6
0.05,674,93,49933,73.97481481481482,8
0.05,675,95,50028,74.00591715976331,6
0.05,676,94,50122,74.0354505169867,7
0.05,677,93,50215,74.06342182890856,8
0.05,678,94,50309,74.09278350515464,7
0.05,679,94,50403,74.12205882352941,7
0.05,680,96,50499,74.15418502202643,6
0.05,681,94,50593,74.18328445747801,7
0.05,682,94,50687,74.21229868228404,7
0.05,683,27,50714,74.14327485380117,6
0.05,684,94,50808,74.17226277372262,7
0.05,685,94,50902,74.20116618075802,7
0.05,686,95,50997,74.23144104803494,6
0.05,687,96,51093,74.26308139534883,6
0.05,688,93,51186,74.29027576197387,8
0.05,689,96,51282,74.32173913043478,6
0.05,690,95,51377,74.35166425470332,6
0.05,691,92,51469,74.3771676300578,9
0.05,692,94,51563,74.40548340548341,7
0.05,693,89,51652,74.42651296829972,13
0.05,694,96,51748,74.45755395683453,6
0.05,695,93,51841,74.48419540229885,8
0.05,696,92,51933,74.50932568149211,10
0.05,697,94,52027,74.53724928366762,7
0.05,698,92,52119,74.56223175965665,9
0.05,699,94,52213,74.59,7
0.05,700,94,52307,74.61768901569187,7
0.05,701,95,52402,74.64672364672364,6
0.05,702,95,52497,74.67567567567568,6
0.05,703,94,52591,74.703125,7
0.05,704,94,52685,74.73049645390071,8
0.05,705,95,52780,74.75920679886686,8
0.05,706,90,52870,74.78076379066478,11
0.05,707,92,52962,74.80508474576271,9
0.05,708,95,53057,74.83356840620593,6
0.05,709,94,53151,74.86056338028169,7
0.05,710,94,53245,74.88748241912799,7
0.05,711,94,53339,74.91432584269663,7
0.05,712,96,53435,74.94389901823281,6
0.05,713,93,53528,74.96918767507003,8
0.05,714,93,53621,74.99440559440559,8
0.05,715,96,53717,75.02374301675978,6
0.05,716,94,53811,75.05020920502092,7
0.05,717,94,53905,75.07660167130919,7
0.05,718,94,53999,75.1029207232267,7
0.05,719,96,54095,75.13194444444444,6
0.05,720,94,54189,75.15811373092926,7
0.05,721,96,54285,75.18698060941828,6
0.05,722,95,54380,75.21438450899032,6
0.05,723,93,54473,75.23895027624309,8
0.05,724,94,54567,75.26482758620689,7
0.05,725,93,54660,75.2892561983471,8
0.05,726,94,54754,75.3149931224209,7
0.05,727,92,54846,75.33791208791209,9
0.05,728,-47,54799,75.17009602194787,11
0.05,729,95,54894,75.1972602739726,6
0.05,730,94,54988,75.22298221614227,8
0.05,731,92,55080,75.24590163934427,9
0.05,732,94,55174,75.27148703956344,7
0.05,733,94,55268,75.29700272479565,8
0.05,734,95,55363,75.32380952380953,6
0.05,735,96,55459,75.35190217391305,6
0.05,736,94,55553,75.37720488466758,7
0.05,737,96,55649,75.40514905149051,6
0.05,738,94,55743,75.43031123139377,7
0.05,739,92,55835,75.45270270270271,9
0.05,740,95,55930,75.47908232118759,7
0.05,741,94,56024,75.50404312668464,7
0.05,742,96,56120,75.53162853297442,6
0.05,743,91,56211,75.5524193548387,10
0.05,744,96,56307,75.57986577181208,6
0.05,745,95,56402,75.6058981233244,7
0.05,746,96,56498,75.63319946452476,6
0.05,747,95,56593,75.6590909090909,6
0.05,748,96,56689,75.68624833110815,6
0.05,749,95,56784,75.712,6
0.05,750,95,56879,75.73768308921439,6
0.05,751,91,56970,75.75797872340425,10
0.05,752,94,57064,75.78220451527224,7
0.05,753,96,57160,75.80901856763926,6
0.05,754,95,57255,75.83443708609272,6
0.05,755,94,57349,75.85846560846561,8
0.05,756,90,57439,75.8771466314399,11
0.05,757,94,57533,75.90105540897098,7
0.05,758,95,57628,75.9262187088274,6
0.05,759,94,57722,75.95,7
0.05,760,94,57816,75.97371879106439,7
0.05,761,94,57910,75.99737532808399,7
0.05,762,96,58006,76.02359108781127,6
0.05,763,24,58030,75.95549738219896,8
0.05,764,92,58122,75.97647058823529,9
0.05,765,95,58217,76.00130548302872,6
0.05,766,95,58312,76.02607561929595,6
0.05,767,95,58407,76.05078125,6
0.05,768,27,58434,75.98699609882965,6
0.05,769,95,58529,76.01168831168832,6
0.05,770,95,58624,76.03631647211414,6
0.05,771,93,58717,76.05829015544042,8
0.05,772,95,58812,76.08279430789133,7
0.05,773,92,58904,76.10335917312662,9
0.05,774,95,58999,76.12774193548387,6
0.05,775,96,59095,76.15335051546391,6
0.05,776,96,59191,76.17889317889318,6
0.05,777,93,59284,76.20051413881748,9
0.05,778,96,59380,76.22593068035944,6
0.05,779,92,59472,76.24615384615385,9
0.05,780,92,59564,76.26632522407171,9
0.05,781,94,59658,76.28900255754476,7
0.05,782,24,59682,76.22222222222223,8
0.05,783,94,59776,76.24489795918367,7
0.05,784,94,59870,76.26751592356688,7
0.05,785,94,59964,76.29007633587786,7
0.05,786,94,60058,76.3125794155019,7
0.05,787,96,60154,76.33756345177665,6
0.05,788,96,60250,76.36248415716096,6
0.05,789,94,60344,76.38481012658228,8
0.05,790,94,60438,76.40707964601769,7
0.05,791,92,60530,76.42676767676768,9
0.05,792,95,60625,76.45018915510718,6
0.05,793,94,60719,76.47229219143577,7
0.05,794,23,60742,76.40503144654087,9
0.05,795,94,60836,76.42713567839196,7
0.05,796,94,60930,76.44918444165621,7
0.05,797,96,61026,76.47368421052632,6
0.05,798,95,61121,76.49687108886107,6
0.05,799,95,61216,76.52,6
0.05,800,95,61311,76.54307116104869,8
0.05,801,-45,61266,76.39152119700748,9
0.05,802,94,61360,76.4134495641345,7
0.05,803,94,61454,76.43532338308458,7
0.05,804,92,61546,76.45465838509317,10
0.05,805,92,61638,76.47394540942928,9
0.05,806,95,61733,76.49690210656753,6
0.05,807,94,61827,76.51856435643565,7
0.05,808,93,61920,76.5389369592089,8
0.05,809,94,62014,76.5604938271605,7
0.05,810,96,62110,76.58446362515413,6
0.05,811,25,62135,76.52093596059113,8
0.05,812,92,62227,76.539975399754,9
0.05,813,93,62320,76.56019656019656,8
0.05,814,94,62414,76.58159509202454,7
0.05,815,94,62508,76.6029411764706,7
0.05,816,93,62601,76.62301101591187,8
0.05,817,94,62695,76.64425427872861,7
0.05,818,92,62787,76.66300366300366,9
0.05,819,93,62880,76.6829268292683,9
0.05,820,95,62975,76.70523751522533,6
0.05,821,95,63070,76.72749391727494,7
0.05,822,94,63164,76.74848116646416,8
0.05,823,88,63252,76.7621359223301,13
0.05,824,96,63348,76.78545454545454,6
0.05,825,94,63442,76.80629539951573,7
0.05,826,95,63537,76.82829504232164,6
0.05,827,95,63632,76.85024154589372,6
0.05,828,94,63726,76.87092882991556,7
0.05,829,96,63822,76.89397590361446,6
0.05,830,95,63917,76.91576413959085,6
0.05,831,21,63938,76.8485576923077,11
0.05,832,93,64031,76.86794717887155,8
0.05,833,94,64125,76.88848920863309,8
0.05,834,96,64221,76.91137724550899,6
0.05,835,94,64315,76.93181818181819,7
0.05,836,95,64410,76.95340501792114,6
0.05,837,27,64437,76.89379474940334,6
0.05,838,95,64532,76.91537544696067,6
0.05,839,94,64626,76.93571428571428,7
0.05,840,95,64721,76.95719381688465,7
0.05,841,96,64817,76.97980997624703,6
0.05,842,95,64912,77.00118623962041,6
0.05,843,91,65003,77.01777251184834,10
0.05,844,95,65098,77.03905325443787,6
0.05,845,95,65193,77.06028368794327,6
0.05,846,92,65285,77.07792207792208,9
0.05,847,91,65376,77.09433962264151,10
0.05,848,95,65471,77.11542991755006,6
0.05,849,94,65565,77.13529411764706,7
0.05,850,93,65658,77.1539365452409,8
0.05,851,92,65750,77.17136150234742,9
0.05,852,94,65844,77.19109026963658,7
0.05,853,93,65937,77.2096018735363,8
0.05,854,96,66033,77.23157894736842,6
0.05,855,95,66128,77.25233644859813,6
0.05,856,92,66220,77.26954492415402,9
0.05,857,90,66310,77.28438228438229,11
0.05,858,92,66402,77.30151338766007,9
0.05,859,94,66496,77.32093023255814,8
0.05,860,95,66591,77.34146341463415,6
0.05,861,94,66685,77.36078886310905,7
0.05,862,92,66777,77.37775202780996,9
0.05,863,92,66869,77.39467592592592,9
0.05,864,94,66963,77.41387283236995,7
0.05,865,95,67058,77.43418013856812,8
0.05,866,95,67153,77.45444059976931,6
0.05,867,-53,67100,77.3041474654378,16
0.05,868,91,67191,77.3199079401611,10
0.05,869,91,67282,77.33563218390805,10
0.05,870,95,67377,77.35591274397244,6
0.05,871,95,67472,77.37614678899082,6
0.05,872,94,67566,77.39518900343643,7
0.05,873,94,67660,77.4141876430206,8
0.05,874,94,67754,77.43314285714285,7
0.05,875,94,67848,77.45205479452055,7
0.05,876,94,67942,77.4709236031927,8
0.05,877,94,68036,77.48974943052391,7
0.05,878,95,68131,77.50967007963595,8
0.05,879,96,68227,77.53068181818182,6
0.05,880,92,68319,77.54710556186151,9
0.05,881,93,68412,77.56462585034014,8
0.05,882,-44,68368,77.42695356738392,8
0.05,883,94,68462,77.44570135746606,7
0.05,884,96,68558,77.46666666666667,6
0.05,885,96,68654,77.48758465011286,6
0.05,886,96,68750,77.50845546786923,6
0.05,887,94,68844,77.52702702702703,7
0.05,888,-44,68800,77.39032620922384,8
0.05,889,94,68894,77.40898876404495,7
0.05,890,92,68986,77.4253647586981,10
0.05,891,93,69079,77.44282511210763,8
0.05,892,94,69173,77.46136618141098,7
0.05,893,95,69268,77.48098434004474,6
0.05,894,91,69359,77.49608938547486,10
0.05,895,94,69453,77.51450892857143,7
0.05,896,96,69549,77.5351170568562,6
0.05,897,94,69643,77.55345211581292,7
0.05,898,94,69737,77.57174638487209,7
0.05,899,92,69829,77.58777777777777,9
0.05,900,95,69924,77.60710321864595,6
0.05,901,96,70020,77.62749445676275,6
0.05,902,93,70113,77.64451827242524,8
0.05,903,96,70209,77.66482300884955,6
0.05,904,-48,70161,77.52596685082872,11
0.05,905,93,70254,77.54304635761589,8
0.05,906,19,70273,77.47850055126791,13
0.05,907,95,70368,77.49779735682819,6
0.05,908,94,70462,77.51595159515952,7
0.05,909,95,70557,77.53516483516484,6
0.05,910,93,70650,77.55214050493963,8
0.05,911,93,70743,77.56907894736842,8
0.05,912,91,70834,77.58378970427164,10
0.05,913,93,70927,77.60065645514223,8
0.05,914,92,71019,77.61639344262295,9
0.05,915,95,71114,77.6353711790393,6
0.05,916,95,71209,77.65430752453653,6
0.05,917,92,71301,77.66993464052288,9
0.05,918,93,71394,77.68661588683351,8
0.05,919,94,71488,77.70434782608696,7
0.05,920,96,71584,77.7242128121607,6
0.05,921,96,71680,77.74403470715835,6
0.05,922,90,71770,77.75731310942578,11
0.05,923,94,71864,77.77489177489177,7
0.05,924,96,71960,77.7945945945946,6
0.05,925,96,72056,77.81425485961122,6
0.05,926,94,72150,77.83171521035598,7
0.05,927,94,72244,77.84913793103448,7
0.05,928,94,72338,77.8665231431647,7
0.05,929,27,72365,77.81182795698925,6
0.05,930,94,72459,77.82921589688507,7
0.05,931,92,72551,77.84442060085837,9
0.05,932,90,72641,77.85744908896034,11
0.05,933,93,72734,77.87366167023555,8
0.05,934,96,72830,77.89304812834224,6
0.05,935,94,72924,77.91025641025641,7
0.05,936,96,73020,77.92956243329776,6
0.05,937,89,73109,77.94136460554371,12
0.05,938,94,73203,77.95846645367412,7
0.05,939,96,73299,77.97765957446809,6
0.05,940,95,73394,77.99574920297556,6
0.05,941,95,73489,78.01380042462846,6
0.05,942,94,73583,78.03075291622481,7
0.05,943,96,73679,78.04978813559322,6
0.05,944,95,73774,78.06772486772486,6
0.05,945,93,73867,78.08350951374207,8
0.05,946,94,73961,78.10031678986273,7
0.05,947,96,74057,78.11919831223629,6
0.05,948,93,74150,78.13487881981033,8
0.05,949,91,74241,78.14842105263158,10
0.05,950,92,74333,78.16298633017875,9
0.05,951,92,74425,78.17752100840336,9
0.05,952,94,74519,78.19412381951732,7
0.05,953,91,74610,78.20754716981132,10
0.05,954,93,74703,78.22303664921466,8
0.05,955,95,74798,78.24058577405857,6
0.05,956,94,74892,78.25705329153605,7
0.05,957,90,74982,78.26931106471817,11
0.05,958,94,75076,78.28571428571429,7
0.05,959,93,75169,78.30104166666666,8
0.05,960,93,75262,78.31633714880333,8
0.05,961,94,75356,78.33264033264034,7
0.05,962,93,75449,78.3478712357217,8
0.05,963,95,75544,78.36514522821577,6
0.05,964,96,75640,78.38341968911917,6
0.05,965,94,75734,78.39958592132506,7
0.05,966,92,75826,78.41365046535677,9
0.05,967,22,75848,78.35537190082644,10
0.05,968,94,75942,78.37151702786377,7
0.05,969,21,75963,78.31237113402062,11
0.05,970,94,76057,78.3285272914521,7
0.05,971,96,76153,78.34670781893004,6
0.05,972,94,76247,78.36279547790339,7
0.05,973,93,76340,78.37782340862422,9
0.05,974,96,76436,78.39589743589744,6
0.05,975,88,76524,78.40573770491804,13
0.05,976,95,76619,78.42272262026611,6
0.05,977,92,76711,78.43660531697341,9
0.05,978,93,76804,78.4514811031665,8
0.05,979,96,76900,78.46938775510205,6
0.05,980,92,76992,78.48318042813456,9
0.05,981,96,77088,78.5010183299389,6
0.05,982,95,77183,78.51780264496439,6
0.05,983,91,77274,78.53048780487805,10
0.05,984,93,77367,78.54517766497462,8
0.05,985,95,77462,78.56186612576064,6
0.05,986,94,77556,78.5775075987842,7
0.05,987,94,77650,78.59311740890688,7
0.05,988,93,77743,78.6076845298281,8
0.05,989,93,77836,78.62222222222222,8
0.05,990,92,77928,78.63572149344097,9
0.05,991,94,78022,78.65120967741936,7
0.05,992,95,78117,78.66767371601209,6
0.05,993,96,78213,78.6851106639839,6
0.05,994,96,78309,78.70251256281406,6
0.05,995,94,78403,78.71787148594377,7
0.05,996,94,78497,78.73319959879639,7
0.05,997,96,78593,78.75050100200401,6
0.05,998,94,78687,78.76576576576576,7
0.05,999,94,78781,78.781,7
0.05,1000,95,78876,78.7972027972028,6
0.05,1001,94,78970,78.812375249501,7
0.05,1002,96,79066,78.82951146560319,6
0.05,1003,96,79162,78.84661354581674,6
0.05,1004,94,79256,78.86169154228855,7
0.05,1005,95,79351,78.87773359840955,6
0.05,1006,94,79445,78.8927507447865,7
0.05,1007,91,79536,78.9047619047619,10
0.05,1008,94,79630,78.9197224975223,7
0.05,1009,90,79720,78.93069306930693,11
0.05,1010,94,79814,78.9455984174085,7
0.05,1011,95,79909,78.96146245059289,7
0.05,1012,94,80003,78.97630799605133,7
0.05,1013,22,80025,78.92011834319527,10
0.05,1014,96,80121,78.93694581280788,6
0.05,1015,94,80215,78.9517716535433,7
0.05,1016,92,80307,78.96460176991151,9
0.05,1017,94,80401,78.97937131630648,7
0.05,1018,91,80492,78.99116781157998,10
0.05,1019,94,80586,79.00588235294117,7
0.05,1020,93,80679,79.01958863858962,8
0.05,1021,96,80775,79.03620352250489,6
0.05,1022,93,80868,79.04985337243401,9
0.05,1023,94,80962,79.064453125,7
0.05,1024,92,81054,79.07707317073171,9
0.05,1025,95,81149,79.0925925925926,7
0.05,1026,95,81244,79.10808179162609,6
0.05,1027,94,81338,79.12256809338521,7
0.05,1028,92,81430,79.13508260447036,9
0.05,1029,96,81526,79.1514563106796,6
0.05,1030,95,81621,79.16682832201747,6
0.05,1031,94,81715,79.1812015503876,7
0.05,1032,92,81807,79.19361084220716,9
0.05,1033,92,81899,79.20599613152805,9
0.05,1034,95,81994,79.22125603864734,6
0.05,1035,94,82088,79.23552123552123,7
0.05,1036,21,82109,79.17936354869816,11
0.05,1037,95,82204,79.19460500963392,6
0.05,1038,93,82297,79.20789220404235,8
0.05,1039,93,82390,79.22115384615384,8
0.05,1040,96,82486,79.23727185398656,6
0.05,1041,94,82580,79.2514395393474,7
0.05,1042,94,82674,79.26558005752636,7
0.05,1043,92,82766,79.27777777777777,9
0.05,1044,94,82860,79.29186602870813,7
0.05,1045,23,82883,79.23804971319312,9
0.05,1046,94,82977,79.25214899713467,7
0.05,1047,93,83070,79.26526717557252,8
0.05,1048,96,83166,79.28122020972354,6
0.05,1049,92,83258,79.29333333333334,9
0.05,1050,90,83348,79.3035204567079,12
0.05,1051,90,83438,79.31368821292776,11
0.05,1052,94,83532,79.32763532763532,7
0.05,1053,94,83626,79.3415559772296,7
0.05,1054,93,83719,79.35450236966825,8
0.05,1055,92,83811,79.36647727272727,9
0.05,1056,96,83907,79.38221381267739,6
0.05,1057,96,84003,79.39792060491493,6
0.05,1058,94,84097,79.41170915958452,7
0.05,1059,95,84192,79.42641509433962,6
0.05,1060,94,84286,79.44015080113101,7
0.05,1061,93,84379,79.45291902071563,8
0.05,1062,94,84473,79.46660395108185,7
0.05,1063,95,84568,79.4812030075188,6
0.05,1064,94,84662,79.49483568075118,7
0.05,1065,94,84756,79.50844277673546,8
0.05,1066,94,84850,79.52202436738519,7
0.05,1067,94,84944,79.53558052434457,7
0.05,1068,94,85038,79.54911131898972,7
0.05,1069,94,85132,79.5626168224299,7
0.05,1070,94,85226,79.57609710550886,7
0.05,1071,92,85318,79.58768656716418,9
0.05,1072,89,85407,79.59645852749301,12
0.05,1073,94,85501,79.60986964618249,7
0.05,1074,96,85597,79.62511627906977,6
0.05,1075,94,85691,79.63847583643123,7
0.05,1076,27,85718,79.58960074280408,7
0.05,1077,94,85812,79.60296846011131,7
0.05,1078,95,85907,79.61723818350325,6
0.05,1079,95,86002,79.63148148148149,6
0.05,1080,94,86096,79.64477335800186,7
0.05,1081,95,86191,79.65896487985212,7
0.05,1082,94,86285,79.67220683287165,9
0.05,1083,94,86379,79.68542435424354,7
0.05,1084,95,86474,79.69953917050691,6
0.05,1085,94,86568,79.71270718232044,7
0.05,1086,92,86660,79.72401103955842,9
0.05,1087,95,86755,79.73805147058823,7
0.05,1088,91,86846,79.7483930211203,10
0.05,1089,91,86937,79.75871559633028,10
0.05,1090,90,87027,79.76810265811183,12
0.05,1091,92,87119,79.77930402930403,9
0.05,1092,94,87213,79.79231473010064,7
0.05,1093,93,87306,79.80438756855575,8
0.05,1094,93,87399,79.81643835616438,9
0.05,1095,93,87492,79.82846715328468,8
0.05,1096,96,87588,79.84320875113947,6
0.05,1097,95,87683,79.85701275045537,6
0.05,1098,24,87707,79.80618744313011,8
0.05,1099,94,87801,79.8190909090909,7
0.05,1100,94,87895,79.83197093551317,7
0.05,1101,89,87984,79.84029038112523,12
0.05,1102,95,88079,79.85403445149592,6
0.05,1103,92,88171,79.86503623188406,9
0.05,1104,94,88265,79.87782805429865,8
0.05,1105,94,88359,79.89059674502712,7
0.05,1106,93,88452,79.90243902439025,8
0.05,1107,96,88548,79.91696750902527,6
0.05,1108,94,88642,79.92966636609559,7
0.05,1109,94,88736,79.94234234234234,8
0.05,1110,96,88832,79.95679567956796,6
0.05,1111,94,88926,79.96942446043165,7
0.05,1112,95,89021,79.98292902066487,6
0.05,1113,95,89116,79.99640933572711,6
0.05,1114,93,89209,80.00807174887892,8
0.05,1115,95,89304,80.02150537634408,7
0.05,1116,94,89398,80.03401969561325,7
0.05,1117,95,89493,80.0474060822898,6
0.05,1118,95,89588,80.06076854334226,6
0.05,1119,94,89682,80.07321428571429,7
0.05,1120,93,89775,80.08474576271186,9
0.05,1121,90,89865,80.09358288770053,11
0.05,1122,25,89890,80.04452359750668,8
0.05,1123,91,89981,80.05427046263345,11
0.05,1124,94,90075,80.06666666666666,7
0.05,1125,94,90169,80.07904085257549,7
0.05,1126,26,90195,80.03105590062111,7
0.05,1127,95,90290,80.04432624113475,7
0.05,1128,92,90382,80.05491585473871,9
0.05,1129,94,90476,80.06725663716814,7
0.05,1130,95,90571,80.08045977011494,6
0.05,1131,96,90667,80.09452296819788,6
0.05,1132,92,90759,80.10503089143866,10
0.05,1133,95,90854,80.11816578483246,6
0.05,1134,23,90877,80.06784140969162,9
0.05,1135,95,90972,80.08098591549296,6
0.05,1136,94,91066,80.09322779243624,8
0.05,1137,90,91156,80.10193321616872,11
0.05,1138,92,91248,80.11237928007024,10
0.05,1139,94,91342,80.12456140350878,7
0.05,1140,94,91436,80.136722173532,7
0.05,1141,94,91530,80.14886164623468,7
0.05,1142,95,91625,80.16185476815399,6
0.05,1143,94,91719,80.17395104895105,8
0.05,1144,93,91812,80.18515283842795,8
0.05,1145,94,91906,80.19720767888307,7
0.05,1146,93,91999,80.20836965998257,8
0.05,1147,94,92093,80.22038327526133,7
0.05,1148,96,92189,80.23411662315057,6
0.05,1149,93,92282,80.24521739130435,8
0.05,1150,96,92378,80.25890529973935,6
0.05,1151,92,92470,80.26909722222223,9
0.05,1152,94,92564,80.28100607111882,7
0.05,1153,96,92660,80.2946273830156,6
0.05,1154,94,92754,80.30649350649351,7
0.05,1155,95,92849,80.31920415224913,6
0.05,1156,94,92943,80.33102852203976,7
0.05,1157,95,93038,80.34369602763385,6
0.05,1158,94,93132,80.35547886108715,7
0.05,1159,92,93224,80.36551724137931,10
0.05,1160,-46,93178,80.25667527993109,10
0.05,1161,94,93272,80.2685025817556,7
0.05,1162,90,93362,80.27687016337059,11
0.05,1163,92,93454,80.28694158075601,12
0.05,1164,96,93550,80.30042918454936,6
0.05,1165,96,93646,80.31389365351629,6
0.05,1166,95,93741,80.32647814910025,6
0.05,1167,90,93831,80.3347602739726,11
0.05,1168,94,93925,80.3464499572284,7
0.05,1169,96,94021,80.35982905982905,7
0.05,1170,94,94115,80.37147736976942,7
0.05,1171,93,94208,80.38225255972696,8
0.05,1172,94,94302,80.39386189258312,7
0.05,1173,95,94397,80.40630323679727,6
0.05,1174,91,94488,80.41531914893616,10
0.05,1175,90,94578,80.4234693877551,11
0.05,1176,91,94669,80.43245539507221,11
0.05,1177,94,94763,80.44397283531409,7
0.05,1178,95,94858,80.45631891433418,6
0.05,1179,94,94952,80.46779661016949,7
0.05,1180,95,95047,80.4801016088061,6
0.05,1181,93,95140,80.4906937394247,8
0.05,1182,93,95233,80.50126796280642,8
0.05,1183,95,95328,80.51351351351352,6
0.05,1184,96,95424,80.52658227848102,6
0.05,1185,91,95515,80.535413153457,10
0.05,1186,95,95610,80.54759898904803,6
0.05,1187,91,95701,80.5563973063973,10
0.05,1188,94,95795,80.5677039529016,7
0.05,1189,94,95889,80.57899159663866,7
0.05,1190,95,95984,80.59109991603694,6
0.05,1191,96,96080,80.60402684563758,6
0.05,1192,95,96175,80.61609388097234,6
0.05,1193,95,96270,80.62814070351759,7
0.05,1194,95,96365,80.64016736401673,6
0.05,1195,92,96457,80.64966555183946,9
0.05,1196,92,96549,80.65914786967419,10
0.05,1197,22,96571,80.610183639399,11
0.05,1198,96,96667,80.62301918265221,6
0.05,1199,93,96760,80.63333333333334,8
0.05,1200,27,96787,80.5886761032473,6
0.05,1201,93,96880,80.59900166389352,8
0.05,1202,90,96970,80.60681629260183,11
0.05,1203,91,97061,80.61544850498339,10
0.05,1204,91,97152,80.62406639004149,10
0.05,1205,20,97172,80.57379767827528,13
0.05,1206,95,97267,80.58574979287489,6
0.05,1207,93,97360,80.59602649006622,8
0.05,1208,95,97455,80.60794044665012,6
0.05,1209,94,97549,80.6190082644628,7
0.05,1210,94,97643,80.6300578034682,8
0.05,1211,93,97736,80.64026402640265,8
0.05,1212,92,97828,80.64962901896125,9
0.05,1213,96,97924,80.66227347611202,6
0.05,1214,92,98016,80.6716049382716,9
0.05,1215,91,98107,80.68009868421052,10
0.05,1216,96,98203,80.69268693508627,6
0.05,1217,94,98297,80.70361247947454,7
0.05,1218,92,98389,80.71287940935193,9
0.05,1219,94,98483,80.72377049180328,7
0.05,1220,94,98577,80.73464373464374,7
0.05,1221,94,98671,80.74549918166939,8
0.05,1222,94,98765,80.75633687653311,7
0.05,1223,92,98857,80.765522875817,9
0.05,1224,94,98951,80.77632653061225,7
0.05,1225,94,99045,80.78711256117455,8
0.05,1226,90,99135,80.79462102689486,12
0.05,1227,93,99228,80.80456026058631,8
0.05,1228,96,99324,80.81692432872254,6
0.05,1229,96,99420,80.82926829268293,6
0.05,1230,94,99514,80.8399675060926,7
0.05,1231,95,99609,80.85146103896103,6
0.05,1232,96,99705,80.86374695863746,6
0.05,1233,95,99800,80.87520259319287,6
0.05,1234,95,99895,80.88663967611336,6
0.05,1235,95,99990,80.89805825242719,6
0.05,1236,93,100083,80.90784155214227,8
0.05,1237,94,100177,80.91841680129241,7
0.05,1238,94,100271,80.92897497982244,8
0.05,1239,94,100365,80.93951612903226,8
0.05,1240,92,100457,80.94842868654311,9
0.05,1241,94,100551,80.95893719806763,7
0.05,1242,95,100646,80.97023330651649,6
0.05,1243,91,100737,80.9782958199357,10
0.05,1244,94,100831,80.98875502008032,8
0.05,1245,94,100925,80.9991974317817,7
0.05,1246,94,101019,81.00962309542903,8
0.05,1247,95,101114,81.02083333333333,6
0.05,1248,95,101209,81.0320256204964,6
0.05,1249,94,101303,81.0424,7
0.05,1250,94,101397,81.05275779376498,7
0.05,1251,91,101488,81.06070287539936,10
0.05,1252,94,101582,81.07102952913009,7
0.05,1253,94,101676,81.08133971291866,7
0.05,1254,96,101772,81.09322709163347,6
0.05,1255,95,101867,81.10429936305732,6
0.05,1256,95,101962,81.11535401750199,6
0.05,1257,92,102054,81.12400635930048,10
0.05,1258,95,102149,81.13502779984114,6
0.05,1259,94,102243,81.1452380952381,7
0.05,1260,92,102335,81.15384615384616,9
0.05,1261,94,102429,81.16402535657686,7
0.05,1262,94,102523,81.1741884402217,7
0.05,1263,91,102614,81.18196202531645,10
0.05,1264,93,102707,81.19130434782609,8
0.05,1265,92,102799,81.1998420221169,9
0.05,1266,89,102888,81.20599842146804,12
0.05,1267,94,102982,81.21608832807571,7
0.05,1268,94,103076,81.22616233254531,7
0.05,1269,96,103172,81.23779527559056,6
0.05,1270,94,103266,81.24783634933124,7
0.05,1271,92,103358,81.25628930817611,9
0.05,1272,92,103450,81.26472898664572,9
0.05,1273,94,103544,81.27472527472527,8
0.05,1274,94,103638,81.28470588235294,7
0.05,1275,93,103731,81.29388714733543,8
0.05,1276,95,103826,81.3046202036022,6
0.05,1277,93,103919,81.31377151799687,8
0.05,1278,94,104013,81.32369038311181,7
0.05,1279,24,104037,81.27890625,8
0.05,1280,93,104130,81.288056206089,8
0.05,1281,95,104225,81.298751950078,7
0.05,1282,95,104320,81.30943102104443,6
0.05,1283,91,104411,81.31697819314641,10
0.05,1284,94,104505,81.32684824902724,7
0.05,1285,94,104599,81.33670295489891,7
0.05,1286,91,104690,81.34421134421135,10
0.05,1287,93,104783,81.35326086956522,9
0.05,1288,95,104878,81.36384794414275,6
0.05,1289,91,104969,81.37131782945737,10
0.05,1290,96,105065,81.38264910921767,6
0.05,1291,94,105159,81.39241486068111,7
0.05,1292,95,105254,81.40293890177881,6
0.05,1293,94,105348,81.41267387944359,8
0.05,1294,94,105442,81.42239382239383,7
0.05,1295,96,105538,81.43364197530865,6
0.05,1296,91,105629,81.44101773323054,11
0.05,1297,95,105724,81.45146379044684,6
0.05,1298,95,105819,81.46189376443418,6
0.05,1299,96,105915,81.47307692307692,6
0.05,1300,94,106009,81.48270561106841,8
0.05,1301,96,106105,81.49385560675883,6
0.05,1302,93,106198,81.50268610897928,8
0.05,1303,92,106290,81.51073619631902,9
0.05,1304,95,106385,81.52107279693486,6
0.05,1305,94,106479,81.53062787136294,7
0.05,1306,95,106574,81.54093343534812,6
0.05,1307,95,106669,81.55122324159021,6
0.05,1308,94,106763,81.56073338426279,7
0.05,1309,96,106859,81.57175572519084,6
0.05,1310,94,106953,81.5812356979405,7
0.05,1311,94,107047,81.5907012195122,7
0.05,1312,94,107141,81.6001523229246,7
0.05,1313,92,107233,81.60806697108067,9
0.05,1314,92,107325,81.61596958174906,10
0.05,1315,94,107419,81.62537993920972,8
0.05,1316,94,107513,81.63477600607442,7
0.05,1317,96,107609,81.64567526555388,6
0.05,1318,95,107704,81.65579984836998,6
0.05,1319,93,107797,81.66439393939395,8
0.05,1320,90,107887,81.67070401211204,11
0.05,1321,95,107982,81.68078668683812,7
0.05,1322,96,108078,81.69160997732426,6
0.05,1323,95,108173,81.70166163141994,6
0.05,1324,96,108269,81.71245283018868,6
0.05,1325,95,108364,81.72247360482655,6
0.05,1326,94,108458,81.73172569706104,7
0.05,1327,94,108552,81.74096385542168,7
0.05,1328,94,108646,81.75018811136192,7
0.05,1329,95,108741,81.76015037593984,6
0.05,1330,93,108834,81.76859504132231,9
0.05,1331,94,108928,81.77777777777777,7
0.05,1332,94,109022,81.78694673668417,7
0.05,1333,92,109114,81.79460269865068,9
0.05,1334,96,109210,81.80524344569288,6
0.05,1335,96,109306,81.81586826347305,6
0.05,1336,94,109400,81.82498130142109,7
0.05,1337,94,109494,81.83408071748879,7
0.05,1338,93,109587,81.84241971620612,9
0.05,1339,92,109679,81.85,10
0.05,1340,96,109775,81.86055182699478,6
0.05,1341,96,109871,81.87108792846497,6
0.05,1342,94,109965,81.8801191362621,7
0.05,1343,95,110060,81.88988095238095,6
0.05,1344,94,110154,81.89888475836432,7
0.05,1345,92,110246,81.90638930163448,9
0.05,1346,90,110336,81.9123979213066,11
0.05,1347,95,110431,81.92210682492582,6
0.05,1348,94,110525,81.93106004447739,8
0.05,1349,96,110621,81.94148148148147,6
0.05,1350,93,110714,81.94966691339748,9
0.05,1351,95,110809,81.95931952662721,7
0.05,1352,95,110904,81.9689578713969,6
0.05,1353,94,110998,81.97784342688331,8
0.05,1354,96,111094,81.98819188191882,6
0.05,1355,94,111188,81.99705014749263,7
0.05,1356,93,111281,82.00515843773029,9
0.05,1357,92,111373,82.01251840942562,9
0.05,1358,91,111464,82.01913171449596,10
0.05,1359,96,111560,82.02941176470588,6
0.05,1360,96,111656,82.03967670830272,6
0.05,1361,95,111751,82.04919236417034,6
0.05,1362,95,111846,82.0586940572267,6
0.05,1363,94,111940,82.0674486803519,8
0.05,1364,95,112035,82.07692307692308,6
0.05,1365,95,112130,82.08638360175695,8
0.05,1366,92,112222,82.0936356986101,9
0.05,1367,94,112316,82.10233918128655,7
0.05,1368,95,112411,82.11176040905771,6
0.05,1369,91,112502,82.11824817518249,10
0.05,1370,95,112597,82.12764405543399,6
0.05,1371,95,112692,82.13702623906705,6
0.05,1372,93,112785,82.14493809176984,8
0.05,1373,94,112879,82.15356622998544,7
0.05,1374,94,112973,82.16218181818182,7
0.05,1375,91,113064,82.1686046511628,10
0.05,1376,96,113160,82.17864923747277,6
0.05,1377,96,113256,82.18867924528301,6
0.05,1378,93,113349,82.19651921682379,9
0.05,1379,94,113443,82.20507246376812,7
0.05,1380,94,113537,82.21361332367849,8
0.05,1381,95,113632,82.22286541244573,7
0.05,1382,96,113728,82.23282718727404,6
0.05,1383,92,113820,82.23988439306359,9
0.05,1384,95,113915,82.24909747292419,7
0.05,1385,96,114011,82.25901875901876,6
0.05,1386,94,114105,82.267483777938,7
0.05,1387,94,114199,82.27593659942363,7
0.05,1388,90,114289,82.28149748020158,11
0.05,1389,94,114383,82.28992805755395,7
0.05,1390,94,114477,82.29834651329979,7
0.05,1391,94,114571,82.30675287356321,7
0.05,1392,96,114667,82.31658291457286,6
0.05,1393,94,114761,82.32496413199426,7
0.05,1394,94,114855,82.33333333333333,7
0.05,1395,96,114951,82.34312320916905,6
0.05,1396,89,115040,82.3478883321403,12
0.05,1397,95,115135,82.35693848354792,7
0.05,1398,91,115226,82.36311651179413,10
0.05,1399,93,115319,82.37071428571429,8
0.05,1400,90,115409,82.37615988579586,12
0.05,1401,94,115503,82.38445078459344,7
0.05,1402,91,115594,82.39059158945118,10
0.05,1403,91,115685,82.39672364672364,10
0.05,1404,21,115706,82.35302491103202,11
0.05,1405,94,115800,82.36130867709815,7
0.05,1406,92,115892,82.3681592039801,9
0.05,1407,94,115986,82.37642045454545,7
0.05,1408,94,116080,82.3846699787083,8
0.05,1409,94,116174,82.39290780141845,7
0.05,1410,94,116268,82.40113394755492,7
0.05,1411,94,116362,82.40934844192634,7
0.05,1412,27,116389,82.37013446567586,6
0.05,1413,93,116482,82.37765205091938,8
0.05,1414,20,116502,82.33356890459363,13
0.05,1415,93,116595,82.34110169491525,8
0.05,1416,96,116691,82.35074100211715,6
0.05,1417,94,116785,82.3589562764457,8
0.05,1418,94,116879,82.36715997181113,7
0.05,1419,93,116972,82.37464788732395,9
0.05,1420,94,117066,82.38282899366644,7
0.05,1421,94,117160,82.39099859353024,7
0.05,1422,93,117253,82.3984539704849,8
0.05,1423,94,117347,82.40660112359551,7
0.05,1424,95,117442,82.41543859649123,6
0.05,1425,92,117534,82.42215988779803,9
0.05,1426,95,117629,82.43097407147863,6
0.05,1427,95,117724,82.43977591036415,6
0.05,1428,96,117820,82.44926522043387,6
0.05,1429,95,117915,82.45804195804196,7
0.05,1430,96,118011,82.46750524109015,6
0.05,1431,92,118103,82.47416201117318,10
0.05,1432,95,118198,82.48290300069783,6
0.05,1433,94,118292,82.49093444909344,7
0.05,1434,92,118384,82.49756097560976,9
0.05,1435,93,118477,82.50487465181058,8
0.05,1436,95,118572,82.51356993736952,6
0.05,1437,93,118665,82.52086230876218,8
0.05,1438,96,118761,82.53022932592077,6
0.05,1439,96,118857,82.53958333333334,6
0.05,1440,95,118952,82.54823039555863,6
0.05,1441,94,119046,82.55617198335645,7
0.05,1442,94,119140,82.56410256410257,7
0.05,1443,95,119235,82.57271468144044,7
0.05,1444,92,119327,82.57923875432526,9
0.05,1445,95,119422,82.5878284923928,6
0.05,1446,95,119517,82.59640635798203,6
0.05,1447,96,119613,82.60566298342542,6
0.05,1448,94,119707,82.61352657004831,7
0.05,1449,93,119800,82.62068965517241,9
0.05,1450,92,119892,82.62715368711234,9
0.05,1451,95,119987,82.63567493112947,6
0.05,1452,95,120082,82.64418444597385,6
0.05,1453,91,120173,82.64993122420908,10
0.05,1454,94,120267,82.65773195876288,8
0.05,1455,92,120359,82.66414835164835,9
0.05,1456,93,120452,82.67124227865477,8
0.05,1457,94,120546,82.67901234567901,7
0.05,1458,95,120641,82.68745716244003,7
0.05,1459,94,120735,82.69520547945206,7
0.05,1460,91,120826,82.70088980150582,10
0.05,1461,95,120921,82.70930232558139,7
0.05,1462,94,121015,82.71701982228298,7
0.05,1463,92,121107,82.72336065573771,9
0.05,1464,23,121130,82.68259385665529,9
0.05,1465,91,121221,82.68826739427013,10
0.05,1466,95,121316,82.69665985003408,7
0.05,1467,94,121410,82.70435967302453,7
0.05,1468,94,121504,82.71204901293397,7
0.05,1469,94,121598,82.71972789115647,8
0.05,1470,93,121691,82.72671651937458,8
0.05,1471,23,121714,82.68614130434783,9
0.05,1472,94,121808,82.69382213170401,7
0.05,1473,95,121903,82.70217096336499,6
0.05,1474,93,121996,82.70915254237288,8
0.05,1475,94,122090,82.71680216802169,7
0.05,1476,27,122117,82.67907921462424,7
0.05,1477,95,122212,82.68741542625169,6
0.05,1478,86,122298,82.6896551724138,15
0.05,1479,26,122324,82.65135135135135,6
0.05,1480,95,122419,82.6596893990547,6
0.05,1481,91,122510,82.66531713900135,10
0.05,1482,94,122604,82.67296021577883,8
0.05,1483,93,122697,82.67991913746631,8
0.05,1484,94,122791,82.68754208754208,7
0.05,1485,96,122887,82.69650067294751,6
0.05,1486,95,122982,82.70477471418964,7
0.05,1487,92,123074,82.71102150537635,10
0.05,1488,93,123167,82.71793149764943,8
0.05,1489,92,123259,82.7241610738255,9
0.05,1490,91,123350,82.72971160295104,10
0.05,1491,94,123444,82.7372654155496,7
0.05,1492,96,123540,82.74614869390489,6
0.05,1493,95,123635,82.75435073627845,7
0.05,1494,94,123729,82.761872909699,7
0.05,1495,94,123823,82.76938502673796,7
0.05,1496,95,123918,82.77755511022045,6
0.05,1497,96,124014,82.7863818424566,6
0.05,1498,96,124110,82.79519679786524,6
0.05,1499,94,124204,82.80266666666667,7
0.05,1500,94,124298,82.81012658227849,7
0.05,1501,94,124392,82.81757656458056,7
0.05,1502,94,124486,82.82501663339987,8
0.05,1503,80,124566,82.82313829787235,21
0.05,1504,96,124662,82.83189368770765,6
0.05,1505,92,124754,82.83798140770253,9
0.05,1506,95,124849,82.84605175846052,7
0.05,1507,93,124942,82.85278514588859,9
0.05,1508,94,125036,82.86017229953612,7
0.05,1509,96,125132,82.86887417218543,6
0.05,1510,94,125226,82.87624090006618,8
0.05,1511,96,125322,82.88492063492063,6
0.05,1512,94,125416,82.89226701916722,8
0.05,1513,94,125510,82.89960369881109,8
0.05,1514,94,125604,82.90693069306931,7
0.05,1515,94,125698,82.91424802110818,7
0.05,1516,94,125792,82.9215557020435,7
0.05,1517,95,125887,82.92951251646903,6
0.05,1518,94,125981,82.93680052666228,7
0.05,1519,96,126077,82.9453947368421,6
0.05,1520,94,126171,82.95266272189349,7
0.05,1521,95,126266,82.96057818659658,6
0.05,1522,95,126361,82.96848325673014,8
0.05,1523,94,126455,82.97572178477691,8
0.05,1524,93,126548,82.98229508196721,8
0.05,1525,93,126641,82.98885976408913,8
0.05,1526,95,126736,82.99672560576293,6
0.05,1527,92,126828,83.00261780104712,9
0.05,1528,95,126923,83.0104643557881,6
0.05,1529,95,127018,83.01830065359478,6
0.05,1530,93,127111,83.02482037883736,9
0.05,1531,94,127205,83.03198433420366,7
0.05,1532,95,127300,83.03979125896934,7
0.05,1533,95,127395,83.04758800521512,6
0.05,1534,94,127489,83.05472312703583,7
0.05,1535,24,127513,83.01627604166667,9
0.05,1536,94,127607,83.02342225113858,7
0.05,1537,92,127699,83.02925877763329,9
0.05,1538,94,127793,83.03638726445745,7
0.05,1539,94,127887,83.0435064935065,8
0.05,1540,95,127982,83.05126541207008,6
0.05,1541,95,128077,83.05901426718547,7
0.05,1542,94,128171,83.06610499027867,7
0.05,1543,92,128263,83.07189119170984,9
0.05,1544,93,128356,83.07831715210357,8
0.05,1545,92,128448,83.08408796895213,9
0.05,1546,94,128542,83.09114414996768,7
0.05,1547,89,128631,83.09496124031008,12
0.05,1548,95,128726,83.1026468689477,6
0.05,1549,94,128820,83.10967741935484,7
0.05,1550,94,128914,83.11669890393294,7
0.05,1551,94,129008,83.12371134020619,7
0.05,1552,91,129099,83.12878300064392,10
0.05,1553,93,129192,83.13513513513513,8
0.05,1554,94,129286,83.14212218649517,7
0.05,1555,95,129381,83.14974293059126,6
0.05,1556,92,129473,83.15542710340398,9
0.05,1557,95,129568,83.16302952503209,6
0.05,1558,92,129660,83.1686978832585,10
0.05,1559,94,129754,83.17564102564103,7
0.05,1560,94,129848,83.18257527226137,7
0.05,1561,94,129942,83.18950064020487,7
0.05,1562,96,130038,83.19769673704414,6
0.05,1563,94,130132,83.20460358056266,7
0.05,1564,94,130226,83.21150159744408,7
0.05,1565,93,130319,83.21775223499361,8
0.05,1566,95,130414,83.2252712188896,6
0.05,1567,94,130508,83.23214285714286,7
0.05,1568,93,130601,83.23836838750796,8
0.05,1569,92,130693,83.24394904458599,9
0.05,1570,94,130787,83.25079567154678,7
0.05,1571,92,130879,83.25636132315522,9
0.05,1572,92,130971,83.26191989828354,9
0.05,1573,93,131064,83.26810673443457,8
0.05,1574,95,131159,83.27555555555556,6
0.05,1575,95,131254,83.28299492385787,6
0.05,1576,94,131348,83.28979074191503,7
0.05,1577,95,131443,83.29721166032954,7
0.05,1578,94,131537,83.30398986700443,7
0.05,1579,94,131631,83.31075949367089,7
0.05,1580,94,131725,83.31752055660974,7
0.05,1581,96,131821,83.32553729456384,6
0.05,1582,93,131914,83.33164876816171,8
0.05,1583,90,132004,83.33585858585859,11
0.05,1584,94,132098,83.34258675078864,7
0.05,1585,91,132189,83.34741488020177,10
0.05,1586,95,132284,83.35475740390675,6
0.05,1587,94,132378,83.36146095717883,7
0.05,1588,92,132470,83.36689741976086,9
0.05,1589,95,132565,83.37421383647799,7
0.05,1590,93,132658,83.38026398491515,8
0.05,1591,89,132747,83.38379396984925,12
0.05,1592,95,132842,83.39108600125549,6
0.05,1593,93,132935,83.39711417816812,8
0.05,1594,96,133031,83.4050156739812,6
0.05,1595,94,133125,83.41165413533835,7
0.05,1596,96,133221,83.41953663118348,6
0.05,1597,94,133315,83.4261576971214,7
0.05,1598,96,133411,83.43402126328955,6
0.05,1599,95,133506,83.44125,6
0.05,1600,27,133533,83.40599625234229,6
0.05,1601,94,133627,83.41260923845194,7
0.05,1602,96,133723,83.42046163443544,6
0.05,1603,96,133819,83.4283042394015,6
0.05,1604,93,133912,83.43426791277258,8
0.05,1605,94,134006,83.44084682440847,7
0.05,1606,95,134101,83.4480398257623,6
0.05,1607,89,134190,83.45149253731343,12
0.05,1608,90,134280,83.45556246115599,11
0.05,1609,94,134374,83.46211180124223,7
0.05,1610,94,134468,83.46865301055246,7
0.05,1611,93,134561,83.47456575682382,8
0.05,1612,96,134657,83.48233106013639,6
0.05,1613,94,134751,83.48884758364312,7
0.05,1614,-54,134697,83.40371517027864,17
0.05,1615,92,134789,83.40903465346534,9
0.05,1616,94,134883,83.41558441558442,7
0.05,1617,94,134977,83.4221260815822,7
0.05,1618,94,135071,83.42865966646077,7
0.05,1619,27,135098,83.39382716049383,6
0.05,1620,95,135193,83.40098704503393,6
0.05,1621,95,135288,83.40813810110974,6
0.05,1622,92,135380,83.41343191620456,10
0.05,1623,93,135473,83.41933497536945,8
0.05,1624,93,135566,83.42523076923077,8
0.05,1625,96,135662,83.4329643296433,6
0.05,1626,93,135755,83.43884449907806,8
0.05,1627,94,135849,83.44533169533169,8
0.05,1628,91,135940,83.4499693063229,10
0.05,1629,92,136032,83.45521472392637,9
0.05,1630,94,136126,83.46167995095034,7
0.05,1631,94,136220,83.46813725490196,7
0.05,1632,94,136314,83.4745866503368,7
0.05,1633,91,136405,83.47919216646267,11
0.05,1634,93,136498,83.48501529051988,8
0.05,1635,96,136594,83.49266503667482,6
0.05,1636,94,136688,83.49908368967624,7
0.05,1637,94,136782,83.50549450549451,8
0.05,1638,94,136876,83.51189749847468,7
0.05,1639,94,136970,83.51829268292683,7
0.05,1640,94,137064,83.52468007312615,7
0.05,1641,94,137158,83.53105968331303,7
0.05,1642,94,137252,83.53743152769324,8
0.05,1643,94,137346,83.54379562043796,7
0.05,1644,94,137440,83.55015197568389,7
0.05,1645,94,137534,83.55650060753341,7
0.05,1646,96,137630,83.56405585913782,6
0.05,1647,94,137724,83.57038834951456,7
0.05,1648,94,137818,83.5767131594906,7
0.05,1649,93,137911,83.58242424242424,8
0.05,1650,92,138003,83.58752271350697,9
0.05,1651,94,138097,83.59382566585957,7
0.05,1652,94,138191,83.60012099213552,8
0.05,1653,95,138286,83.60701330108827,6
0.05,1654,94,138380,83.61329305135952,7
0.05,1655,95,138475,83.6201690821256,7
0.05,1656,95,138570,83.6270368135184,6
0.05,1657,94,138664,83.63329312424608,7
0.05,1658,96,138760,83.6407474382158,6
0.05,1659,93,138853,83.64638554216867,8
0.05,1660,94,138947,83.65261890427453,7
0.05,1661,93,139040,83.65824308062575,8
0.05,1662,92,139132,83.66325917017438,9
0.05,1663,92,139224,83.66826923076923,9
0.05,1664,96,139320,83.67567567567568,6
0.05,1665,90,139410,83.67947178871549,13
0.05,1666,92,139502,83.68446310737852,9
0.05,1667,94,139596,83.69064748201438,7
0.05,1668,18,139614,83.65128819652486,15
0.05,1669,91,139705,83.6556886227545,10
0.05,1670,94,139799,83.6618791143028,8
0.05,1671,95,139894,83.66866028708134,6
0.05,1672,94,139988,83.67483562462643,7
0.05,1673,92,140080,83.67980884109916,10
0.05,1674,88,140168,83.6823880597015,13
0.05,1675,-47,140121,83.60441527446301,11
0.05,1676,94,140215,83.61061419200954,7
0.05,1677,95,140310,83.61740166865316,6
0.05,1678,94,140404,83.62358546754021,7
0.05,1679,94,140498,83.6297619047619,8
0.05,1680,96,140594,83.63712076145151,6
0.05,1681,93,140687,83.64268727705112,8
0.05,1682,95,140782,83.64943553178847,6
0.05,1683,86,140868,83.65083135391924,15
0.05,1684,93,140961,83.65637982195845,8
0.05,1685,95,141056,83.66310794780546,6
0.05,1686,92,141148,83.66804979253112,9
0.05,1687,94,141242,83.67417061611374,7
0.05,1688,95,141337,83.68087625814091,6
0.05,1689,94,141431,83.6869822485207,8
0.05,1690,95,141526,83.69367238320521,7
0.05,1691,94,141620,83.69976359338061,8
0.05,1692,95,141715,83.70643827525103,6
0.05,1693,95,141810,83.71310507674144,6
0.05,1694,88,141898,83.71563421828908,13
0.05,1695,94,141992,83.72169811320755,8
0.05,1696,92,142084,83.72657631113731,9
0.05,1697,94,142178,83.73262661955242,7
0.05,1698,96,142274,83.73984696880518,6
0.05,1699,95,142369,83.7464705882353,6
0.05,1700,93,142462,83.75191064079954,8
0.05,1701,94,142556,83.75793184488836,7
0.05,1702,94,142650,83.76394597768643,7
0.05,1703,94,142744,83.7699530516432,7
0.05,1704,94,142838,83.77595307917889,7
0.05,1705,94,142932,83.78194607268465,8
0.05,1706,96,143028,83.78910369068541,6
0.05,1707,94,143122,83.79508196721312,7
0.05,1708,94,143216,83.80105324751317,7
0.05,1709,96,143312,83.80818713450293,6
0.05,1710,94,143406,83.81414377556985,8
0.05,1711,95,143501,83.82067757009345,6
0.05,1712,92,143593,83.82545242265032,9
0.05,1713,96,143689,83.83255542590432,6
0.05,1714,94,143783,83.83848396501458,7
0.05,1715,95,143878,83.84498834498835,6
0.05,1716,96,143974,83.85206755969715,6
0.05,1717,90,144064,83.85564610011642,11
0.05,1718,95,144159,83.86212914485166,6
0.05,1719,95,144254,83.86860465116278,7
0.05,1720,94,144348,83.8744915746659,7
0.05,1721,96,144444,83.88153310104529,6
0.05,1722,94,144538,83.88740568775391,7
0.05,1723,94,144632,83.89327146171694,8
0.05,1724,95,144727,83.89971014492754,7
0.05,1725,94,144821,83.90556199304751,7
0.05,1726,94,144915,83.9114070642733,8
0.05,1727,94,145009,83.91724537037037,7
0.05,1728,93,145102,83.9224985540775,8
0.05,1729,96,145198,83.92947976878612,6
0.05,1730,94,145292,83.93529751588677,7
0.05,1731,96,145388,83.94226327944573,7
0.05,1732,94,145482,83.94806693594921,7
0.05,1733,96,145578,83.95501730103807,6
0.05,1734,92,145670,83.95965417867436,9
0.05,1735,91,145761,83.96370967741936,10
0.05,1736,93,145854,83.96891191709845,8
0.05,1737,96,145950,83.97583429228999,6
0.05,1738,96,146046,83.98274870615296,6
0.05,1739,94,146140,83.98850574712644,7
0.05,1740,95,146235,83.99483055715106,6
0.05,1741,96,146331,84.00172215843858,6
0.05,1742,94,146425,84.00745840504877,7
0.05,1743,93,146518,84.01261467889908,8
0.05,1744,88,146606,84.01489971346705,13
0.05,1745,95,146701,84.02119129438717,6
0.05,1746,94,146795,84.02690326273611,7
0.05,1747,95,146890,84.03318077803203,6
0.05,1748,94,146984,84.03887935963408,7
0.05,1749,94,147078,84.04457142857143,7
0.05,1750,92,147170,84.04911479154768,9
0.05,1751,94,147264,84.05479452054794,7
0.05,1752,96,147360,84.06160867084998,6
0.05,1753,95,147455,84.06784492588369,6
0.05,1754,94,147549,84.07350427350427,7
0.05,1755,95,147644,84.07972665148064,6
0.05,1756,94,147738,84.08537279453614,8
0.05,1757,93,147831,84.09044368600682,8
0.05,1758,90,147921,84.09380329732802,11
0.05,1759,96,148017,84.10056818181818,6
0.05,1760,94,148111,84.10618966496308,7
0.05,1761,94,148205,84.11180476730988,7
0.05,1762,94,148299,84.11741349971639,8
0.05,1763,94,148393,84.12301587301587,7
0.05,1764,94,148487,84.128611898017,8
0.05,1765,92,148579,84.1330690826727,9
0.05,1766,94,148673,84.1386530843237,7
0.05,1767,92,148765,84.14309954751131,9
0.05,1768,94,148859,84.14867156585642,7
0.05,1769,96,148955,84.15536723163842,6
0.05,1770,93,149048,84.16036137775268,8
0.05,1771,94,149142,84.16591422121896,7
0.05,1772,96,149238,84.1725888324873,6
0.05,1773,96,149334,84.17925591882751,6
0.05,1774,92,149426,84.18366197183099,10
0.05,1775,92,149518,84.18806306306307,9
0.05,1776,94,149612,84.19358469330332,7
0.05,1777,93,149705,84.19853768278965,8
0.05,1778,93,149798,84.203485103991,9
0.05,1779,95,149893,84.20955056179776,6
0.05,1780,94,149987,84.21504772599663,7
0.05,1781,93,150080,84.21997755331088,8
0.05,1782,94,150174,84.22546270330903,7
0.05,1783,93,150267,84.23038116591928,8
0.05,1784,94,150361,84.2358543417367,8
0.05,1785,92,150453,84.24020156774915,10
0.05,1786,92,150545,84.24454392837157,9
0.05,1787,95,150640,84.25055928411633,7
0.05,1788,96,150736,84.25712688652878,6
0.05,1789,96,150832,84.263687150838,6
0.05,1790,96,150928,84.27024008933557,6
0.05,1791,91,151019,84.27399553571429,10
0.05,1792,94,151113,84.27941996653654,7
0.05,1793,96,151209,84.28595317725753,6
0.05,1794,92,151301,84.29025069637883,10
0.05,1795,92,151393,84.2945434298441,10
0.05,1796,95,151488,84.30050083472455,6
0.05,1797,96,151584,84.30700778642937,6
0.05,1798,96,151680,84.31350750416898,6
0.05,1799,94,151774,84.31888888888889,8
0.05,1800,94,151868,84.32426429761244,7
0.05,1801,96,151964,84.33074361820199,6
0.05,1802,94,152058,84.33610648918469,7
0.05,1803,92,152150,84.34035476718404,10
0.05,1804,95,152245,84.34626038781164,6
0.05,1805,95,152340,84.35215946843854,6
0.05,1806,94,152434,84.35749861649143,7
0.05,1807,93,152527,84.36227876106194,8
0.05,1808,96,152623,84.36871199557767,6
0.05,1809,96,152719,84.37513812154697,6
0.05,1810,94,152813,84.38045278851463,7
0.05,1811,92,152905,84.38465783664459,9
0.05,1812,95,153000,84.39051296194154,6
0.05,1813,90,153090,84.393605292172,11
0.05,1814,94,153184,84.39889807162534,8
0.05,1815,94,153278,84.40418502202643,7
0.05,1816,94,153372,84.40946615299944,7
0.05,1817,22,153394,84.37513751375137,10
0.05,1818,95,153489,84.38097855964816,6
0.05,1819,92,153581,84.38516483516483,9
0.05,1820,96,153677,84.39154310818232,6
0.05,1821,93,153770,84.39626783754116,8
0.05,1822,93,153863,84.4009873834339,8
0.05,1823,94,153957,84.40625,7
0.05,1824,94,154051,84.41150684931507,7
0.05,1825,93,154144,84.41621029572836,9
0.05,1826,94,154238,84.42145593869732,7
0.05,1827,95,154333,84.42724288840263,6
0.05,1828,94,154427,84.4324767632586,8
0.05,1829,95,154522,84.43825136612021,7
0.05,1830,94,154616,84.44347351174221,7
0.05,1831,19,154635,84.40775109170306,13
0.05,1832,91,154726,84.41134751773049,10
0.05,1833,92,154818,84.4154852780807,9
0.05,1834,95,154913,84.42125340599455,6
0.05,1835,95,155008,84.42701525054466,6
0.05,1836,95,155103,84.43277082199238,6
0.05,1837,25,155128,84.40043525571274,8
0.05,1838,91,155219,84.40402392604676,10
0.05,1839,96,155315,84.41032608695652,6
0.05,1840,96,155411,84.41662140141227,6
0.05,1841,92,155503,84.42073832790444,9
0.05,1842,95,155598,84.4264785675529,6
0.05,1843,25,155623,84.39425162689805,8
0.05,1844,94,155717,84.39945799457995,7
0.05,1845,93,155810,84.4041170097508,8
0.05,1846,94,155904,84.40931239848403,7
0.05,1847,94,155998,84.41450216450217,7
0.05,1848,93,156091,84.41914548404543,8
0.05,1849,94,156185,84.42432432432433,7
0.05,1850,96,156281,84.43057806591032,6
0.05,1851,93,156374,84.43520518358531,8
0.05,1852,94,156468,84.44036697247707,7
0.05,1853,90,156558,84.44336569579288,11
0.05,1854,94,156652,84.44851752021563,7
0.05,1855,95,156747,84.45420258620689,6
0.05,1856,95,156842,84.45988152934841,6
0.05,1857,95,156937,84.46555435952638,6
0.05,1858,96,157033,84.47175901022055,6
0.05,1859,93,157126,84.4763440860215,8
0.05,1860,95,157221,84.48199892530897,6
0.05,1861,92,157313,84.4860365198711,9
0.05,1862,94,157407,84.49114331723027,7
0.05,1863,93,157500,84.49570815450643,8
0.05,1864,94,157594,84.50080428954423,7
0.05,1865,94,157688,84.50589496248661,7
0.05,1866,95,157783,84.51151580074986,6
0.05,1867,93,157876,84.51605995717345,9
0.05,1868,94,157970,84.5211342964152,7
0.05,1869,93,158063,84.52566844919787,8
0.05,1870,96,158159,84.53180117584179,6
0.05,1871,94,158253,84.53685897435898,7
0.05,1872,95,158348,84.54244527495996,7
0.05,1873,95,158443,84.54802561366061,6
0.05,1874,96,158539,84.55413333333334,6
0.05,1875,93,158632,84.55863539445629,8
0.05,1876,96,158728,84.56473095364944,6
0.05,1877,95,158823,84.5702875399361,6
0.05,1878,95,158918,84.5758382118148,7
0.05,1879,94,159012,84.58085106382978,7
0.05,1880,90,159102,84.58373205741627,12
0.05,1881,94,159196,84.58873538788522,7
0.05,1882,96,159292,84.59479553903346,6
0.05,1883,92,159384,84.59872611464968,9
0.05,1884,94,159478,84.60371352785145,7
0.05,1885,94,159572,84.6086956521739,7
0.05,1886,94,159666,84.61367249602544,7
0.05,1887,88,159754,84.61546610169492,13
0.05,1888,95,159849,84.6209634727369,6
0.05,1889,96,159945,84.62698412698413,6
0.05,1890,96,160041,84.6329984135378,6
0.05,1891,94,160135,84.63794926004228,7
0.05,1892,94,160229,84.64289487585843,7
0.05,1893,96,160325,84.64889123548046,6
0.05,1894,93,160418,84.6532981530343,8
0.05,1895,96,160514,84.65928270042194,6
0.05,1896,95,160609,84.66473379019504,6
0.05,1897,94,160703,84.66965226554268,8
0.05,1898,94,160797,84.67456556082149,7
0.05,1899,94,160891,84.67947368421052,7
0.05,1900,95,160986,84.68490268279852,6
0.05,1901,93,161079,84.68927444794953,8
0.05,1902,94,161173,84.69416710457173,7
0.05,1903,93,161266,84.69852941176471,8
0.05,1904,94,161360,84.70341207349081,7
0.05,1905,92,161452,84.70724029380902,10
0.05,1906,95,161547,84.71263765076036,6
0.05,1907,94,161641,84.71750524109015,7
0.05,1908,95,161736,84.72289156626506,8
0.05,1909,94,161830,84.72774869109948,7
0.05,1910,92,161922,84.73155416012558,9
0.05,1911,93,162015,84.73587866108787,8
0.05,1912,95,162110,84.74124411918453,6
0.05,1913,94,162204,84.74608150470219,7
0.05,1914,94,162298,84.7509138381201,7
0.05,1915,96,162394,84.75678496868476,6
0.05,1916,93,162487,84.76108502869066,8
0.05,1917,94,162581,84.76590198123044,7
0.05,1918,91,162672,84.76915059927045,10
0.05,1919,91,162763,84.77239583333333,10
0.05,1920,95,162858,84.77771993753254,6
0.05,1921,92,162950,84.78147762747139,9
0.05,1922,92,163042,84.78523140925637,9
0.05,1923,93,163135,84.78950103950103,8
0.05,1924,95,163230,84.79480519480519,6
0.05,1925,93,163323,84.79906542056075,8
0.05,1926,94,163417,84.80384016606124,7
0.05,1927,94,163511,84.80860995850622,7
0.05,1928,94,163605,84.81337480559876,7
0.05,1929,94,163699,84.8181347150259,7
0.05,1930,94,163793,84.82288969445882,7
0.05,1931,95,163888,84.82815734989649,6
0.05,1932,95,163983,84.8334195550957,6
0.05,1933,94,164077,84.83815925542916,7
0.05,1934,96,164173,84.84392764857881,6
0.05,1935,94,164267,84.84865702479338,7
0.05,1936,91,164358,84.85183273102736,10
0.05,1937,94,164452,84.85655314757481,8
0.05,1938,94,164546,84.86126869520372,7
0.05,1939,94,164640,84.8659793814433,7
0.05,1940,91,164731,84.86913961875322,10
0.05,1941,94,164825,84.87384140061792,7
0.05,1942,96,164921,84.87956767884714,6
0.05,1943,94,165015,84.88425925925925,7
0.05,1944,91,165106,84.88740359897172,10
0.05,1945,93,165199,84.89157245632066,9
0.05,1946,95,165294,84.89676425269646,6
0.05,1947,94,165388,84.90143737166325,7
0.05,1948,92,165480,84.90507952796305,9
0.05,1949,90,165570,84.9076923076923,11
0.05,1950,96,165666,84.91337775499744,6
0.05,1951,23,165689,84.88165983606558,9
0.05,1952,93,165782,84.8858166922683,8
0.05,1953,93,165875,84.8899692937564,9
0.05,1954,92,165967,84.89360613810742,9
0.05,1955,94,166061,84.8982617586912,7
0.05,1956,94,166155,84.90291262135922,8
0.05,1957,96,166251,84.90858018386108,6
0.05,1958,22,166273,84.87646758550281,10
0.05,1959,96,166369,84.88214285714285,6
0.05,1960,96,166465,84.88781234064253,6
0.05,1961,96,166561,84.89347604485219,7
0.05,1962,19,166580,84.85990830361692,13
0.05,1963,96,166676,84.86558044806517,6
0.05,1964,88,166764,84.86717557251909,13
0.05,1965,24,166788,84.83621566632758,8
0.05,1966,93,166881,84.8403660396543,8
0.05,1967,92,166973,84.84400406504065,9
0.05,1968,94,167067,84.84865413915693,7
0.05,1969,96,167163,84.85431472081218,6
0.05,1970,94,167257,84.85895484525622,7
0.05,1971,20,167277,84.8260649087221,12
0.05,1972,94,167371,84.83071464774456,7
0.05,1973,96,167467,84.83637284701115,6
0.05,1974,92,167559,84.84,10
0.05,1975,92,167651,84.84362348178138,9
0.05,1976,92,167743,84.84724329792616,9
0.05,1977,95,167838,84.85237613751264,7
0.05,1978,90,167928,84.85497726124305,11
0.05,1979,92,168020,84.85858585858585,9
0.05,1980,96,168116,84.86420999495205,6
0.05,1981,95,168211,84.86932391523713,6
0.05,1982,96,168307,84.87493696419567,6
0.05,1983,96,168403,84.8805443548387,6
0.05,1984,94,168497,84.88513853904283,8
0.05,1985,94,168591,84.88972809667673,7
0.05,1986,93,168684,84.8938097634625,8
0.05,1987,95,168779,84.89889336016097,6
0.05,1988,91,168870,84.90196078431373,10
0.05,1989,96,168966,84.9075376884422,6
0.05,1990,94,169060,84.91210447011552,7
0.05,1991,95,169155,84.9171686746988,6
0.05,1992,93,169248,84.92122428499749,8
0.05,1993,94,169342,84.92577733199599,7
0.05,1994,94,169436,84.93032581453635,7
0.05,1995,94,169530,84.93486973947896,7
0.05,1996,95,169625,84.9399098647972,7
0.05,1997,95,169720,84.94494494494495,6
0.05,1998,96,169816,84.9504752376188,6
0.05,1999,94,169910,84.955,8
0.05,2000,96,170006,84.96051974012994,6
0.05,2001,96,170102,84.96603396603396,6
0.05,2002,95,170197,84.97104343484773,6
0.05,2003,95,170292,84.97604790419162,7
0.05,2004,94,170386,84.98054862842893,8
0.05,2005,91,170477,84.98354935194416,10
0.05,2006,95,170572,84.98854010961634,6
0.05,2007,94,170666,84.99302788844622,8
0.05,2008,93,170759,84.99701343952215,8
0.05,2009,87,170846,84.99800995024876,14
0.05,2010,94,170940,85.00248632521134,7
0.05,2011,96,171036,85.0079522862823,6
0.05,2012,93,171129,85.01192250372578,9
0.05,2013,94,171223,85.01638530287984,8
0.05,2014,94,171317,85.02084367245658,8
0.05,2015,90,171407,85.0233134920635,11
0.05,2016,96,171503,85.02875557759049,6
0.05,2017,96,171599,85.03419226957384,6
0.05,2018,96,171695,85.03962357602774,6
0.05,2019,91,171786,85.04257425742574,10
0.05,2020,94,171880,85.04700643245918,7
0.05,2021,92,171972,85.05044510385757,9
0.05,2022,94,172066,85.0548690064261,8
0.05,2023,25,172091,85.0251976284585,8
0.05,2024,95,172186,85.03012345679012,6
0.05,2025,95,172281,85.0350444225074,9
0.05,2026,95,172376,85.0399605328071,6
0.05,2027,92,172468,85.04339250493096,9
0.05,2028,92,172560,85.04682109413504,9
0.05,2029,92,172652,85.05024630541872,9
0.05,2030,93,172745,85.05416051206302,8
0.05,2031,91,172836,85.05708661417323,10
0.05,2032,92,172928,85.06050172159371,9
0.05,2033,93,173021,85.06440511307768,8
0.05,2034,95,173116,85.06928746928747,6
0.05,2035,92,173208,85.07269155206286,9
0.05,2036,92,173300,85.07609229258713,9
0.05,2037,94,173394,85.08047105004907,7
0.05,2038,95,173489,85.08533594899461,6
0.05,2039,96,173585,85.0906862745098,6
0.05,2040,92,173677,85.09407153356197,9
0.05,2041,94,173771,85.09843290891283,7
0.05,2042,96,173867,85.10376896720508,6
0.05,2043,93,173960,85.10763209393346,8
0.05,2044,96,174056,85.11295843520783,6
0.05,2045,94,174150,85.11730205278593,7
0.05,2046,94,174244,85.12164142647777,7
0.05,2047,94,174338,85.1259765625,7
0.05,2048,94,174432,85.13030746705711,7
0.05,2049,93,174525,85.13414634146342,8
0.05,2050,94,174619,85.13846903949293,8
0.05,2051,91,174710,85.14132553606238,10
0.05,2052,94,174804,85.14564052605942,7
0.05,2053,94,174898,85.14995131450827,7
0.05,2054,94,174992,85.15425790754257,7
0.05,2055,95,175087,85.159046692607,6
0.05,2056,90,175177,85.16140009722898,11
0.05,2057,95,175272,85.16618075801749,6
0.05,2058,93,175365,85.1699854298203,8
0.05,2059,94,175459,85.1742718446602,7
0.05,2060,94,175553,85.17855409995148,7
0.05,2061,96,175649,85.18380213385063,6
0.05,2062,96,175745,85.18904507998062,6
0.05,2063,93,175838,85.19282945736434,8
0.05,2064,96,175934,85.19806295399516,6
0.05,2065,92,176026,85.20135527589545,9
0.05,2066,94,176120,85.20561199806482,7
0.05,2067,94,176214,85.20986460348162,8
0.05,2068,94,176308,85.21411309811504,8
0.05,2069,95,176403,85.21884057971015,6
0.05,2070,92,176495,85.22211492032834,9
0.05,2071,95,176590,85.22683397683397,6
0.05,2072,95,176685,85.2315484804631,6
0.05,2073,95,176780,85.23625843780135,7
0.05,2074,96,176876,85.24144578313253,6
0.05,2075,96,176972,85.2466281310212,6
0.05,2076,92,177064,85.24987963408762,9
0.05,2077,23,177087,85.2199230028874,9
0.05,2078,94,177181,85.22414622414622,7
0.05,2079,95,177276,85.22884615384615,6
0.05,2080,94,177370,85.23306102835176,7
0.05,2081,95,177465,85.23775216138328,6
0.05,2082,95,177560,85.24243879020644,6
0.05,2083,94,177654,85.24664107485604,7
0.05,2084,94,177748,85.25083932853717,7
0.05,2085,94,177842,85.25503355704699,7
0.05,2086,96,177938,85.26018207954002,6
0.05,2087,22,177960,85.22988505747126,10
0.05,2088,94,178054,85.23408329344184,7
0.05,2089,94,178148,85.23827751196173,7
0.05,2090,94,178242,85.24246771879484,8
0.05,2091,94,178336,85.24665391969407,7
0.05,2092,94,178430,85.25083612040133,8
0.05,2093,92,178522,85.25405921680994,9
0.05,2094,94,178616,85.2582338902148,7
0.05,2095,93,178709,85.26192748091603,9
0.05,2096,94,178803,85.26609442060087,8
0.05,2097,96,178899,85.27121067683508,6
0.05,2098,95,178994,85.27584564078133,7
0.05,2099,94,179088,85.28,7
0.05,2100,96,179184,85.28510233222275,6
0.05,2101,95,179279,85.28972407231208,6
0.05,2102,96,179375,85.29481692819782,6
0.05,2103,95,179470,85.29942965779468,6
0.05,2104,94,179564,85.30356294536817,7
0.05,2105,89,179653,85.30531813865147,12
0.05,2106,95,179748,85.30991931656384,7
0.05,2107,94,179842,85.31404174573055,8
0.05,2108,95,179937,85.31863442389758,6
0.05,2109,95,180032,85.32322274881517,6
0.05,2110,92,180124,85.32638559924206,9
0.05,2111,96,180220,85.33143939393939,6
0.05,2112,94,180314,85.33554188357785,7
0.05,2113,91,180405,85.33822138126774,10
0.05,2114,91,180496,85.34089834515366,11
0.05,2115,94,180590,85.34499054820417,7
0.05,2116,92,180682,85.34813415210203,9
0.05,2117,93,180775,85.35174693106704,8
0.05,2118,94,180869,85.3558282208589,7
0.05,2119,95,180964,85.36037735849057,6
0.05,2120,95,181059,85.36492220650636,7
0.05,2121,92,181151,85.36804901036757,9
0.05,2122,94,181245,85.37211493170042,7
0.05,2123,95,181340,85.37664783427495,6
0.05,2124,96,181436,85.38164705882353,6
0.05,2125,94,181530,85.3857008466604,7
0.05,2126,94,181624,85.38975082275505,7
0.05,2127,95,181719,85.39426691729324,6
0.05,2128,96,181815,85.39924847346172,6
0.05,2129,92,181907,85.40234741784037,9
0.05,2130,96,182003,85.40732050680431,7
0.05,2131,94,182097,85.41135084427768,7
0.05,2132,94,182191,85.41537740271917,7
0.05,2133,92,182283,85.41846298031865,9
0.05,2134,94,182377,85.42248243559719,7
0.05,2135,96,182473,85.42743445692884,6
0.05,2136,94,182567,85.43144595226954,7
0.05,2137,96,182663,85.43638914873713,6
0.05,2138,95,182758,85.44086021505376,6
0.05,2139,94,182852,85.44485981308411,7
0.05,2140,95,182947,85.44932274638019,6
0.05,2141,91,183038,85.45191409897292,10
0.05,2142,93,183131,85.45543630424639,8
0.05,2143,94,183225,85.45942164179104,7
0.05,2144,94,183319,85.46340326340326,7
0.05,2145,94,183413,85.46738117427772,7
0.05,2146,90,183503,85.46949231485794,12
0.05,2147,95,183598,85.47392923649907,6
0.05,2148,90,183688,85.47603536528618,12
0.05,2149,95,183783,85.48046511627906,6
0.05,2150,95,183878,85.48489074848908,6
0.05,2151,91,183969,85.48745353159852,10
0.05,2152,93,184062,85.49094287041338,8
0.05,2153,93,184155,85.49442896935933,8
0.05,2154,95,184250,85.49883990719258,7
0.05,2155,93,184343,85.50231910946196,8
0.05,2156,95,184438,85.50672229949004,6
0.05,2157,94,184532,85.51065801668211,7
0.05,2158,95,184627,85.51505326540065,6
0.05,2159,92,184719,85.51805555555555,9
0.05,2160,96,184815,85.52290606200833,6
0.05,2161,89,184904,85.52451433857539,12
0.05,2162,94,184998,85.52843273231623,8
0.05,2163,91,185089,85.53096118299446,10
0.05,2164,94,185183,85.53487297921478,8
0.05,2165,94,185277,85.5387811634349,7
0.05,2166,92,185369,85.5417628057222,9
0.05,2167,93,185462,85.54520295202953,8
0.05,2168,95,185557,85.54956201014292,6
0.05,2169,93,185650,85.55299539170507,8
0.05,2170,96,185746,85.55780746199908,6
0.05,2171,96,185842,85.56261510128914,6
0.05,2172,95,185937,85.5669581224114,6
0.05,2173,92,186029,85.56991720331187,9
0.05,2174,94,186123,85.57379310344828,7
0.05,2175,92,186215,85.5767463235294,9
0.05,2176,93,186308,85.58015617822691,8
0.05,2177,94,186402,85.5840220385675,8
0.05,2178,95,186497,85.58834327673245,6
0.05,2179,91,186588,85.5908256880734,10
0.05,2180,92,186680,85.59376432828978,10
0.05,2181,93,186773,85.59715857011916,8
0.05,2182,92,186865,85.60009161704077,10
0.05,2183,91,186956,85.6025641025641,10
0.05,2184,91,187047,85.60503432494279,10
0.05,2185,93,187140,85.60841720036596,8
0.05,2186,94,187234,85.61225422953818,7
0.05,2187,91,187325,85.61471663619744,11
0.05,2188,95,187420,85.61900411146642,6
0.05,2189,94,187514,85.62283105022831,7
0.05,2190,95,187609,85.62711090826107,7
0.05,2191,96,187705,85.63184306569343,6
0.05,2192,96,187801,85.63657090743274,6
0.05,2193,95,187896,85.640838650866,6
0.05,2194,93,187989,85.64419134396356,8
0.05,2195,96,188085,85.64890710382514,6
0.05,2196,93,188178,85.65225307237142,8
0.05,2197,94,188272,85.65605095541402,7
0.05,2198,96,188368,85.66075488858571,6
0.05,2199,94,188462,85.66454545454546,8
0.05,2200,92,188554,85.66742389822808,9
0.05,2201,96,188650,85.67211625794732,6
0.05,2202,93,188743,85.67544257830231,8
0.05,2203,95,188838,85.67967332123412,6
0.05,2204,96,188934,85.6843537414966,6
0.05,2205,93,189027,85.68766999093381,8
0.05,2206,94,189121,85.69143633892162,8
0.05,2207,92,189213,85.69429347826087,9
0.05,2208,94,189307,85.69805341783612,8
0.05,2209,93,189400,85.70135746606334,8
0.05,2210,94,189494,85.70511080958842,7
0.05,2211,96,189590,85.70976491862568,6
0.05,2212,93,189683,85.713059195662,8
0.05,2213,91,189774,85.71544715447155,10
0.05,2214,93,189867,85.71873589164785,10
0.05,2215,24,189891,85.6908844765343,8
0.05,2216,94,189985,85.69463238610736,7
0.05,2217,22,190007,85.66591523895401,12
0.05,2218,27,190034,85.63947724200091,6
0.05,2219,94,190128,85.64324324324325,8
0.05,2220,94,190222,85.64700585321927,8
0.05,2221,95,190317,85.65121512151215,6
0.05,2222,96,190413,85.65587044534414,6
0.05,2223,92,190505,85.65872302158273,9
0.05,2224,96,190601,85.66337078651685,6
0.05,2225,91,190692,85.66576819407008,11
0.05,2226,93,190785,85.66906151773686,8
0.05,2227,92,190877,85.67190305206464,9
0.05,2228,93,190970,85.6751906684612,8
0.05,2229,95,191065,85.67937219730942,6
0.05,2230,96,191161,85.68399820708203,6
0.05,2231,94,191255,85.68772401433692,7
0.05,2232,90,191345,85.6896551724138,12
0.05,2233,89,191434,85.6911369740376,12
0.05,2234,94,191528,85.69485458612975,7
0.05,2235,96,191624,85.69946332737031,6
0.05,2236,96,191720,85.70406794814484,6
0.05,2237,96,191816,85.70866845397677,6
0.05,2238,94,191910,85.71237159446181,7
0.05,2239,94,192004,85.71607142857142,7
0.05,2240,90,192094,85.71798304328425,11
0.05,2241,94,192188,85.72167707404104,7
0.05,2242,95,192283,85.72581364244316,6
0.05,2243,96,192379,85.73039215686275,6
0.05,2244,94,192473,85.73407572383074,7
0.05,2245,94,192567,85.73775601068566,7
0.05,2246,93,192660,85.74098798397864,8
0.05,2247,95,192755,85.74510676156584,7
0.05,2248,93,192848,85.74833259226322,8
0.05,2249,91,192939,85.75066666666666,10
0.05,2250,94,193033,85.754331408263,7
0.05,2251,94,193127,85.75799289520427,7
0.05,2252,93,193220,85.76120727918331,8
0.05,2253,93,193313,85.76441881100266,9
0.05,2254,92,193405,85.76718403547672,9
0.05,2255,94,193499,85.77083333333333,7
0.05,2256,92,193591,85.77359326539654,9
0.05,2257,92,193683,85.77635075287866,9
0.05,2258,94,193777,85.779991146525,7
0.05,2259,95,193872,85.78407079646017,6
0.05,2260,94,193966,85.78770455550641,7
0.05,2261,94,194060,85.79133510167993,8
0.05,2262,96,194156,85.79584622182944,6
0.05,2263,93,194249,85.79902826855124,8
0.05,2264,95,194344,85.80309050772627,6
0.05,2265,94,194438,85.80670785525155,8
0.05,2266,95,194533,85.81076312307013,6
0.05,2267,94,194627,85.81437389770723,7
0.05,2268,96,194723,85.81886293521374,6
0.05,2269,94,194817,85.82246696035243,7
0.05,2270,96,194913,85.82694848084545,6
0.05,2271,93,195006,85.83010563380282,8
0.05,2272,94,195100,85.83369995600528,7
0.05,2273,90,195190,85.83553210202287,11
0.05,2274,27,195217,85.80967032967033,6
0.05,2275,94,195311,85.81326889279438,7
0.05,2276,93,195404,85.81642512077295,8
0.05,2277,95,195499,85.82045654082529,7
0.05,2278,93,195592,85.8236068451075,8
0.05,2279,94,195686,85.82719298245614,7
0.05,2280,92,195778,85.82989916703201,9
0.05,2281,94,195872,85.83347940403155,7
0.05,2282,95,195967,85.83749452474814,6
0.05,2283,96,196063,85.84194395796848,7
0.05,2284,92,196155,85.84463894967178,9
0.05,2285,94,196249,85.84820647419073,7
0.05,2286,94,196343,85.85177087888063,7
0.05,2287,95,196438,85.85576923076923,6
0.05,2288,93,196531,85.85889034512888,8
0.05,2289,24,196555,85.83187772925764,8
0.05,2290,94,196649,85.83544303797468,7
0.05,2291,96,196745,85.83987783595113,6
0.05,2292,94,196839,85.8434365460096,8
0.05,2293,91,196930,85.8456843940715,10
0.05,2294,96,197026,85.85010893246188,6
0.05,2295,91,197117,85.8523519163763,10
0.05,2296,94,197211,85.85589899869395,7
0.05,2297,93,197304,85.85900783289817,8
0.05,2298,91,197395,85.86124401913875,10
0.05,2299,94,197489,85.86478260869565,8
0.05,2300,94,197583,85.86831812255541,7
0.05,2301,94,197677,85.87185056472633,7
0.05,2302,94,197771,85.87537993920972,8
0.05,2303,94,197865,85.87890625,7
0.05,2304,94,197959,85.8824295010846,7
0.05,2305,96,198055,85.88681699913269,7
0.05,2306,94,198149,85.8903337667967,7
0.05,2307,93,198242,85.89341421143847,8
0.05,2308,94,198336,85.89692507579039,7
0.05,2309,88,198424,85.8978354978355,13
0.05,2310,94,198518,85.90134141064475,7
0.05,2311,96,198614,85.90570934256056,6
0.05,2312,94,198708,85.90920881971465,7
0.05,2313,96,198804,85.91356957649093,6
0.05,2314,94,198898,85.91706263498921,7
0.05,2315,93,198991,85.92012089810017,8
0.05,2316,96,199087,85.92447129909365,6
0.05,2317,96,199183,85.9288179465056,6
0.05,2318,94,199277,85.9322984044847,7
0.05,2319,96,199373,85.93663793103448,6
0.05,2320,90,199463,85.93838862559242,12
0.05,2321,94,199557,85.94186046511628,7
0.05,2322,94,199651,85.94532931554025,7
0.05,2323,95,199746,85.94922547332186,6
0.05,2324,89,199835,85.9505376344086,12
0.05,2325,94,199929,85.95399828030955,7
0.05,2326,95,200024,85.95788568972927,6
0.05,2327,95,200119,85.96176975945018,6
0.05,2328,94,200213,85.96522112494632,8
0.05,2329,89,200302,85.96652360515021,12
0.05,2330,96,200398,85.97082797082797,6
0.05,2331,96,200494,85.97512864493997,6
0.05,2332,94,200588,85.97856836690956,7
0.05,2333,94,200682,85.98200514138817,7
0.05,2334,96,200778,85.98629550321199,6
0.05,2335,96,200874,85.99058219178082,6
0.05,2336,94,200968,85.99400941377834,7
0.05,2337,90,201058,85.99572284003422,11
0.05,2338,95,201153,85.99957246686618,6
0.05,2339,93,201246,86.00256410256411,8
0.05,2340,93,201339,86.00555318240069,8
0.05,2341,96,201435,86.00982066609735,6
0.05,2342,92,201527,86.01237729406743,9
0.05,2343,93,201620,86.01535836177474,8
0.05,2344,88,201708,86.01620469083156,13
0.05,2345,95,201803,86.02003410059676,6
0.05,2346,94,201897,86.02343417128249,7
0.05,2347,94,201991,86.02683134582624,7
0.05,2348,90,202081,86.02852277564921,12
0.05,2349,92,202173,86.03106382978723,9
0.05,2350,93,202266,86.03402807316036,8
0.05,2351,96,202362,86.03826530612245,6
0.05,2352,91,202453,86.04037399065024,10
0.05,2353,94,202547,86.04375531011046,7
0.05,2354,96,202643,86.047983014862,6
0.05,2355,94,202737,86.05135823429542,8
0.05,2356,94,202831,86.05473058973271,7
0.05,2357,94,202925,86.05810008481764,8
0.05,2358,94,203019,86.06146672318779,7
0.05,2359,94,203113,86.06483050847457,7
0.05,2360,94,203207,86.06819144430327,7
0.05,2361,94,203301,86.07154953429297,7
0.05,2362,93,203394,86.07448159119762,8
0.05,2363,89,203483,86.07571912013536,12
0.05,2364,94,203577,86.07906976744187,7
0.05,2365,93,203670,86.08199492814877,8
0.05,2366,92,203762,86.08449514152936,9
0.05,2367,95,203857,86.08826013513513,6
0.05,2368,95,203952,86.09202195018996,6
0.05,2369,92,204044,86.0945147679325,10
0.05,2370,89,204133,86.09574019401097,13
0.05,2371,94,204227,86.09907251264755,7
0.05,2372,94,204321,86.10240202275601,7
0.05,2373,94,204415,86.10572872788542,7
0.05,2374,93,204508,86.10863157894737,8
0.05,2375,93,204601,86.11153198653199,8
0.05,2376,92,204693,86.11400925536391,10
0.05,2377,94,204787,86.11732548359966,7
0.05,2378,92,204879,86.11979823455233,9
0.05,2379,91,204970,86.1218487394958,11
0.05,2380,25,204995,86.09617807643848,8
0.05,2381,93,205088,86.09907640638119,8
0.05,2382,91,205179,86.10113302559799,10
0.05,2383,93,205272,86.10402684563758,8
0.05,2384,94,205366,86.10733752620546,7
0.05,2385,92,205458,86.10980720871751,10
0.05,2386,96,205554,86.11395056556347,6
0.05,2387,96,205650,86.11809045226131,6
0.05,2388,90,205740,86.11971536207618,11
0.05,2389,94,205834,86.12301255230126,7
0.05,2390,94,205928,86.1263069845253,7
0.05,2391,93,206021,86.12918060200668,8
0.05,2392,94,206115,86.1324697033013,7
0.05,2393,23,206138,86.1060985797828,9
0.05,2394,94,206232,86.10939457202505,7
0.05,2395,94,206326,86.11268781302171,7
0.05,2396,93,206419,86.11556111806425,8
0.05,2397,96,206515,86.11968306922435,6
0.05,2398,91,206606,86.12171738224261,10
0.05,2399,92,206698,86.12416666666667,9
0.05,2400,96,206794,86.12827988338192,6
0.05,2401,94,206888,86.1315570358035,7
0.05,2402,96,206984,86.13566375364128,6
0.05,2403,96,207080,86.13976705490849,6
0.05,2404,95,207175,86.14345114345114,6
0.05,2405,95,207270,86.14713216957605,8
0.05,2406,91,207361,86.14914831740757,11
0.05,2407,96,207457,86.1532392026578,6
0.05,2408,95,207552,86.15691158156912,6
0.05,2409,96,207648,86.16099585062241,6
0.05,2410,94,207742,86.16424720033181,8
0.05,2411,89,207831,86.16542288557214,12
0.05,2412,94,207925,86.16866970576046,7
0.05,2413,94,208019,86.17191383595691,7
0.05,2414,94,208113,86.1751552795031,7
0.05,2415,96,208209,86.17922185430463,6
0.05,2416,24,208233,86.15349606950765,9
0.05,2417,22,208255,86.12696443341605,10
0.05,2418,95,208350,86.1306324927656,6
0.05,2419,94,208444,86.13388429752067,7
0.05,2420,95,208539,86.13754646840148,6
0.05,2421,92,208631,86.13996696944673,9
0.05,2422,94,208725,86.14321089558399,7
0.05,2423,94,208819,86.14645214521452,7
0.05,2424,94,208913,86.14969072164948,7
0.05,2425,95,209008,86.15333882934873,6
0.05,2426,95,209103,86.15698393077874,6
0.05,2427,96,209199,86.16103789126853,6
0.05,2428,96,209295,86.16508851379169,6
0.05,2429,94,209389,86.16831275720165,8
0.05,2430,91,209480,86.17030028794734,10
0.05,2431,93,209573,86.17310855263158,8
0.05,2432,94,209667,86.17632552404439,8
0.05,2433,94,209761,86.17953985209532,8
0.05,2434,91,209852,86.18151950718686,10
0.05,2435,96,209948,86.18555008210181,6
0.05,2436,94,210042,86.18875666803447,7
0.05,2437,94,210136,86.19196062346185,8
0.05,2438,94,210230,86.19516195161951,8
0.05,2439,93,210323,86.19795081967213,8
0.05,2440,94,210417,86.2011470708726,8
0.05,2441,94,210511,86.20434070434071,7
0.05,2442,96,210607,86.20835038886615,6
0.05,2443,27,210634,86.18412438625205,6
0.05,2444,95,210729,86.1877300613497,7
0.05,2445,93,210822,86.19051512673754,8
0.05,2446,92,210914,86.19288925214549,9
0.05,2447,95,211009,86.19648692810458,6
0.05,2448,95,211104,86.20008166598612,7
0.05,2449,94,211198,86.20326530612245,8
0.05,2450,96,211294,86.20726234190127,6
0.05,2451,86,211380,86.20717781402936,15
0.05,2452,95,211475,86.21076233183857,6
0.05,2453,92,211567,86.21312143439283,9
0.05,2454,94,211661,86.21629327902241,7
0.05,2455,92,211753,86.21864820846906,9
0.05,2456,94,211847,86.22181522181522,7
0.05,2457,94,211941,86.22497965825875,7
0.05,2458,95,212036,86.22854819032126,6
0.05,2459,96,212132,86.23252032520325,6
0.05,2460,95,212227,86.23608289313287,7
0.05,2461,94,212321,86.23923639317628,7
0.05,2462,94,212415,86.24238733252132,7
0.05,2463,95,212510,86.24594155844156,6
0.05,2464,95,212605,86.24949290060852,7
0.05,2465,91,212696,86.2514193025142,10
0.05,2466,96,212792,86.25537089582488,6
0.05,2467,92,212884,86.257698541329,10
0.05,2468,92,212976,86.26002430133657,9
0.05,2469,95,213071,86.26356275303644,7
0.05,2470,92,213163,86.26588425738568,9
0.05,2471,95,213258,86.26941747572816,7
0.05,2472,96,213354,86.27335220380105,6
0.05,2473,93,213447,86.27607113985448,8
0.05,2474,90,213537,86.27757575757576,11
0.05,2475,96,213633,86.28150242326333,6
0.05,2476,91,213724,86.2834073475979,10
0.05,2477,93,213817,86.28611783696529,8
0.05,2478,94,213911,86.28922952803549,7
0.05,2479,88,213999,86.28991935483872,13
0.05,2480,91,214090,86.29181781539701,10
0.05,2481,96,214186,86.29572925060435,6
0.05,2482,94,214280,86.29883205799436,7
0.05,2483,27,214307,86.27495974235104,6
0.05,2484,94,214401,86.27806841046278,8
0.05,2485,93,214494,86.28077232502011,8
0.05,2486,96,214590,86.28468033775633,6
0.05,2487,94,214684,86.28778135048232,7
0.05,2488,95,214779,86.29128163921254,6
0.05,2489,92,214871,86.29357429718875,9
0.05,2490,94,214965,86.29666800481735,7
0.05,2491,93,215058,86.29935794542536,8
0.05,2492,94,215152,86.30244685118332,7
0.05,2493,96,215248,86.30633520449078,6
0.05,2494,95,215343,86.30981963927856,7
0.05,2495,27,215370,86.2860576923077,6
0.05,2496,93,215463,86.28874649579495,9
0.05,2497,94,215557,86.29183346677343,7
0.05,2498,92,215649,86.29411764705883,9
0.05,2499,91,215740,86.296,10
0.05,2500,94,215834,86.29908036785285,7
0.05,2501,95,215929,86.30255795363709,6
0.05,2502,95,216024,86.30603276068717,7
0.05,2503,93,216117,86.30870607028754,8
0.05,2504,96,216213,86.3125748502994,6
0.05,2505,94,216307,86.31564245810056,7
0.05,2506,92,216399,86.31790985241324,10
0.05,2507,92,216491,86.3201754385965,9
0.05,2508,96,216587,86.3240334794739,6
0.05,2509,94,216681,86.32709163346614,7
0.05,2510,94,216775,86.33014735165273,8
0.05,2511,94,216869,86.33320063694268,8
0.05,2512,95,216964,86.3366494230004,6
0.05,2513,94,217058,86.33969769291966,7
0.05,2514,94,217152,86.3427435387674,7
0.05,2515,96,217248,86.34658187599364,6
0.05,2516,93,217341,86.3492252681764,8
0.05,2517,96,217437,86.35305798252581,6
0.05,2518,94,217531,86.35609368797142,7
0.05,2519,93,217624,86.35873015873015,8
0.05,2520,95,217719,86.36215787385957,7
0.05,2521,94,217813,86.36518636003171,7
0.05,2522,96,217909,86.36900515259612,6
0.05,2523,95,218004,86.37242472266244,6
0.05,2524,90,218094,86.37386138613861,11
0.05,2525,95,218189,86.37727632620744,6
0.05,2526,93,218282,86.37989711119906,8
0.05,2527,96,218378,86.38370253164557,6
0.05,2528,95,218473,86.38710952945829,6
0.05,2529,94,218567,86.3901185770751,7
0.05,2530,90,218657,86.39154484393521,12
0.05,2531,92,218749,86.3937598736177,9
0.05,2532,91,218840,86.39557836557442,10
0.05,2533,95,218935,86.39897395422257,7
0.05,2534,94,219029,86.40197238658777,7
0.05,2535,90,219119,86.40339116719242,11
0.05,2536,94,219213,86.40638549467876,7
0.05,2537,94,219307,86.40937746256895,7
0.05,2538,93,219400,86.41197321780228,8
0.05,2539,94,219494,86.41496062992125,7
0.05,2540,94,219588,86.41794569067297,7
0.05,2541,93,219681,86.42053501180173,8
0.05,2542,94,219775,86.42351553283524,7
0.05,2543,94,219869,86.42649371069183,7
0.05,2544,94,219963,86.4294695481336,8
0.05,2545,94,220057,86.4324430479183,7
0.05,2546,91,220148,86.43423635649783,10
0.05,2547,94,220242,86.43720565149137,7
0.05,2548,96,220338,86.4409572381326,6
0.05,2549,96,220434,86.44470588235293,6
0.05,2550,93,220527,86.44727557820462,8
0.05,2551,94,220621,86.45023510971787,7
0.05,2552,94,220715,86.45319232275754,7
0.05,2553,95,220810,86.45653876272513,6
0.05,2554,96,220906,86.46027397260274,6
0.05,2555,94,221000,86.46322378716745,7
0.05,2556,95,221095,86.46656237778647,6
0.05,2557,90,221185,86.46794370602032,11
0.05,2558,91,221276,86.46971473231731,10
0.05,2559,92,221368,86.471875,9
0.05,2560,90,221458,86.47325263568918,11
0.05,2561,94,221552,86.47619047619048,7
0.05,2562,95,221647,86.47951619196255,6
0.05,2563,94,221741,86.48244929797193,7
0.05,2564,92,221833,86.48460038986354,9
0.05,2565,27,221860,86.4614185502728,6
0.05,2566,91,221951,86.46318659914297,10
0.05,2567,94,222045,86.4661214953271,7
0.05,2568,95,222140,86.46944336317634,6
0.05,2569,95,222235,86.4727626459144,7
0.05,2570,92,222327,86.47491248541424,9
0.05,2571,96,222423,86.47861586314153,6
0.05,2572,96,222519,86.48231636222309,6
0.05,2573,24,222543,86.45804195804196,8
0.05,2574,92,222635,86.46019417475728,9
0.05,2575,91,222726,86.46195652173913,10
0.05,2576,94,222820,86.46488164532403,7
0.05,2577,94,222914,86.4678044996121,7
0.05,2578,95,223009,86.47111283443195,6
0.05,2579,95,223104,86.47441860465116,6
0.05,2580,88,223192,86.47500968616815,13
0.05,2581,93,223285,86.47753679318357,8
0.05,2582,96,223381,86.48122338366241,6
0.05,2583,94,223475,86.48413312693498,7
0.05,2584,94,223569,86.48704061895552,7
0.05,2585,94,223663,86.48994586233566,7
0.05,2586,88,223751,86.49052957093159,13
0.05,2587,94,223845,86.49343122102009,7
0.05,2588,92,223937,86.49555813055234,9
0.05,2589,25,223962,86.47181467181467,8
0.05,2590,93,224055,86.47433423388652,8
0.05,2591,93,224148,86.47685185185185,8
0.05,2592,96,224244,86.48052448900887,6
0.05,2593,91,224335,86.482266769468,10
0.05,2594,93,224428,86.48477842003854,10
0.05,2595,92,224520,86.4869029275809,9
0.05,2596,94,224614,86.48979591836735,8
0.05,2597,96,224710,86.49345650500385,6
0.05,2598,94,224804,86.49634474797999,7
0.05,2599,96,224900,86.5,6
0.05,2600,92,224992,86.50211457131873,9
0.05,2601,95,225087,86.5053804765565,6
0.05,2602,94,225181,86.50825970034576,7
0.05,2603,94,225275,86.51113671274962,8
0.05,2604,93,225368,86.51362763915547,8
0.05,2605,92,225460,86.51573292402149,9
0.05,2606,96,225556,86.51937092443421,6
0.05,2607,93,225649,86.52185582822086,8
0.05,2608,94,225743,86.52472211575316,7
0.05,2609,94,225837,86.52758620689656,7
0.05,2610,95,225932,86.53083109919571,6
0.05,2611,94,226026,86.53369065849924,7
0.05,2612,94,226120,86.53654802908534,7
0.05,2613,94,226214,86.53940321346596,8
0.05,2614,94,226308,86.54225621414913,8
0.05,2615,94,226402,86.54510703363914,7
0.05,2616,94,226496,86.54795567443638,7
0.05,2617,94,226590,86.55080213903743,7
0.05,2618,96,226686,86.55441008018327,6
0.05,2619,92,226778,86.55648854961832,9
0.05,2620,94,226872,86.5593285005723,7
0.05,2621,95,226967,86.56254767353165,6
0.05,2622,96,227063,86.56614563476934,6
0.05,2623,94,227157,86.56897865853658,7
0.05,2624,94,227251,86.57180952380952,7
0.05,2625,95,227346,86.57501904036558,6
0.05,2626,94,227440,86.57784545108488,7
0.05,2627,94,227534,86.5806697108067,8
0.05,2628,95,227629,86.58387219475085,6
0.05,2629,96,227725,86.58745247148289,6
0.05,2630,25,227750,86.56404408969973,8
0.05,2631,93,227843,86.56648936170212,8
0.05,2632,94,227937,86.56931257121154,7
0.05,2633,95,228032,86.57251328777525,7
0.05,2634,93,228125,86.57495256166983,8
0.05,2635,96,228221,86.57852807283763,6
0.05,2636,93,228314,86.5809632157755,8
0.05,2637,94,228408,86.58377558756634,7
0.05,2638,92,228500,86.58582796513831,9
0.05,2639,95,228595,86.58901515151516,7
0.05,2640,95,228690,86.59219992427111,8
0.05,2641,93,228783,86.59462528387586,8
0.05,2642,92,228875,86.59667045024594,9
0.05,2643,94,228969,86.59947049924357,7
0.05,2644,93,229062,86.60189035916824,8
0.05,2645,93,229155,86.60430839002268,8
0.05,2646,95,229250,86.60748016622591,6
0.05,2647,92,229342,86.6095166163142,9
0.05,2648,96,229438,86.61306153265383,6
0.05,2649,96,229534,86.6166037735849,6
0.05,2650,93,229627,86.61901169370049,8
0.05,2651,92,229719,86.6210407239819,10
0.05,2652,96,229815,86.62457595175273,6
0.05,2653,94,229909,86.62735493594575,7
0.05,2654,95,230004,86.63050847457627,7
0.05,2655,95,230099,86.63365963855422,6
0.05,2656,25,230124,86.61046292811442,8
0.05,2657,94,230218,86.6132430398796,7
0.05,2658,96,230314,86.61677322301617,6
0.05,2659,94,230408,86.61954887218045,7
0.05,2660,94,230502,86.62232243517475,7
0.05,2661,95,230597,86.62546957175056,6
0.05,2662,96,230693,86.62898986105895,6
0.05,2663,94,230787,86.63175675675676,7
0.05,2664,93,230880,86.63414634146342,8
0.05,2665,94,230974,86.63690922730683,7
0.05,2666,95,231069,86.6400449943757,6
0.05,2667,91,231160,86.64167916041978,11
0.05,2668,92,231252,86.64368677407269,9
0.05,2669,92,231344,86.64569288389514,9
0.05,2670,93,231437,86.64807188318981,8
0.05,2671,94,231531,86.65082335329342,8
0.05,2672,94,231625,86.65357276468387,7
0.05,2673,96,231721,86.65706806282722,6
0.05,2674,86,231807,86.65682242990654,15
0.05,2675,95,231902,86.65994020926756,6
0.05,2676,24,231926,86.63653343294733,8
0.05,2677,95,232021,86.6396564600448,6
0.05,2678,94,232115,86.64240388204554,7
0.05,2679,88,232203,86.6429104477612,13
0.05,2680,94,232297,86.64565460649011,7
0.05,2681,96,232393,86.64914243102163,6
0.05,2682,94,232487,86.65188222139396,7
0.05,2683,94,232581,86.65461997019374,7
0.05,2684,94,232675,86.65735567970205,8
0.05,2685,95,232770,86.66046165301563,6
0.05,2686,92,232862,86.66244882768888,9
0.05,2687,90,232952,86.66369047619048,11
0.05,2688,94,233046,86.66641874302715,7
0.05,2689,96,233142,86.66988847583643,6
0.05,2690,95,233237,86.6729840208101,6
0.05,2691,94,233331,86.67570579494799,7
0.05,2692,93,233424,86.67805421463052,8
0.05,2693,94,233518,86.6807720861173,7
0.05,2694,95,233613,86.68385899814471,6
0.05,2695,94,233707,86.68657270029674,8
0.05,2696,94,233801,86.68928439006304,7
0.05,2697,93,233894,86.69162342475909,8
0.05,2698,94,233988,86.6943312337903,7
0.05,2699,95,234083,86.69740740740741,6
0.05,2700,93,234176,86.69974083672714,9
0.05,2701,96,234272,86.70318282753516,6
0.05,2702,93,234365,86.7055123936367,8
0.05,2703,91,234456,86.70710059171597,10
0.05,2704,96,234552,86.71053604436229,6
0.05,2705,96,234648,86.7139689578714,6
0.05,2706,96,234744,86.71739933505727,6
0.05,2707,94,234838,86.72008862629247,8
0.05,2708,89,234927,86.72093023255815,12
0.05,2709,93,235020,86.72324723247233,8
0.05,2710,92,235112,86.72519365547768,9
0.05,2711,94,235206,86.72787610619469,7
0.05,2712,95,235301,86.73092517508293,6
0.05,2713,95,235396,86.73397199705232,6
0.05,2714,27,235423,86.71197053406998,6
0.05,2715,92,235515,86.7139175257732,9
0.05,2716,92,235607,86.71586308428414,9
0.05,2717,94,235701,86.71854304635761,7
0.05,2718,94,235795,86.72122103714601,7
0.05,2719,92,235887,86.72316176470588,9
0.05,2720,94,235981,86.72583608967291,7
0.05,2721,95,236076,86.72887582659808,7
0.05,2722,96,236172,86.73228057289754,6
0.05,2723,94,236266,86.73494860499265,7
0.05,2724,92,236358,86.73688073394496,10
0.05,2725,92,236450,86.73881144534116,9
0.05,2726,95,236545,86.74184085075174,6
0.05,2727,96,236641,86.74523460410558,6
0.05,2728,95,236736,86.74825943569073,6
0.05,2729,94,236830,86.75091575091575,7
0.05,2730,94,236924,86.75357012083487,7
0.05,2731,93,237017,86.75585651537335,8
0.05,2732,96,237113,86.75923893157702,6
0.05,2733,91,237204,86.76079005120702,12
0.05,2734,91,237295,86.76234003656307,10
0.05,2735,92,237387,86.76425438596492,9
0.05,2736,94,237481,86.76689806357325,7
0.05,2737,95,237576,86.76990504017532,6
0.05,2738,92,237668,86.77181453085068,9
0.05,2739,94,237762,86.77445255474453,7
0.05,2740,94,237856,86.77708865377599,7
0.05,2741,94,237950,86.77972283005106,7
0.05,2742,92,238042,86.7816259569814,10
0.05,2743,94,238136,86.78425655976676,7
0.05,2744,93,238229,86.78652094717668,8
0.05,2745,94,238323,86.78914785142025,7
0.05,2746,93,238416,86.79140880961049,9
0.05,2747,96,238512,86.79475982532752,6
0.05,2748,95,238607,86.79774463441251,6
0.05,2749,96,238703,86.8010909090909,6
0.05,2750,90,238793,86.80225372591785,11
0.05,2751,92,238885,86.80414244186046,9
0.05,2752,94,238979,86.80675626589175,8
0.05,2753,94,239073,86.80936819172113,7
0.05,2754,27,239100,86.78765880217786,6
0.05,2755,96,239196,86.7910014513788,6
0.05,2756,96,239292,86.7943416757345,6
0.05,2757,90,239382,86.79550398839739,11
0.05,2758,93,239475,86.79775280898876,9
0.05,2759,95,239570,86.80072463768116,6
0.05,2760,93,239663,86.8029699384281,8
0.05,2761,96,239759,86.80629978276612,6
0.05,2762,94,239853,86.80890336590663,7
0.05,2763,88,239941,86.80933429811867,14
0.05,2764,92,240033,86.81121157323689,9
0.05,2765,94,240127,86.81381055676067,7
0.05,2766,95,240222,86.8167690639682,6
0.05,2767,94,240316,86.8193641618497,7
0.05,2768,95,240411,86.82231852654388,6
0.05,2769,95,240506,86.82527075812274,6
0.05,2770,94,240600,86.82785997834716,7
0.05,2771,94,240694,86.83044733044733,7
0.05,2772,95,240789,86.83339343671115,6
0.05,2773,96,240885,86.83669790915646,6
0.05,2774,93,240978,86.83891891891892,8
0.05,2775,92,241070,86.8407780979827,9
0.05,2776,96,241166,86.84407634137558,6
0.05,2777,94,241260,86.84665226781857,7
0.05,2778,94,241354,86.84922634041023,7
0.05,2779,96,241450,86.85251798561151,6
0.05,2780,95,241545,86.8554476806904,6
0.05,2781,88,241633,86.85585909417685,13
0.05,2782,95,241728,86.85878548329141,6
0.05,2783,96,241824,86.86206896551724,6
0.05,2784,96,241920,86.86535008976661,6
0.05,2785,96,242016,86.8686288585786,6
0.05,2786,92,242108,86.87047003946897,9
0.05,2787,92,242200,86.87230989956959,9
0.05,2788,93,242293,86.87450699175332,8
0.05,2789,95,242388,86.87741935483871,6
0.05,2790,24,242412,86.85489072017198,9
0.05,2791,94,242506,86.85744985673352,7
0.05,2792,95,242601,86.86036519871107,6
0.05,2793,96,242697,86.86363636363636,6
0.05,2794,95,242792,86.86654740608229,6
0.05,2795,94,242886,86.86909871244636,7
0.05,2796,92,242978,86.87093314265285,9
0.05,2797,92,243070,86.87276626161544,9
0.05,2798,95,243165,86.87566988210075,6
0.05,2799,93,243258,86.87785714285714,8
0.05,2800,96,243354,86.88111388789719,6
0.05,2801,26,243380,86.85938615274804,7
0.05,2802,96,243476,86.86264716375312,6
0.05,2803,96,243572,86.86590584878745,6
0.05,2804,92,243664,86.86773618538325,9
0.05,2805,95,243759,86.87063435495367,6
0.05,2806,92,243851,86.87246170288564,9
0.05,2807,95,243946,86.87535612535612,6
0.05,2808,94,244040,86.87789248843005,8
0.05,2809,94,244134,86.88042704626335,7
0.05,2810,93,244227,86.88260405549626,8
0.05,2811,95,244322,86.88549075391181,6
0.05,2812,94,244416,86.88801990757199,7
0.05,2813,94,244510,86.8905472636816,7
0.05,2814,91,244601,86.89200710479574,10
0.05,2815,93,244694,86.89417613636364,8
0.05,2816,95,244789,86.8970536031239,6
0.05,2817,94,244883,86.89957416607523,7
0.05,2818,96,244979,86.9028024122029,6
0.05,2819,96,245075,86.90602836879432,6
0.05,2820,92,245167,86.90783410138249,10
0.05,2821,95,245262,86.91070163004962,6
0.05,2822,92,245354,86.91250442791356,9
0.05,2823,95,245449,86.91536827195468,6
0.05,2824,96,245545,86.91858407079646,6
0.05,2825,92,245637,86.92038216560509,9
0.05,2826,94,245731,86.92288645206933,7
0.05,2827,89,245820,86.92362093352192,12
0.05,2828,94,245914,86.92612230470131,7
0.05,2829,94,246008,86.92862190812721,7
0.05,2830,95,246103,86.93147297774638,6
0.05,2831,92,246195,86.9332627118644,9
0.05,2832,94,246289,86.93575714789975,7
0.05,2833,96,246385,86.93895553987296,6
0.05,2834,27,246412,86.91781305114638,6
0.05,2835,95,246507,86.9206629055007,6
0.05,2836,94,246601,86.92315826577371,7
0.05,2837,95,246696,86.92600422832982,6
0.05,2838,95,246791,86.92884818598098,6
0.05,2839,96,246887,86.93204225352113,6
0.05,2840,95,246982,86.93488208377332,6
0.05,2841,95,247077,86.93771991555242,6
0.05,2842,92,247169,86.93950052761168,9
0.05,2843,89,247258,86.94022503516175,12
0.05,2844,96,247354,86.94340949033392,6
0.05,2845,96,247450,86.94659170765988,6
0.05,2846,94,247544,86.94906919564454,7
0.05,2847,94,247638,86.95154494382022,7
0.05,2848,92,247730,86.95331695331696,11
0.05,2849,24,247754,86.93122807017544,8
0.05,2850,90,247844,86.93230445457733,11
0.05,2851,21,247865,86.90918653576438,11
0.05,2852,94,247959,86.91167192429022,7
0.05,2853,93,248052,86.91380518570428,8
0.05,2854,94,248146,86.91628721541156,7
0.05,2855,92,248238,86.91806722689076,9
0.05,2856,94,248332,86.92054602730137,7
0.05,2857,95,248427,86.92337298810357,6
0.05,2858,94,248521,86.92584819867086,8
0.05,2859,96,248617,86.92902097902098,6
0.05,2860,94,248711,86.93149248514506,7
0.05,2861,90,248801,86.9325646401118,11
0.05,2862,26,248827,86.91128187216206,7
0.05,2863,96,248923,86.91445530726257,6
0.05,2864,96,249019,86.91762652705061,6
0.05,2865,95,249114,86.92044661549197,6
0.05,2866,91,249205,86.92186955005232,10
0.05,2867,92,249297,86.92364016736401,9
0.05,2868,95,249392,86.92645521087486,6
0.05,2869,90,249482,86.92752613240418,11
0.05,2870,96,249578,86.93068617206548,6
0.05,2871,94,249672,86.93314763231197,7
0.05,2872,93,249765,86.93525931082492,8
0.05,2873,93,249858,86.93736951983298,8
0.05,2874,96,249954,86.94052173913043,6
0.05,2875,91,250045,86.94193324061196,10
0.05,2876,94,250139,86.94438651372958,7
0.05,2877,26,250165,86.9232105628909,7
0.05,2878,93,250258,86.92532129211531,8
0.05,2879,92,250350,86.92708333333333,9
0.05,2880,94,250444,86.92953835473794,7
0.05,2881,94,250538,86.93199167244968,7
0.05,2882,93,250631,86.93409642733263,8
0.05,2883,93,250724,86.93619972260748,8
0.05,2884,94,250818,86.93864818024264,7
0.05,2885,94,250912,86.94109494109495,7
0.05,2886,96,251008,86.9442327675788,6
0.05,2887,92,251100,86.94598337950139,9
0.05,2888,95,251195,86.94877120110765,7
0.05,2889,96,251291,86.95190311418685,6
0.05,2890,94,251385,86.95434105845729,7
0.05,2891,93,251478,86.95643153526972,8
0.05,2892,96,251574,86.95955755271345,6
0.05,2893,92,251666,86.9612992398065,9
0.05,2894,94,251760,86.96373056994818,7
0.05,2895,95,251855,86.96650552486187,6
0.05,2896,94,251949,86.96893337935796,8
0.05,2897,91,252040,86.97032436162871,10
0.05,2898,93,252133,86.972404277337,8
0.05,2899,95,252228,86.9751724137931,6
0.05,2900,94,252322,86.97759393312651,7
0.05,2901,94,252416,86.98001378359751,7
0.05,2902,94,252510,86.98243196693076,7
0.05,2903,-48,252462,86.93595041322314,11
0.05,2904,27,252489,86.91531841652323,6
0.05,2905,94,252583,86.91775636613902,7
0.05,2906,96,252679,86.92088063295493,6
0.05,2907,93,252772,86.92297111416781,8
0.05,2908,96,252868,86.92609144035751,6
0.05,2909,94,252962,86.92852233676976,7
0.05,2910,95,253057,86.93129508759877,6
0.05,2911,94,253151,86.93372252747253,7
0.05,2912,90,253241,86.9347751458977,11
0.05,2913,92,253333,86.93651338366506,9
0.05,2914,95,253428,86.93927958833619,6
0.05,2915,94,253522,86.94170096021948,7
0.05,2916,94,253616,86.94412067192322,7
0.05,2917,94,253710,86.94653872515421,7
0.05,2918,95,253805,86.9492977046934,6
0.05,2919,95,253900,86.95205479452055,6
0.05,2920,94,253994,86.95446764806573,7
0.05,2921,23,254017,86.93258042436688,9
0.05,2922,95,254112,86.93534040369484,6
0.05,2923,94,254206,86.93775649794802,7
0.05,2924,94,254300,86.94017094017094,7
0.05,2925,93,254393,86.94224196855775,8
0.05,2926,93,254486,86.9443115818244,8
0.05,2927,90,254576,86.94535519125684,11
0.05,2928,96,254672,86.94844656879481,6
0.05,2929,96,254768,86.95153583617747,6
0.05,2930,94,254862,86.9539406345957,8
0.05,2931,94,254956,86.95634379263302,7
0.05,2932,94,255050,86.95874531196726,8
0.05,2933,94,255144,86.96114519427402,7
0.05,2934,93,255237,86.96320272572402,8
0.05,2935,95,255332,86.96594005449592,8
0.05,2936,93,255425,86.96799455226422,8
0.05,2937,94,255519,86.97038801906058,8
0.05,2938,92,255611,86.9720993535216,9
0.05,2939,94,255705,86.97448979591837,7
0.05,2940,96,255801,86.97755865351921,6
0.05,2941,25,255826,86.95649218218898,8
0.05,2942,90,255916,86.95752633367313,11
0.05,2943,92,256008,86.95923913043478,9
0.05,2944,94,256102,86.9616298811545,7
0.05,2945,94,256196,86.96401900882553,7
0.05,2946,94,256290,86.9664065151001,7
0.05,2947,95,256385,86.969131614654,6
0.05,2948,95,256480,86.97185486605629,6
0.05,2949,94,256574,86.9742372881356,7
0.05,2950,95,256669,86.9769569637411,6
0.05,2951,95,256764,86.97967479674797,6
0.05,2952,86,256850,86.97934304097528,15
0.05,2953,90,256940,86.98036560595803,11
0.05,2954,95,257035,86.98307952622673,6
0.05,2955,94,257129,86.98545331529094,7
0.05,2956,96,257225,86.98850185999324,6
0.05,2957,92,257317,86.99019607843137,9
0.05,2958,95,257412,86.9929030077729,7
0.05,2959,94,257506,86.99527027027027,7
0.05,2960,94,257600,86.99763593380615,7
0.05,2961,96,257696,87.00067521944632,6
0.05,2962,93,257789,87.00269996625042,8
0.05,2963,94,257883,87.00506072874494,7
0.05,2964,93,257976,87.0070826306914,8
0.05,2965,96,258072,87.01011463250168,6
0.05,2966,95,258167,87.01280754971351,7
0.05,2967,89,258256,87.01347708894879,12
0.05,2968,94,258350,87.01583024587403,7
0.05,2969,96,258446,87.01885521885522,6
0.05,2970,94,258540,87.02120498148771,7
0.05,2971,92,258632,87.0228802153432,10
0.05,2972,94,258726,87.02522704339052,7
0.05,2973,96,258822,87.02824478816409,6
0.05,2974,94,258916,87.03058823529412,7
0.05,2975,27,258943,87.01041666666667,6
0.05,2976,94,259037,87.01276452804836,7
0.05,2977,27,259064,86.9926124916051,6
0.05,2978,93,259157,86.99462907015777,8
0.05,2979,94,259251,86.9969798657718,8
0.05,2980,93,259344,86.99899362629989,8
0.05,2981,96,259440,87.00201207243461,6
0.05,2982,94,259534,87.00435802883004,7
0.05,2983,94,259628,87.00670241286863,7
0.05,2984,93,259721,87.00871021775545,8
0.05,2985,93,259814,87.01071667782988,8
0.05,2986,94,259908,87.01305657850686,7
0.05,2987,94,260002,87.01539491298527,7
0.05,2988,91,260093,87.01672800267649,10
0.05,2989,96,260189,87.01973244147158,6
0.05,2990,94,260283,87.02206619859578,7
0.05,2991,92,260375,87.02372994652407,9
0.05,2992,94,260469,87.0260608085533,7
0.05,2993,91,260560,87.02738810955243,10
0.05,2994,95,260655,87.03005008347246,6
0.05,2995,95,260750,87.03271028037383,6
0.05,2996,94,260844,87.03503503503504,7
0.05,2997,93,260937,87.03702468312208,8
0.05,2998,94,261031,87.03934644881627,8
0.05,2999,96,261127,87.04233333333333,6
0.05,3000,94,261221,87.04465178273908,7
0.05,3001,95,261316,87.0473017988008,6
0.05,3002,94,261410,87.04961704961705,8
0.05,3003,94,261504,87.05193075898802,7
0.05,3004,94,261598,87.05424292845258,8
0.05,3005,91,261689,87.05555555555556,10
0.05,3006,96,261785,87.05853009644163,6
0.05,3007,95,261880,87.06117021276596,6
0.05,3008,93,261973,87.06314390162845,8
0.05,3009,92,262065,87.06478405315615,9
0.05,3010,94,262159,87.06708734639655,7
0.05,3011,95,262254,87.06972111553785,6
0.05,3012,93,262347,87.07168934616661,8
0.05,3013,94,262441,87.07398805573987,7
0.05,3014,95,262536,87.07661691542289,6
0.05,3015,94,262630,87.0789124668435,8
0.05,3016,95,262725,87.08153795160756,6
0.05,3017,94,262819,87.08383035122598,7
0.05,3018,88,262907,87.0841338191454,13
0.05,3019,92,262999,87.08576158940397,9
0.05,3020,94,263093,87.0880503144654,7
0.05,3021,93,263186,87.09000661813369,8
0.05,3022,96,263282,87.09295401918624,6
0.05,3023,91,263373,87.09424603174604,10
0.05,3024,96,263469,87.09719008264463,6
0.05,3025,96,263565,87.10013218770655,6
0.05,3026,91,263656,87.10142054839775,10
0.05,3027,92,263748,87.10303830911492,9
0.05,3028,96,263844,87.10597556949489,6
0.05,3029,96,263940,87.10891089108911,6
0.05,3030,93,264033,87.1108545034642,8
0.05,3031,94,264127,87.11312664907652,7
0.05,3032,94,264221,87.1153972964062,7
0.05,3033,89,264310,87.11601845748187,12
0.05,3034,93,264403,87.11795716639209,8
0.05,3035,92,264495,87.1195652173913,9
0.05,3036,95,264590,87.12216002634179,6
0.05,3037,92,264682,87.12376563528638,9
0.05,3038,92,264774,87.1253701875617,10
0.05,3039,95,264869,87.12796052631579,6
0.05,3040,94,264963,87.13022032226242,7
0.05,3041,92,265055,87.1318211702827,9
0.05,3042,95,265150,87.13440683535984,6
0.05,3043,95,265245,87.13699080157687,6
0.05,3044,94,265339,87.1392446633826,7
0.05,3045,92,265431,87.14084044648719,9
0.05,3046,94,265525,87.14309156547424,7
0.05,3047,96,265621,87.14599737532808,6
0.05,3048,27,265648,87.12627090849459,6
0.05,3049,93,265741,87.12819672131147,8
0.05,3050,94,265835,87.1304490331039,7
0.05,3051,95,265930,87.13302752293578,6
0.05,3052,94,266024,87.13527677694071,7
0.05,3053,91,266115,87.13654223968565,10
0.05,3054,94,266209,87.13878887070376,7
0.05,3055,92,266301,87.14037958115183,9
0.05,3056,94,266395,87.14262348707884,7
0.05,3057,95,266490,87.14519293655984,6
0.05,3058,93,266583,87.14710689767898,8
0.05,3059,95,266678,87.14967320261438,6
0.05,3060,96,266774,87.15256452139823,6
0.05,3061,95,266869,87.15512736773351,6
0.05,3062,94,266963,87.15736206333659,7
0.05,3063,91,267054,87.15861618798955,10
0.05,3064,95,267149,87.16117455138662,6
0.05,3065,94,267243,87.16340508806262,8
0.05,3066,94,267337,87.16563417019889,7
0.05,3067,93,267430,87.16753585397653,8
0.05,3068,95,267525,87.17008797653959,6
0.05,3069,94,267619,87.17231270358306,7
0.05,3070,93,267712,87.17421035493325,8
0.05,3071,95,267807,87.1767578125,6
0.05,3072,25,267832,87.15652456882525,7
0.05,3073,93,267925,87.15842550422902,8
0.05,3074,91,268016,87.15967479674796,10
0.05,3075,95,268111,87.16222366710014,7
0.05,3076,96,268207,87.16509587260319,6
0.05,3077,21,268228,87.14359974009096,11
0.05,3078,96,268324,87.14647612861319,7
0.05,3079,93,268417,87.14837662337662,8
0.05,3080,90,268507,87.14930217461863,11
0.05,3081,94,268601,87.15152498377677,7
0.05,3082,94,268695,87.15374635095687,7
0.05,3083,90,268785,87.15466926070039,11
0.05,3084,94,268879,87.15688816855754,7
0.05,3085,93,268972,87.15878159429683,8
0.05,3086,94,269066,87.16099773242631,8
0.05,3087,94,269160,87.16321243523316,7
0.05,3088,96,269256,87.16607316283587,6
0.05,3089,95,269351,87.16860841423949,6
0.05,3090,95,269446,87.17114202523456,6
0.05,3091,89,269535,87.17173350582148,12
0.05,3092,95,269630,87.1742644681539,6
0.05,3093,93,269723,87.17614738202974,8
0.05,3094,93,269816,87.17802907915994,9
0.05,3095,90,269906,87.17894056847545,12
0.05,3096,95,270001,87.18146593477559,6
0.05,3097,93,270094,87.1833440929632,8
0.05,3098,95,270189,87.18586640851888,7
0.05,3099,92,270281,87.18741935483871,9
0.05,3100,94,270375,87.18961625282166,7
0.05,3101,93,270468,87.19148936170212,8
0.05,3102,93,270561,87.19336126329358,9
0.05,3103,93,270654,87.19523195876289,8
0.05,3104,88,270742,87.19549114331723,13
0.05,3105,93,270835,87.1973599484868,8
0.05,3106,95,270930,87.19987125844867,6
0.05,3107,95,271025,87.20238095238095,6
0.05,3108,94,271119,87.20456738501126,7
0.05,3109,94,271213,87.20675241157556,7
0.05,3110,92,271305,87.2082931533269,9
0.05,3111,91,271396,87.20951156812339,10
0.05,3112,94,271490,87.21169290073884,7
0.05,3113,91,271581,87.21290944123314,10
0.05,3114,92,271673,87.21444622792937,10
0.05,3115,95,271768,87.21694480102695,6
0.05,3116,94,271862,87.21912094963106,7
0.05,3117,95,271957,87.22161642078255,6
0.05,3118,94,272051,87.22378967617826,7
0.05,3119,92,272143,87.22532051282052,9
0.05,3120,94,272237,87.22749118872156,7
0.05,3121,95,272332,87.22998078155028,6
0.05,3122,95,272427,87.23246878001922,7
0.05,3123,94,272521,87.23463508322664,7
0.05,3124,95,272616,87.23712,6
0.05,3125,91,272707,87.23832373640435,10
0.05,3126,94,272801,87.2404860889031,7
0.05,3127,94,272895,87.24264705882354,7
0.05,3128,94,272989,87.24480664749122,7
0.05,3129,94,273083,87.24696485623004,7
0.05,3130,95,273178,87.24944107313958,7
0.05,3131,94,273272,87.25159642401022,7
0.05,3132,95,273367,87.25406958187041,6
0.05,3133,95,273462,87.256541161455,6
0.05,3134,94,273556,87.25869218500797,7
0.05,3135,92,273648,87.26020408163265,9
0.05,3136,94,273742,87.262352566146,8
0.05,3137,94,273836,87.26449968132569,8
0.05,3138,90,273926,87.26537113730487,11
0.05,3139,94,274020,87.26751592356688,7
0.05,3140,27,274047,87.24832855778415,6
0.05,3141,94,274141,87.25047740292807,7
0.05,3142,93,274234,87.25230671333121,8
0.05,3143,94,274328,87.25445292620866,7
0.05,3144,92,274420,87.25596184419715,9
0.05,3145,90,274510,87.25683407501589,11
0.05,3146,93,274603,87.2586590403559,8
0.05,3147,94,274697,87.26080050825921,8
0.05,3148,94,274791,87.26294061606859,8
0.05,3149,95,274886,87.26539682539682,6
0.05,3150,23,274909,87.24500158679784,9
0.05,3151,94,275003,87.24714467005076,7
0.05,3152,90,275093,87.24801776086267,11
0.05,3153,95,275188,87.25047558655676,7
0.05,3154,96,275284,87.25324881141046,6
0.05,3155,94,275378,87.2553865652725,7
0.05,3156,94,275472,87.25752296484004,7
0.05,3157,94,275566,87.25965801139962,7
0.05,3158,94,275660,87.26179170623615,7
0.05,3159,95,275755,87.26424050632912,6
0.05,3160,93,275848,87.26605504587155,8
0.05,3161,94,275942,87.26818469323213,7
0.05,3162,96,276038,87.27094530509011,6
0.05,3163,94,276132,87.27307206068268,7
0.05,3164,95,276227,87.27551342812006,6
0.05,3165,92,276319,87.27700568540746,9
0.05,3166,96,276415,87.2797600252605,6
0.05,3167,95,276510,87.28219696969697,6
0.05,3168,92,276602,87.2836857052698,9
0.05,3169,94,276696,87.28580441640379,8
0.05,3170,95,276791,87.2882371491643,6
0.05,3171,95,276886,87.2906683480454,6
0.05,3172,96,276982,87.2934131736527,6
0.05,3173,94,277076,87.2955261499685,7
0.05,3174,94,277170,87.29763779527559,7
0.05,3175,95,277265,87.3000629722922,6
0.05,3176,89,277354,87.3005980484734,12
0.05,3177,92,277446,87.3020767778477,9
0.05,3178,94,277540,87.3041837055678,8
0.05,3179,95,277635,87.30660377358491,7
0.05,3180,95,277730,87.30902232002515,6
0.05,3181,90,277820,87.30986800754242,11
0.05,3182,94,277914,87.3119698397738,7
0.05,3183,96,278010,87.31469849246231,6
0.05,3184,94,278104,87.31679748822606,8
0.05,3185,91,278195,87.3179535467671,10
0.05,3186,91,278286,87.31910887982428,10
0.05,3187,23,278309,87.29893350062736,9
0.05,3188,96,278405,87.3016619629978,6
0.05,3189,95,278500,87.30407523510972,6
0.05,3190,94,278594,87.30617361328737,8
0.05,3191,95,278689,87.30858395989975,7
0.05,3192,95,278784,87.31099279674288,7
0.05,3193,91,278875,87.31214777708203,10
0.05,3194,96,278971,87.31486697965572,6
0.05,3195,92,279063,87.31633291614519,9
0.05,3196,91,279154,87.31748514232092,10
0.05,3197,94,279248,87.31957473420889,8
0.05,3198,27,279275,87.30071897467958,6
0.05,3199,96,279371,87.3034375,7
0.05,3200,95,279466,87.30584192439862,6
0.05,3201,94,279560,87.30793254216115,8
0.05,3202,94,279654,87.31002185451139,7
0.05,3203,90,279744,87.31086142322097,11
0.05,3204,96,279840,87.31357254290171,6
0.05,3205,93,279933,87.31534622582657,8
0.05,3206,92,280025,87.31680698472093,9
0.05,3207,92,280117,87.3182668329177,9
0.05,3208,94,280211,87.32034901838578,7
0.05,3209,94,280305,87.32242990654206,9
0.05,3210,95,280400,87.3248209280598,6
0.05,3211,92,280492,87.32627646326276,9
0.05,3212,94,280586,87.32835356364768,7
0.05,3213,94,280680,87.33042937149969,7
0.05,3214,25,280705,87.31104199066874,8
0.05,3215,95,280800,87.31343283582089,7
0.05,3216,93,280893,87.3152004973578,9
0.05,3217,96,280989,87.31789931634556,6
0.05,3218,88,281077,87.31811121466293,13
0.05,3219,92,281169,87.3195652173913,9
0.05,3220,96,281265,87.3222601676498,6
0.05,3221,92,281357,87.32371198013657,9
0.05,3222,94,281451,87.32578343158548,7
0.05,3223,96,281547,87.32847394540943,6
0.05,3224,92,281639,87.32992248062016,9
0.05,3225,94,281733,87.33199008059516,7
0.05,3226,91,281824,87.33312674310505,10
0.05,3227,92,281916,87.33457249070632,9
0.05,3228,96,282012,87.33725611644472,6
0.05,3229,94,282106,87.33931888544892,7
0.05,3230,93,282199,87.34107087588981,9
0.05,3231,94,282293,87.34313118811882,7
0.05,3232,95,282388,87.34549953603464,6
0.05,3233,95,282483,87.34786641929499,6
0.05,3234,95,282578,87.35023183925811,6
0.05,3235,94,282672,87.3522867737948,7
0.05,3236,93,282765,87.35403151065802,8
0.05,3237,94,282859,87.35608400247067,7
0.05,3238,92,282951,87.35751775239271,10
0.05,3239,93,283044,87.35925925925926,8
0.05,3240,90,283134,87.36007405121876,11
0.05,3241,93,283227,87.36181369524985,8
0.05,3242,94,283321,87.36386062288005,7
0.05,3243,94,283415,87.36590628853267,7
0.05,3244,94,283509,87.36795069337442,7
0.05,3245,-47,283462,87.32655576093654,10
0.05,3246,96,283558,87.32922697874962,6
0.05,3247,21,283579,87.30880541871922,11
0.05,3248,92,283671,87.31024930747922,9
0.05,3249,95,283766,87.31261538461538,6
0.05,3250,94,283860,87.3146724084897,7
0.05,3251,93,283953,87.31642066420665,8
0.05,3252,93,284046,87.3181678450661,8
0.05,3253,94,284140,87.32022126613398,7
0.05,3254,94,284234,87.32227342549923,7
0.05,3255,94,284328,87.32432432432432,7
0.05,3256,96,284424,87.3269880257906,6
0.05,3257,94,284518,87.32903621853897,7
0.05,3258,95,284613,87.33138999693158,6
0.05,3259,94,284707,87.33343558282209,7
0.05,3260,94,284801,87.33547991413677,7
0.05,3261,94,284895,87.33752299202943,7
0.05,3262,95,284990,87.33987128409439,6
0.05,3263,94,285084,87.34191176470588,8
0.05,3264,93,285177,87.3436447166922,8
0.05,3265,94,285271,87.34568279240662,7
0.05,3266,95,285366,87.34802571166207,6
0.05,3267,95,285461,87.35036719706243,6
0.05,3268,94,285555,87.35240134597737,7
0.05,3269,96,285651,87.35504587155964,7
0.05,3270,93,285744,87.35677162947111,8
0.05,3271,95,285839,87.3591075794621,7
0.05,3272,94,285933,87.36113657195234,7
0.05,3273,96,286029,87.3637751985339,6
0.05,3274,95,286124,87.366106870229,6
0.05,3275,94,286218,87.36813186813187,7
0.05,3276,96,286314,87.3707659444614,6
0.05,3277,94,286408,87.37278828553997,8
0.05,3278,92,286500,87.37419945105215,9
0.05,3279,94,286594,87.37621951219512,7
0.05,3280,96,286690,87.37884791222189,6
0.05,3281,92,286782,87.38025594149909,9
0.05,3282,95,286877,87.38257691136155,7
0.05,3283,95,286972,87.38489646772229,7
0.05,3284,96,287068,87.38751902587519,6
0.05,3285,94,287162,87.38953134510042,7
0.05,3286,96,287258,87.3921508974749,6
0.05,3287,94,287352,87.39416058394161,7
0.05,3288,93,287445,87.39586500456066,8
0.05,3289,94,287539,87.39787234042554,8
0.05,3290,92,287631,87.3992707383774,9
0.05,3291,96,287727,87.40188335358445,6
0.05,3292,94,287821,87.40388703310052,7
0.05,3293,96,287917,87.40649666059502,6
0.05,3294,93,288010,87.40819423368741,8
0.05,3295,91,288101,87.40928398058253,11
0.05,3296,93,288194,87.41097967849561,8
0.05,3297,94,288288,87.41297756215889,8
0.05,3298,95,288383,87.41527735677478,6
0.05,3299,93,288476,87.4169696969697,8
0.05,3300,94,288570,87.41896395031809,7
0.05,3301,94,288664,87.42095699576015,7
0.05,3302,93,288757,87.42264607932182,8
0.05,3303,93,288850,87.42433414043583,8
0.05,3304,94,288944,87.42632375189108,7
0.05,3305,96,289040,87.42891712038717,6
0.05,3306,95,289135,87.43120653159964,6
0.05,3307,94,289229,87.433192261185,8
0.05,3308,95,289324,87.43547899667573,6
0.05,3309,96,289420,87.4380664652568,6
0.05,3310,90,289510,87.4388402295379,11
0.05,3311,19,289529,87.41817632850241,13
0.05,3312,26,289555,87.39963779052219,7
0.05,3313,94,289649,87.40162945081472,7
0.05,3314,94,289743,87.40361990950227,8
0.05,3315,96,289839,87.4062123039807,6
0.05,3316,96,289935,87.40880313536329,6
0.05,3317,92,290027,87.41018685955395,9
0.05,3318,23,290050,87.39078035552878,9
0.05,3319,92,290142,87.3921686746988,9
0.05,3320,90,290232,87.39295392953929,11
0.05,3321,94,290326,87.39494280553883,7
0.05,3322,91,290417,87.39602768582606,11
0.05,3323,94,290511,87.39801444043322,7
0.05,3324,96,290607,87.4006015037594,6
0.05,3325,94,290701,87.40258568851473,8
0.05,3326,95,290796,87.40486925157799,8
0.05,3327,96,290892,87.40745192307692,6
0.05,3328,94,290986,87.40943226194052,7
0.05,3329,96,291082,87.41201201201201,6
0.05,3330,96,291178,87.41459021314921,6
0.05,3331,96,291274,87.4171668667467,6
0.05,3332,95,291369,87.41944194419442,6
0.05,3333,94,291463,87.42141571685663,7
0.05,3334,95,291558,87.42368815592204,6
0.05,3335,93,291651,87.42535971223022,8
0.05,3336,94,291745,87.42732993706922,7
0.05,3337,96,291841,87.42989814260036,6
0.05,3338,95,291936,87.43216531895777,7
0.05,3339,24,291960,87.41317365269461,8
0.05,3340,94,292054,87.41514516611792,7
0.05,3341,95,292149,87.41741472172352,7
0.05,3342,94,292243,87.41938378701765,8
0.05,3343,96,292339,87.42194976076556,6
0.05,3344,94,292433,87.4239162929746,7
0.05,3345,93,292526,87.42558278541541,8
0.05,3346,94,292620,87.42754705706604,8
0.05,3347,96,292716,87.43010752688173,6
0.05,3348,95,292811,87.43236787100626,6
0.05,3349,96,292907,87.43492537313433,6
0.05,3350,95,293002,87.43718293046852,6
0.05,3351,94,293096,87.43914081145584,7
0.05,3352,94,293190,87.44109752460483,7
0.05,3353,92,293282,87.44245676803817,10
0.05,3354,94,293376,87.44441132637854,7
0.05,3355,92,293468,87.44576877234803,9
0.05,3356,94,293562,87.44772117962466,7
0.05,3357,94,293656,87.44967242406194,7
0.05,3358,89,293745,87.45013396844298,12
0.05,3359,96,293841,87.45267857142858,6
0.05,3360,96,293937,87.45522166022018,6
0.05,3361,22,293959,87.43575252825698,10
0.05,3362,92,294051,87.43710972346119,9
0.05,3363,95,294146,87.43935790725327,6
0.05,3364,95,294241,87.44160475482913,7
0.05,3365,96,294337,87.44414735591207,6
0.05,3366,95,294432,87.44639144639144,6
0.05,3367,96,294528,87.44893111638955,6
0.05,3368,95,294623,87.45117245473435,6
0.05,3369,95,294718,87.453412462908,7
0.05,3370,96,294814,87.45594778997331,6
0.05,3371,92,294906,87.45729537366547,9
0.05,3372,95,295001,87.45953157426624,6
0.05,3373,95,295096,87.46176644931832,6
0.05,3374,94,295190,87.4637037037037,7
0.05,3375,92,295282,87.46504739336493,9
0.05,3376,96,295378,87.46757477050636,6
0.05,3377,94,295472,87.46950858496152,7
0.05,3378,92,295564,87.47084936371708,9
0.05,3379,94,295658,87.47278106508875,7
0.05,3380,92,295750,87.47412008281573,9
0.05,3381,94,295844,87.47604967474867,8
0.05,3382,94,295938,87.47797812592374,7
0.05,3383,93,296031,87.47960992907801,8
0.05,3384,94,296125,87.48153618906943,8
0.05,3385,26,296151,87.46337861783816,7
0.05,3386,94,296245,87.46530853262475,7
0.05,3387,96,296341,87.46782762691853,6
0.05,3388,92,296433,87.46916494541162,9
0.05,3389,88,296521,87.4693215339233,14
0.05,3390,96,296617,87.47183721616042,6
0.05,3391,94,296711,87.47376179245283,7
0.05,3392,94,296805,87.47568523430593,7
0.05,3393,96,296901,87.47819681791397,6
0.05,3394,94,296995,87.48011782032401,7
0.05,3395,96,297091,87.48262661955242,6
0.05,3396,94,297185,87.48454518692964,7
0.05,3397,96,297281,87.48705120659211,6
0.05,3398,96,297377,87.48955575169167,6
0.05,3399,90,297467,87.49029411764705,11
0.05,3400,94,297561,87.49220817406645,7
0.05,3401,93,297654,87.49382716049382,9
0.05,3402,94,297748,87.49573905377608,7
0.05,3403,93,297841,87.49735605170387,8
0.05,3404,94,297935,87.4992657856094,7
0.05,3405,96,298031,87.50176159718144,6
0.05,3406,95,298126,87.50396243029058,6
0.05,3407,95,298221,87.50616197183099,8
0.05,3408,94,298315,87.50806688178352,7
0.05,3409,92,298407,87.50938416422288,9
0.05,3410,95,298502,87.51158018176488,6
0.05,3411,94,298596,87.51348182883939,7
0.05,3412,91,298687,87.51450336946968,10
0.05,3413,95,298782,87.51669595782074,7
0.05,3414,94,298876,87.5185944363104,7
0.05,3415,93,298969,87.52019906323186,8
0.05,3416,93,299062,87.52180275095112,9
0.05,3417,88,299150,87.52194265652429,13
0.05,3418,94,299244,87.52383737935068,7
0.05,3419,95,299339,87.52602339181287,6
0.05,3420,94,299433,87.52791581408945,7
0.05,3421,95,299528,87.53009935710111,6
0.05,3422,94,299622,87.53198948290972,8
0.05,3423,95,299717,87.53417056074767,6
0.05,3424,94,299811,87.53605839416059,7
0.05,3425,94,299905,87.5379451255108,7
0.05,3426,94,299999,87.53983075576306,7
0.05,3427,93,300092,87.5414235705951,8
0.05,3428,94,300186,87.54330708661418,8
0.05,3429,94,300280,87.54518950437318,7
0.05,3430,19,300299,87.52521130865637,13
0.05,3431,96,300395,87.52768065268066,6
0.05,3432,90,300485,87.52840081561317,11
0.05,3433,89,300574,87.52882935352359,12
0.05,3434,95,300669,87.53100436681223,6
0.05,3435,93,300762,87.5325960419092,8
0.05,3436,94,300856,87.53447774221705,8
0.05,3437,94,300950,87.53635834787667,7
0.05,3438,94,301044,87.53823785984298,7
0.05,3439,95,301139,87.54040697674418,6
0.05,3440,95,301234,87.54257483289742,6
0.05,3441,96,301330,87.54503195816386,6
0.05,3442,93,301423,87.54661632297415,8
0.05,3443,94,301517,87.54849012775843,7
0.05,3444,95,301612,87.55065312046445,6
0.05,3445,95,301707,87.55281485780615,6
0.05,3446,94,301801,87.5546852335364,7
0.05,3447,95,301896,87.5568445475638,6
0.05,3448,27,301923,87.53928674978255,6
0.05,3449,96,302019,87.54173913043478,6
0.05,3450,94,302113,87.54361054766734,7
0.05,3451,94,302207,87.5454808806489,7
0.05,3452,93,302300,87.5470605270779,8
0.05,3453,96,302396,87.54950781702374,6
0.05,3454,94,302490,87.55137481910275,8
0.05,3455,94,302584,87.55324074074075,7
0.05,3456,94,302678,87.55510558287533,7
0.05,3457,94,302772,87.55696934644303,7
0.05,3458,94,302866,87.5588320323793,7
0.05,3459,95,302961,87.56098265895953,7
0.05,3460,88,303049,87.56110950592314,13
0.05,3461,94,303143,87.5629693818602,7
0.05,3462,96,303239,87.5654057175859,6
0.05,3463,96,303335,87.56784064665128,6
0.05,3464,93,303428,87.56940836940836,8
0.05,3465,94,303522,87.57126370455858,7
0.05,3466,94,303616,87.57311796942602,7
0.05,3467,94,303710,87.57497116493656,7
0.05,3468,96,303806,87.57739982703949,6
0.05,3469,90,303896,87.57809798270894,12
0.05,3470,87,303983,87.57793143186402,14
0.05,3471,96,304079,87.58035714285714,6
0.05,3472,88,304167,87.58047797293406,13
0.05,3473,26,304193,87.56275187104202,6
0.05,3474,94,304287,87.56460431654676,8
0.05,3475,95,304382,87.56674338319908,6
0.05,3476,95,304477,87.56888121944205,7
0.05,3477,94,304571,87.57073030477285,7
0.05,3478,95,304666,87.57286576602472,7
0.05,3479,95,304761,87.575,6
0.05,3480,95,304856,87.57713300775639,6
0.05,3481,93,304949,87.5786904078116,8
0.05,3482,92,305041,87.579959804766,9
0.05,3483,92,305133,87.58122847301952,9
0.05,3484,93,305226,87.58278335724533,8
0.05,3485,20,305246,87.56339644291451,12
0.05,3486,94,305340,87.56524232864926,7
0.05,3487,22,305362,87.54644495412845,10
0.05,3488,95,305457,87.54858125537403,6
0.05,3489,94,305551,87.55042979942694,7
0.05,3490,94,305645,87.55227728444572,7
0.05,3491,94,305739,87.55412371134021,7
0.05,3492,92,305831,87.55539650730032,9
0.05,3493,93,305924,87.5569547796222,8
0.05,3494,91,306015,87.55793991416309,11
0.05,3495,91,306106,87.55892448512586,10
0.05,3496,94,306200,87.56076637117529,7
0.05,3497,96,306296,87.56317895940538,6
0.05,3498,94,306390,87.56501857673621,7
0.05,3499,95,306485,87.56714285714285,6
0.05,3500,94,306579,87.56898029134533,7
0.05,3501,94,306673,87.57081667618503,7
0.05,3502,93,306766,87.57236654296318,8
0.05,3503,92,306858,87.5736301369863,9
0.05,3504,96,306954,87.57603423680456,6
0.05,3505,96,307050,87.57843696520251,6
0.05,3506,96,307146,87.58083832335329,6
0.05,3507,96,307242,87.58323831242873,6
0.05,3508,94,307336,87.5850669706469,8
0.05,3509,92,307428,87.58632478632478,9
0.05,3510,93,307521,87.58786670464255,8
0.05,3511,93,307614,87.58940774487472,8
0.05,3512,94,307708,87.59123256475947,7
0.05,3513,94,307802,87.59305634604439,7
0.05,3514,96,307898,87.59544807965861,6
0.05,3515,93,307991,87.59698521046644,8
0.05,3516,94,308085,87.59880580039807,7
0.05,3517,94,308179,87.60062535531551,7
0.05,3518,96,308275,87.6030122193805,6
0.05,3519,90,308365,87.60369318181819,11
0.05,3520,92,308457,87.604941777904,10
0.05,3521,-48,308409,87.5664395229983,11
0.05,3522,94,308503,87.56826568265683,7
0.05,3523,95,308598,87.57037457434733,6
0.05,3524,94,308692,87.57219858156029,7
0.05,3525,92,308784,87.57345433919456,9
0.05,3526,91,308875,87.57442585766941,10
0.05,3527,96,308971,87.57681405895691,6
0.05,3528,95,309066,87.5789175403797,6
0.05,3529,94,309160,87.58073654390935,7
0.05,3530,94,309254,87.58255451713396,8
0.05,3531,93,309347,87.58408833522084,8
0.05,3532,94,309441,87.58590433059723,7
0.05,3533,90,309531,87.58658743633276,11
0.05,3534,94,309625,87.58840169731259,7
0.05,3535,94,309719,87.5902149321267,7
0.05,3536,92,309811,87.59146169069834,9
0.05,3537,96,309907,87.59383832673826,6
0.05,3538,93,310000,87.595365922577,8
0.05,3539,96,310096,87.59774011299434,6
0.05,3540,94,310190,87.59954815024004,8
0.05,3541,92,310282,87.60079051383399,9
0.05,3542,93,310375,87.60231442280553,8
0.05,3543,21,310396,87.58352144469526,11
0.05,3544,91,310487,87.58448519040903,10
0.05,3545,94,310581,87.58629441624366,7
0.05,3546,95,310676,87.58838455032422,7
0.05,3547,92,310768,87.58962795941376,9
0.05,3548,95,310863,87.59171597633136,7
0.05,3549,95,310958,87.5938028169014,7
0.05,3550,94,311052,87.59560687130386,7
0.05,3551,95,311147,87.59769144144144,6
0.05,3552,94,311241,87.5994933858711,7
0.05,3553,94,311335,87.60129431626336,7
0.05,3554,94,311429,87.60309423347398,7
0.05,3555,94,311523,87.60489313835771,7
0.05,3556,93,311616,87.60640989597975,8
0.05,3557,93,311709,87.6079258010118,8
0.05,3558,93,311802,87.60944085417252,8
0.05,3559,94,311896,87.61123595505617,7
0.05,3560,92,311988,87.61246840775063,9
0.05,3561,94,312082,87.614261650758,7
0.05,3562,93,312175,87.61577322481055,8
0.05,3563,95,312270,87.61784511784512,6
0.05,3564,92,312362,87.61907433380084,10
0.05,3565,93,312455,87.62058328659563,8
0.05,3566,96,312551,87.6229324362209,6
0.05,3567,96,312647,87.6252802690583,6
0.05,3568,96,312743,87.62762678621462,6
0.05,3569,93,312836,87.62913165266106,8
0.05,3570,94,312930,87.63091570988519,7
0.05,3571,91,313021,87.63185890257559,10
0.05,3572,94,313115,87.63364119787293,7
0.05,3573,94,313209,87.63542249580303,7
0.05,3574,94,313303,87.6372027972028,7
0.05,3575,96,313399,87.63954138702461,6
0.05,3576,96,313495,87.64187866927593,6
0.05,3577,95,313590,87.64393515930688,6
0.05,3578,95,313685,87.6459905001397,6
0.05,3579,95,313780,87.64804469273743,6
0.05,3580,94,313874,87.6498184864563,7
0.05,3581,96,313970,87.65214963707426,6
0.05,3582,27,313997,87.63522188110522,6
0.05,3583,93,314090,87.63671875,8
0.05,3584,93,314183,87.63821478382148,8
0.05,3585,96,314279,87.64054656999443,6
0.05,3586,92,314371,87.64176191803736,9
0.05,3587,92,314463,87.64297658862876,9
0.05,3588,94,314557,87.64474784062413,7
0.05,3589,96,314653,87.64707520891365,6
0.05,3590,96,314749,87.64940128098023,6
0.05,3591,96,314845,87.65172605790646,6
0.05,3592,94,314939,87.65349290286669,7
0.05,3593,94,315033,87.65525876460768,7
0.05,3594,96,315129,87.65757997218358,6
0.05,3595,94,315223,87.65934371523916,7
0.05,3596,94,315317,87.66110647762024,8
0.05,3597,94,315411,87.66286826014452,7
0.05,3598,94,315505,87.66462906362878,8
0.05,3599,94,315599,87.66638888888889,7
0.05,3600,90,315689,87.66703693418495,11
0.05,3601,94,315783,87.66879511382565,7
0.05,3602,95,315878,87.67082986400222,6
0.05,3603,21,315899,87.65233074361821,11
0.05,3604,96,315995,87.65464632454923,6
0.05,3605,94,316089,87.65640599001664,7
0.05,3606,94,316183,87.6581646797893,7
0.05,3607,95,316278,87.66019955654102,7
0.05,3608,23,316301,87.64228318093654,10
0.05,3609,94,316395,87.64404432132964,7
0.05,3610,94,316489,87.64580448629188,7
0.05,3611,92,316581,87.6470099667774,9
0.05,3612,94,316675,87.64876833656241,7
0.05,3613,95,316770,87.65080243497509,6
0.05,3614,95,316865,87.65283540802213,6
0.05,3615,94,316959,87.6545907079646,7
0.05,3616,90,317049,87.65523914846558,11
0.05,3617,94,317143,87.65699281370924,7
0.05,3618,96,317239,87.65929814865986,6
0.05,3619,95,317334,87.66132596685082,7
0.05,3620,96,317430,87.66362883181442,6
0.05,3621,93,317523,87.66510215350635,10
0.05,3622,94,317617,87.66685067623517,7
0.05,3623,96,317713,87.66915011037527,6
0.05,3624,94,317807,87.67089655172414,8
0.05,3625,95,317902,87.67291781577495,6
0.05,3626,92,317994,87.67411083540115,10
0.05,3627,90,318084,87.6747519294377,11
0.05,3628,95,318179,87.67677046018187,6
0.05,3629,94,318273,87.67851239669422,7
0.05,3630,95,318368,87.68052877995042,8
0.05,3631,92,318460,87.681718061674,9
0.05,3632,95,318555,87.68373245251858,6
0.05,3633,95,318650,87.68574573472758,7
0.05,3634,95,318745,87.68775790921596,6
0.05,3635,91,318836,87.68866886688669,10
0.05,3636,94,318930,87.69040417926863,7
0.05,3637,95,319025,87.69241341396372,7
0.05,3638,95,319120,87.69442154438032,7
0.05,3639,23,319143,87.67664835164835,9
0.05,3640,92,319235,87.67783575940676,9
0.05,3641,92,319327,87.6790225151016,9
0.05,3642,94,319421,87.68075761734833,7
0.05,3643,92,319513,87.68194291986828,9
0.05,3644,94,319607,87.68367626886145,7
0.05,3645,94,319701,87.68540866703236,7
0.05,3646,94,319795,87.68714011516315,8
0.05,3647,94,319889,87.68887061403508,8
0.05,3648,94,319983,87.69060016442862,7
0.05,3649,94,320077,87.69232876712329,7
0.05,3650,94,320171,87.69405642289783,7
0.05,3651,93,320264,87.69550930996714,8
0.05,3652,95,320359,87.69750889679716,6
0.05,3653,93,320452,87.69896004378764,8
0.05,3654,94,320546,87.70068399452805,7
0.05,3655,90,320636,87.70131291028446,11
0.05,3656,96,320732,87.70358217117857,6
0.05,3657,94,320826,87.70530344450519,7
0.05,3658,94,320920,87.70702377698825,8
0.05,3659,95,321015,87.70901639344262,6
0.05,3660,96,321111,87.7112810707457,6
0.05,3661,95,321206,87.71327143637356,8
0.05,3662,93,321299,87.71471471471472,8
0.05,3663,94,321393,87.71643013100437,7
0.05,3664,90,321483,87.71705320600273,11
0.05,3665,95,321578,87.7190398254228,6
0.05,3666,94,321672,87.7207526588492,7
0.05,3667,94,321766,87.72246455834242,7
0.05,3668,90,321856,87.72308530934859,11
0.05,3669,92,321948,87.72425068119891,9
0.05,3670,94,322042,87.72596022882048,7
0.05,3671,27,322069,87.70942265795208,6
0.05,3672,94,322163,87.71113531173428,8
0.05,3673,95,322258,87.71311921611323,6
0.05,3674,94,322352,87.71482993197279,7
0.05,3675,96,322448,87.7170837867247,6
0.05,3676,94,322542,87.71879249388088,7
0.05,3677,24,322566,87.70146818923328,8
0.05,3678,94,322660,87.70318021201413,8
0.05,3679,93,322753,87.70461956521739,8
0.05,3680,92,322845,87.70578647106764,9
0.05,3681,92,322937,87.70695274307441,9
0.05,3682,94,323031,87.70866141732283,7
0.05,3683,95,323126,87.71064060803475,6
0.05,3684,94,323220,87.7123473541384,7
0.05,3685,86,323306,87.71188279978296,16
0.05,3686,96,323402,87.71413072959045,6
0.05,3687,94,323496,87.71583514099783,7
0.05,3688,94,323590,87.71753862835456,7
0.05,3689,95,323685,87.71951219512195,6
0.05,3690,94,323779,87.7212137632078,7
0.05,3691,95,323874,87.72318526543879,7
0.05,3692,94,323968,87.72488491741132,7
0.05,3693,96,324064,87.72712506767732,6
0.05,3694,96,324160,87.72936400541272,6
0.05,3695,94,324254,87.73106060606061,7
0.05,3696,96,324350,87.73329726805518,6
0.05,3697,94,324444,87.73499188750677,7
0.05,3698,94,324538,87.73668559070019,7
0.05,3699,92,324630,87.73783783783784,9
0.05,3700,27,324657,87.72142664144826,6
0.05,3701,91,324748,87.72231226364127,10
0.05,3702,95,324843,87.72427761274642,6
0.05,3703,94,324937,87.72597192224622,8
0.05,3704,95,325032,87.72793522267206,7
0.05,3705,93,325125,87.72935779816514,9
0.05,3706,91,325216,87.73024008632318,10
0.05,3707,95,325311,87.73220064724919,6
0.05,3708,94,325405,87.73389053653275,7
0.05,3709,95,325500,87.73584905660377,6
0.05,3710,94,325594,87.73753705200754,7
0.05,3711,92,325686,87.73868534482759,9
0.05,3712,94,325780,87.74037166711554,8
0.05,3713,96,325876,87.74259558427572,6
0.05,3714,93,325969,87.74401076716016,8
0.05,3715,94,326063,87.74569429494079,7
0.05,3716,94,326157,87.74737691686845,7
0.05,3717,95,326252,87.74932759548145,6
0.05,3718,96,326348,87.75154611454693,6
0.05,3719,94,326442,87.75322580645161,8
0.05,3720,93,326535,87.7546358505778,8
0.05,3721,95,326630,87.75658248253627,6
0.05,3722,95,326725,87.75852806876175,6
0.05,3723,94,326819,87.76020408163265,7
0.05,3724,94,326913,87.76187919463088,7
0.05,3725,93,327006,87.76328502415458,8
0.05,3726,93,327099,87.76469009927555,8
0.05,3727,94,327193,87.76636266094421,7
0.05,3728,94,327287,87.76803432555644,7
0.05,3729,94,327381,87.76970509383378,7
0.05,3730,95,327476,87.77164299115519,6
0.05,3731,92,327568,87.7727759914255,9
0.05,3732,96,327664,87.77497990892044,6
0.05,3733,92,327756,87.77611140867702,9
0.05,3734,96,327852,87.77831325301204,6
0.05,3735,21,327873,87.76043897216275,11
0.05,3736,94,327967,87.76210864329676,7
0.05,3737,94,328061,87.76377742108079,7
0.05,3738,94,328155,87.76544530623161,7
0.05,3739,92,328247,87.76657754010695,9
0.05,3740,95,328342,87.76851109329057,6
0.05,3741,92,328434,87.76964190272581,9
0.05,3742,95,328529,87.77157360406092,6
0.05,3743,94,328623,87.77323717948718,7
0.05,3744,94,328717,87.77489986648865,7
0.05,3745,93,328810,87.77629471436198,8
0.05,3746,95,328905,87.77822257806245,6
0.05,3747,93,328998,87.77961579509072,8
0.05,3748,96,329094,87.78180848226194,6
0.05,3749,25,329119,87.76506666666667,7
0.05,3750,91,329210,87.76592908557718,11
0.05,3751,94,329304,87.76759061833688,8
0.05,3752,94,329398,87.76925126565415,7
0.05,3753,96,329494,87.77144379328716,6
0.05,3754,94,329588,87.77310252996006,7
0.05,3755,96,329684,87.77529286474973,6
0.05,3756,96,329780,87.7774820335374,6
0.05,3757,94,329874,87.77913783927622,7
0.05,3758,95,329969,87.78105879223197,6
0.05,3759,94,330063,87.78271276595744,7
0.05,3760,94,330157,87.78436586014358,7
0.05,3761,95,330252,87.78628389154704,7
0.05,3762,92,330344,87.78740366728674,9
0.05,3763,95,330439,87.78931987247609,6
0.05,3764,93,330532,87.79070385126163,8
0.05,3765,92,330624,87.7918215613383,9
0.05,3766,96,330720,87.79400053092647,7
0.05,3767,94,330814,87.7956475583864,8
0.05,3768,93,330907,87.79702838949324,8
0.05,3769,93,331000,87.79840848806366,8
0.05,3770,94,331094,87.80005303632989,7
0.05,3771,94,331188,87.8016967126193,7
0.05,3772,22,331210,87.78425655976676,10
0.05,3773,91,331301,87.78510863804982,11
0.05,3774,96,331397,87.78728476821192,6
0.05,3775,95,331492,87.78919491525424,8
0.05,3776,92,331584,87.79030976965846,9
0.05,3777,96,331680,87.7924827951297,6
0.05,3778,92,331772,87.79359618946812,9
0.05,3779,93,331865,87.79497354497354,8
0.05,3780,94,331959,87.7966146522084,7
0.05,3781,93,332052,87.79799048122686,8
0.05,3782,93,332145,87.79936558287073,8
0.05,3783,92,332237,87.8004756871036,9
0.05,3784,94,332331,87.80211360634082,7
0.05,3785,95,332426,87.8040147913365,6
0.05,3786,94,332520,87.80565091101136,7
0.05,3787,96,332616,87.8078141499472,6
0.05,3788,96,332712,87.80997624703087,6
0.05,3789,93,332805,87.811345646438,8
0.05,3790,95,332900,87.81324188868372,6
0.05,3791,95,332995,87.81513713080169,6
0.05,3792,94,333089,87.816767730029,7
0.05,3793,94,333183,87.81839746968899,7
0.05,3794,95,333278,87.82028985507246,6
0.05,3795,94,333372,87.82191780821918,7
0.05,3796,94,333466,87.82354490387148,7
0.05,3797,94,333560,87.8251711427067,8
0.05,3798,94,333654,87.82679652540142,7
0.05,3799,95,333749,87.82868421052632,6
0.05,3800,91,333840,87.8295185477506,10
0.05,3801,94,333934,87.83114150447133,7
0.05,3802,94,334028,87.83276360767815,7
0.05,3803,93,334121,87.83412197686646,8
0.05,3804,96,334217,87.83626806833114,6
0.05,3805,95,334312,87.83815028901734,6
0.05,3806,94,334406,87.83976884686105,7
0.05,3807,94,334500,87.84138655462185,7
0.05,3808,93,334593,87.84274087687056,8
0.05,3809,94,334687,87.84435695538058,7
0.05,3810,93,334780,87.84570978745737,8
0.05,3811,94,334874,87.84732423924449,7
0.05,3812,93,334967,87.84867558353002,8
0.05,3813,94,335061,87.85028841111694,7
0.05,3814,94,335155,87.85190039318479,7
0.05,3815,94,335249,87.85351153039832,7
0.05,3816,93,335342,87.85485983756877,8
0.05,3817,95,335437,87.85673127291776,6
0.05,3818,94,335531,87.85833987954962,8
0.05,3819,96,335627,87.86047120418849,6
0.05,3820,94,335721,87.86207799005496,7
0.05,3821,94,335815,87.8636839351125,7
0.05,3822,95,335910,87.8655506147005,6
0.05,3823,96,336006,87.86767782426779,6
0.05,3824,96,336102,87.86980392156863,6
0.05,3825,93,336195,87.87114479874542,8
0.05,3826,96,336291,87.8732688790175,6
0.05,3827,94,336385,87.87486938349008,7
0.05,3828,94,336479,87.8764690519718,7
0.05,3829,93,336572,87.87780678851175,9
0.05,3830,94,336666,87.87940485512921,7
0.05,3831,95,336761,87.8812630480167,6
0.05,3832,96,336857,87.88338116357944,6
0.05,3833,93,336950,87.88471570161711,8
0.05,3834,94,337044,87.88631029986962,7
0.05,3835,92,337136,87.8873826903024,9
0.05,3836,94,337230,87.8889757623143,7
0.05,3837,94,337324,87.89056800416884,7
0.05,3838,94,337418,87.89215941651472,7
0.05,3839,93,337511,87.89348958333333,8
0.05,3840,93,337604,87.8948190575371,9
0.05,3841,94,337698,87.89640812077043,7
0.05,3842,94,337792,87.89799635701274,7
0.05,3843,96,337888,87.90010405827263,6
0.05,3844,94,337982,87.90169050715214,7
0.05,3845,94,338076,87.90327613104525,7
0.05,3846,93,338169,87.90460098778269,8
0.05,3847,95,338264,87.9064449064449,6
0.05,3848,94,338358,87.90802805923616,7
0.05,3849,96,338454,87.91012987012986,6
0.05,3850,94,338548,87.91171124383277,8
0.05,3851,94,338642,87.91329179646937,7
0.05,3852,96,338738,87.9153906047236,6
0.05,3853,91,338829,87.91619097042035,11
0.05,3854,95,338924,87.91802853437095,6
0.05,3855,91,339015,87.91882780082987,10
0.05,3856,94,339109,87.92040445942442,7
0.05,3857,91,339200,87.92120269569725,10
0.05,3858,94,339294,87.92277792174139,7
0.05,3859,94,339388,87.92435233160622,8
0.05,3860,95,339483,87.92618492618493,6
0.05,3861,93,339576,87.92749870533402,8
0.05,3862,95,339671,87.92932953662957,6
0.05,3863,94,339765,87.93090062111801,7
0.05,3864,93,339858,87.93221216041397,9
0.05,3865,91,339949,87.93300569063632,10
0.05,3866,94,340043,87.93457460563745,7
0.05,3867,94,340137,87.93614270941055,7
0.05,3868,92,340229,87.93719307314552,9
0.05,3869,96,340325,87.93927648578811,6
0.05,3870,15,340340,87.92043399638337,17
0.05,3871,91,340431,87.92122933884298,10
0.05,3872,94,340525,87.92279886392977,7
0.05,3873,94,340619,87.92436757873,7
0.05,3874,95,340714,87.92619354838709,6
0.05,3875,94,340808,87.92776057791538,8
0.05,3876,94,340902,87.92932679907145,7
0.05,3877,95,340997,87.93115007735946,6
0.05,3878,96,341093,87.93323021397268,6
0.05,3879,27,341120,87.91752577319588,6
0.05,3880,96,341216,87.91960834836382,6
0.05,3881,96,341312,87.92168985059247,6
0.05,3882,94,341406,87.92325521503992,7
0.05,3883,94,341500,87.92481977342945,7
0.05,3884,94,341594,87.92638352638353,7
0.05,3885,94,341688,87.92794647452394,7
0.05,3886,92,341780,87.92899408284023,9
0.05,3887,92,341872,87.93004115226337,9
0.05,3888,96,341968,87.93211622525071,6
0.05,3889,94,342062,87.93367609254499,7
0.05,3890,94,342156,87.93523515805705,8
0.05,3891,94,342250,87.93679342240493,7
0.05,3892,94,342344,87.93835088620601,7
0.05,3893,94,342438,87.93990755007704,7
0.05,3894,92,342530,87.94094993581514,9
0.05,3895,94,342624,87.94250513347022,7
0.05,3896,94,342718,87.94405953297408,7
0.05,3897,96,342814,87.94612621857362,6
0.05,3898,94,342908,87.94767889202359,7
0.05,3899,96,343004,87.94974358974359,6
0.05,3900,94,343098,87.95129453986158,8
0.05,3901,88,343186,87.95130702203998,13
0.05,3902,95,343281,87.95311299000768,6
0.05,3903,95,343376,87.95491803278688,6
0.05,3904,94,343470,87.95646606914212,7
0.05,3905,91,343561,87.95724526369688,10
0.05,3906,96,343657,87.95930381366777,6
0.05,3907,95,343752,87.9611054247697,6
0.05,3908,94,343846,87.96265029419288,7
0.05,3909,96,343942,87.96470588235294,6
0.05,3910,94,344036,87.96624904116594,8
0.05,3911,95,344131,87.96804703476482,6
0.05,3912,94,344225,87.9695885509839,7
0.05,3913,96,344321,87.97164026571282,6
0.05,3914,95,344416,87.97343550446999,6
0.05,3915,92,344508,87.97446373850869,9
0.05,3916,96,344604,87.97651263722237,6
0.05,3917,94,344698,87.97805002552323,7
0.05,3918,94,344792,87.97958662924215,7
0.05,3919,96,344888,87.98163265306123,6
0.05,3920,95,344983,87.98342259627645,6
0.05,3921,93,345076,87.98470168281489,8
0.05,3922,96,345172,87.98674483813409,6
0.05,3923,26,345198,87.97094801223241,7
0.05,3924,94,345292,87.97248407643312,7
0.05,3925,95,345387,87.97427407030057,6
0.05,3926,95,345482,87.97606315253374,6
0.05,3927,94,345576,87.9775967413442,7
0.05,3928,92,345668,87.97862051412574,9
0.05,3929,96,345764,87.98066157760815,6
0.05,3930,96,345860,87.98270160264563,6
0.05,3931,92,345952,87.98372329603255,9
0.05,3932,92,346044,87.98474446987032,9
0.05,3933,95,346139,87.98652770716828,6
0.05,3934,92,346231,87.98754764930115,10
0.05,3935,93,346324,87.98882113821138,9
0.05,3936,94,346418,87.99034798069596,8
0.05,3937,96,346514,87.99238191975623,6
0.05,3938,96,346610,87.994414826098,6
0.05,3939,94,346704,87.99593908629441,7
0.05,3940,96,346800,87.99797005836082,6
0.05,3941,93,346893,87.99923896499239,8
0.05,3942,92,346985,88.00025361399949,9
0.05,3943,94,347079,88.00177484787018,7
0.05,3944,93,347172,88.00304182509505,8
0.05,3945,95,347267,88.00481500253422,6
0.05,3946,94,347361,88.00633392449961,7
0.05,3947,90,347451,88.00683890577507,11
0.05,3948,96,347547,88.00886300329198,6
0.05,3949,94,347641,88.01037974683544,7
0.05,3950,93,347734,88.01164262212099,8
0.05,3951,95,347829,88.01341093117409,6
0.05,3952,93,347922,88.01467240070832,8
0.05,3953,95,348017,88.01643904906423,6
0.05,3954,95,348112,88.01820480404551,7
0.05,3955,92,348204,88.01921132457028,9
0.05,3956,93,348297,88.02047005307051,8
0.05,3957,93,348390,88.02172814552804,8
0.05,3958,94,348484,88.0232381914625,7
0.05,3959,92,348576,88.02424242424243,9
0.05,3960,95,348671,88.026003534461,6
0.05,3961,95,348766,88.02776375567895,6
0.05,3962,94,348860,88.02927075447893,7
0.05,3963,94,348954,88.03077699293642,7
0.05,3964,96,349050,88.0327868852459,6
0.05,3965,94,349144,88.03429147755925,7
0.05,3966,91,349235,88.03503907234686,10
0.05,3967,95,349330,88.0367943548387,6
0.05,3968,90,349420,88.03728898966995,11
0.05,3969,92,349512,88.03828715365239,9
0.05,3970,94,349606,88.03978846638127,7
0.05,3971,91,349697,88.04053373615307,10
0.05,3972,93,349790,88.04178202869369,8
0.05,3973,96,349886,88.04378459989934,6
0.05,3974,93,349979,88.04503144654088,8
0.05,3975,96,350075,88.04703219315896,6
0.05,3976,96,350171,88.04903193361831,6
0.05,3977,95,350266,88.0507792860734,6
0.05,3978,94,350360,88.05227444081427,7
0.05,3979,27,350387,88.03693467336683,6
0.05,3980,96,350483,88.03893494096961,6
0.05,3981,94,350577,88.04043194374687,7
0.05,3982,96,350673,88.04243032889782,6
0.05,3983,96,350769,88.04442771084338,6
0.05,3984,96,350865,88.04642409033877,6
0.05,3985,94,350959,88.04791771199197,7
0.05,3986,95,351054,88.04966139954853,6
0.05,3987,96,351150,88.05165496489468,6
0.05,3988,94,351244,88.05314615191777,7
0.05,3989,95,351339,88.05488721804511,6
0.05,3990,92,351431,88.05587572037084,9
0.05,3991,94,351525,88.05736472945891,7
0.05,3992,96,351621,88.05935386927122,6
0.05,3993,94,351715,88.06084126189283,7
0.05,3994,94,351809,88.06232790988736,7
0.05,3995,94,351903,88.06381381381381,7
0.05,3996,94,351997,88.06529897423067,8
0.05,3997,95,352092,88.06703351675839,6
0.05,3998,94,352186,88.06851712928233,7
0.05,3999,95,352281,88.07025,6
0.05,4000,23,352304,88.05398650337416,10
0.05,4001,21,352325,88.03723138430784,11
0.05,4002,95,352420,88.03897077192106,6
0.05,4003,94,352514,88.04045954045954,7
0.05,4004,94,352608,88.04194756554307,7
0.05,4005,23,352631,88.02571143285073,9
0.05,4006,94,352725,88.02720239580734,7
0.05,4007,92,352817,88.02819361277444,9
0.05,4008,92,352909,88.0291843352457,9
0.05,4009,93,353002,88.03042394014963,9
0.05,4010,88,353090,88.03041635502369,13
0.05,4011,91,353181,88.03115653040878,10
0.05,4012,95,353276,88.03289309743334,6
0.05,4013,94,353370,88.03437967115097,7
0.05,4014,94,353464,88.03586550435865,7
0.05,4015,93,353557,88.0371015936255,8
0.05,4016,89,353646,88.03734129947722,13
0.05,4017,95,353741,88.03907416625186,7
0.05,4018,96,353837,88.04105498880318,6
0.05,4019,93,353930,88.04228855721394,8
0.05,4020,94,354024,88.04377020641631,8
0.05,4021,93,354117,88.04500248632522,8
0.05,4022,93,354210,88.04623415361671,8
0.05,4023,94,354304,88.04771371769384,7
0.05,4024,25,354329,88.032049689441,8
0.05,4025,94,354423,88.03353204172876,7
0.05,4026,92,354515,88.03451701018128,9
0.05,4027,94,354609,88.03599801390268,7
0.05,4028,92,354701,88.03698188136013,9
0.05,4029,96,354797,88.03895781637718,6
0.05,4030,94,354891,88.04043661622426,7
0.05,4031,94,354985,88.04191468253968,7
0.05,4032,94,355079,88.04339201586907,7
0.05,4033,94,355173,88.04486861675755,7
0.05,4034,93,355266,88.04609665427509,8
0.05,4035,93,355359,88.04732408325074,9
0.05,4036,94,355453,88.0487986128313,7
0.05,4037,92,355545,88.04977711738485,9
0.05,4038,94,355639,88.05125030948254,9
0.05,4039,91,355730,88.0519801980198,10
0.05,4040,91,355821,88.05270972531551,10
0.05,4041,94,355915,88.0541810984661,7
0.05,4042,93,356008,88.05540440267129,9
0.05,4043,95,356103,88.05712166172107,6
0.05,4044,94,356197,88.05859085290481,7
0.05,4045,94,356291,88.06005931784479,7
0.05,4046,94,356385,88.06152705707932,7
0.05,4047,94,356479,88.06299407114625,8
0.05,4048,92,356571,88.06396641145962,9
0.05,4049,93,356664,88.06518518518519,8
0.05,4050,96,356760,88.0671439150827,6
0.05,4051,94,356854,88.06860809476801,7
0.05,4052,91,356945,88.0693313594868,10
0.05,4053,95,357040,88.07104094721262,7
0.05,4054,95,357135,88.0727496917386,7
0.05,4055,95,357230,88.07445759368836,7
0.05,4056,94,357324,88.07591816613261,7
0.05,4057,90,357414,88.07639231148349,11
0.05,4058,94,357508,88.07785168760779,7
0.05,4059,94,357602,88.07931034482759,7
0.05,4060,94,357696,88.08076828367398,7
0.05,4061,95,357791,88.08247168882323,7
0.05,4062,93,357884,88.0836820083682,8
0.05,4063,94,357978,88.08513779527559,7
0.05,4064,94,358072,88.08659286592867,7
0.05,4065,93,358165,88.08780127889818,8
0.05,4066,93,358258,88.08900909761495,8
0.05,4067,91,358349,88.08972468043264,10
0.05,4068,91,358440,88.09043991152618,10
0.05,4069,93,358533,88.09164619164619,8
0.05,4070,94,358627,88.09309751903709,7
0.05,4071,95,358722,88.09479371316307,6
0.05,4072,23,358745,88.0788116867174,9
0.05,4073,95,358840,88.08051055473736,6
0.05,4074,21,358861,88.0640490797546,12
0.05,4075,95,358956,88.0657507360157,6
0.05,4076,89,359045,88.06597988717193,12
0.05,4077,90,359135,88.06645414418833,11
0.05,4078,96,359231,88.06839911743074,6
0.05,4079,93,359324,88.06960784313725,8
0.05,4080,-48,359276,88.03626562117128,11
0.05,4081,27,359303,88.02131308182264,6
0.05,4082,95,359398,88.02302228753368,8
0.05,4083,94,359492,88.02448579823702,7
0.05,4084,94,359586,88.02594859241125,7
0.05,4085,89,359675,88.02618697993147,12
0.05,4086,96,359771,88.02813799853193,6
0.05,4087,92,359863,88.0291095890411,9
0.05,4088,96,359959,88.0310589386158,6
0.05,4089,94,360053,88.03251833740832,7
0.05,4090,94,360147,88.03397702273283,8
0.05,4091,90,360237,88.03445747800586,11
0.05,4092,94,360331,88.03591497678964,8
0.05,4093,92,360423,88.03688324377137,9
0.05,4094,93,360516,88.03809523809524,8
0.05,4095,94,360610,88.03955078125,7
0.05,4096,93,360703,88.0407615328289,9
0.05,4097,92,360795,88.04172767203514,9
0.05,4098,95,360890,88.04342522566479,6
0.05,4099,94,360984,88.04487804878049,7
0.05,4100,93,361077,88.04608632040966,8
0.05,4101,96,361173,88.04802535348611,6
0.05,4102,94,361267,88.04947599317572,7
0.05,4103,93,361360,88.05068226120858,8
0.05,4104,94,361454,88.05213154689403,7
0.05,4105,96,361550,88.05406721870433,6
0.05,4106,96,361646,88.05600194789383,6
0.05,4107,96,361742,88.05793573515092,6
0.05,4108,92,361834,88.05889510829886,9
0.05,4109,93,361927,88.06009732360097,8
0.05,4110,94,362021,88.06154220384335,7
0.05,4111,95,362116,88.06322957198444,6
0.05,4112,94,362210,88.06467298808656,7
0.05,4113,92,362302,88.06562955760816,9
0.05,4114,95,362397,88.06731470230862,6
0.05,4115,91,362488,88.06802721088435,11
0.05,4116,96,362584,88.0699538498907,6
0.05,4117,94,362678,88.07139388052452,7
0.05,4118,95,362773,88.0730759893178,6
0.05,4119,95,362868,88.0747572815534,6
0.05,4120,96,362964,88.07668041737442,6
0.05,4121,93,363057,88.0778748180495,9
0.05,4122,94,363151,88.07931118117875,7
0.05,4123,94,363245,88.08074684772066,8
0.05,4124,96,363341,88.08266666666667,6
0.05,4125,95,363436,88.0843431895298,6
0.05,4126,92,363528,88.08529197964623,10
0.05,4127,96,363624,88.08720930232558,6
0.05,4128,94,363718,88.0886413175103,7
0.05,4129,94,363812,88.09007263922518,7
0.05,4130,94,363906,88.09150326797386,7
0.05,4131,91,363997,88.09220716360116,10
0.05,4132,94,364091,88.09363658359545,7
0.05,4133,93,364184,88.09482341557813,8
0.05,4134,95,364279,88.09649334945587,6
0.05,4135,95,364374,88.09816247582205,7
0.05,4136,91,364465,88.09886391104665,11
0.05,4137,94,364559,88.10028999516675,7
0.05,4138,93,364652,88.10147378593864,8
0.05,4139,91,364743,88.10217391304347,11
0.05,4140,94,364837,88.10359816469452,7
0.05,4141,95,364932,88.10526315789474,6
0.05,4142,92,365024,88.10620323437122,9
0.05,4143,93,365117,88.10738416988417,8
0.05,4144,95,365212,88.10904704463209,6
0.05,4145,94,365306,88.1104679208876,7
0.05,4146,94,365400,88.1118881118881,7
0.05,4147,96,365496,88.11378977820637,6
0.05,4148,-52,365444,88.08001928175464,15
0.05,4149,96,365540,88.08192771084337,7
0.05,4150,95,365635,88.08359431462299,6
0.05,4151,88,365723,88.08357418111753,13
0.05,4152,95,365818,88.08523958584156,6
0.05,4153,95,365913,88.08690418873375,6
0.05,4154,93,366006,88.08808664259928,8
0.05,4155,94,366100,88.08950914340713,7
0.05,4156,89,366189,88.0897281693529,12
0.05,4157,94,366283,88.09114959114959,7
0.05,4158,95,366378,88.09281077182015,6
0.05,4159,94,366472,88.09423076923076,7
0.05,4160,93,366565,88.09540975726989,8
0.05,4161,27,366592,88.08073041806824,6
0.05,4162,96,366688,88.08263271679077,6
0.05,4163,92,366780,88.0835734870317,9
0.05,4164,95,366875,88.08523409363745,7
0.05,4165,93,366968,88.0864138262122,8
0.05,4166,93,367061,88.0875929925606,8
0.05,4167,93,367154,88.08877159309021,8
0.05,4168,96,367250,88.09066922523387,6
0.05,4169,90,367340,88.09112709832134,11
0.05,4170,94,367434,88.09254375449532,7
0.05,4171,96,367530,88.09443911792906,6
0.05,4172,94,367624,88.09585430146178,7
0.05,4173,95,367719,88.09750838524198,6
0.05,4174,94,367813,88.09892215568863,7
0.05,4175,90,367903,88.09937739463602,11
0.05,4176,96,367999,88.10126885324395,6
0.05,4177,95,368094,88.10292005744375,6
0.05,4178,94,368188,88.10433117970807,8
0.05,4179,91,368279,88.10502392344497,10
0.05,4180,96,368375,88.10691222195646,6
0.05,4181,94,368469,88.10832137733142,7
0.05,4182,96,368565,88.11020798469998,6
0.05,4183,96,368661,88.11209369024857,6
0.05,4184,91,368752,88.11278375149342,10
0.05,4185,94,368846,88.11419015766842,7
0.05,4186,94,368940,88.11559589204681,7
0.05,4187,26,368966,88.1007640878701,7
0.05,4188,92,369058,88.10169491525424,9
0.05,4189,95,369153,88.10334128878281,7
0.05,4190,94,369247,88.1047482701026,7
0.05,4191,94,369341,88.10615458015268,7
0.05,4192,94,369435,88.1075602194133,7
0.05,4193,94,369529,88.10896518836434,7
0.05,4194,93,369622,88.11013110846245,8
0.05,4195,95,369717,88.11177311725453,6
0.05,4196,95,369812,88.11341434357875,7
0.05,4197,96,369908,88.11529299666508,6
0.05,4198,96,370004,88.11717075494165,6
0.05,4199,96,370100,88.11904761904762,6
0.05,4200,92,370192,88.11997143537253,9
0.05,4201,94,370286,88.12137077582103,7
0.05,4202,96,370382,88.1232453009755,6
0.05,4203,94,370476,88.12464319695528,7
0.05,4204,95,370571,88.12627824019025,6
0.05,4205,95,370666,88.12791250594388,7
0.05,4206,96,370762,88.12978369384359,6
0.05,4207,94,370856,88.13117870722434,7
0.05,4208,96,370952,88.13304822998337,6
0.05,4209,91,371043,88.13372921615202,10
0.05,4210,94,371137,88.1351222987414,7
0.05,4211,94,371231,88.13651471984805,8
0.05,4212,94,371325,88.13790647994303,7
0.05,4213,94,371419,88.13929757949691,7
0.05,4214,93,371512,88.14045077105575,8
0.05,4215,94,371606,88.14184060721063,8
0.05,4216,94,371700,88.14322978420678,8
0.05,4217,94,371794,88.14461830251304,7
0.05,4218,22,371816,88.1289405072292,10
0.05,4219,92,371908,88.12985781990521,9
0.05,4220,94,372002,88.13124851930822,7
0.05,4221,94,372096,88.1326385599242,7
0.05,4222,94,372190,88.13402794222117,7
0.05,4223,91,372281,88.13470643939394,11
0.05,4224,96,372377,88.13656804733728,6
0.05,4225,-46,372331,88.10482725982015,10
0.05,4226,90,372421,88.10527560917909,11
0.05,4227,94,372515,88.10666982024598,7
0.05,4228,96,372611,88.10853629699693,6
0.05,4229,94,372705,88.10992907801419,8
0.05,4230,96,372801,88.1117939021508,6
0.05,4231,95,372896,88.11342155009451,6
0.05,4232,92,372988,88.11433971178833,9
0.05,4233,94,373082,88.11572980632971,7
0.05,4234,96,373178,88.11759149940968,6
0.05,4235,90,373268,88.1180358829084,11
0.05,4236,94,373362,88.11942412084022,7
0.05,4237,92,373454,88.12033978291647,9
0.05,4238,24,373478,88.10521349374852,8
0.05,4239,94,373572,88.10660377358491,7
0.05,4240,95,373667,88.10822919122849,6
0.05,4241,93,373760,88.1093823668081,8
0.05,4242,94,373854,88.11077068112185,7
0.05,4243,96,373950,88.11262959472197,6
0.05,4244,95,374045,88.11425206124852,6
0.05,4245,96,374141,88.11610927932172,6
0.05,4246,95,374236,88.11773016246762,6
0.05,4247,91,374327,88.1184086629002,12
0.05,4248,94,374421,88.11979289244528,7
0.05,4249,95,374516,88.12141176470588,6
0.05,4250,95,374611,88.12302987532345,6
0.05,4251,95,374706,88.12464722483537,6
0.05,4252,95,374801,88.12626381377851,7
0.05,4253,95,374896,88.12787964268924,6
0.05,4254,92,374988,88.12878965922444,9
0.05,4255,25,375013,88.1139567669173,8
0.05,4256,91,375104,88.11463471928589,10
0.05,4257,93,375197,88.1157820573039,8
0.05,4258,95,375292,88.11739845034046,6
0.05,4259,96,375388,88.11924882629108,6
0.05,4260,93,375481,88.12039427364468,8
0.05,4261,94,375575,88.12177381511027,7
0.05,4262,96,375671,88.12362186253812,6
0.05,4263,96,375767,88.12546904315197,6
0.05,4264,94,375861,88.12684642438452,7
0.05,4265,95,375956,88.12845757149555,6
0.05,4266,94,376050,88.12983360674947,7
0.05,4267,95,376145,88.13144329896907,6
0.05,4268,94,376239,88.13281799016163,7
0.05,4269,93,376332,88.13395784543326,8
0.05,4270,27,376359,88.1196441114493,6
0.05,4271,96,376455,88.12148876404494,6
0.05,4272,94,376549,88.12286449801077,7
0.05,4273,92,376641,88.12377164248947,9
0.05,4274,96,376737,88.12561403508772,6
0.05,4275,94,376831,88.12698783910196,7
0.05,4276,94,376925,88.12836100070143,7
0.05,4277,95,377020,88.1299672744273,7
0.05,4278,93,377113,88.13110539845758,8
0.05,4279,94,377207,88.13247663551402,7
0.05,4280,95,377302,88.13408082223779,6
0.05,4281,94,377396,88.13545072396077,7
0.05,4282,27,377423,88.12117674527201,6
0.05,4283,93,377516,88.12231559290383,10
0.05,4284,95,377611,88.12392065344224,6
0.05,4285,95,377706,88.12552496500233,6
0.05,4286,94,377800,88.12689526475391,8
0.05,4287,92,377892,88.12779850746269,9
0.05,4288,94,377986,88.1291676381441,7
0.05,4289,94,378080,88.13053613053613,7
0.05,4290,94,378174,88.13190398508506,7
0.05,4291,91,378265,88.13257222739982,10
0.05,4292,94,378359,88.13393897041696,7
0.05,4293,94,378453,88.13530507685142,7
0.05,4294,95,378548,88.13690337601862,6
0.05,4295,96,378644,88.13873370577281,6
0.05,4296,94,378738,88.14009774261112,7
0.05,4297,91,378829,88.14076314564915,10
0.05,4298,93,378922,88.14189346359619,8
0.05,4299,95,379017,88.14348837209302,7
0.05,4300,94,379111,88.14485003487562,7
0.05,4301,96,379207,88.1466759646676,6
0.05,4302,94,379301,88.14803625377644,7
0.05,4303,94,379395,88.14939591078067,7
0.05,4304,95,379490,88.15098722415796,6
0.05,4305,94,379584,88.15234556432884,7
0.05,4306,94,379678,88.15370327374042,7
0.05,4307,95,379773,88.15529247910864,6
0.05,4308,96,379869,88.15711301926201,6
0.05,4309,94,379963,88.1584686774942,7
0.05,4310,93,380056,88.15959174205521,8
0.05,4311,94,380150,88.16094619666048,7
0.05,4312,90,380240,88.1613725944818,11
0.05,4313,96,380336,88.1631896152063,6
0.05,4314,95,380431,88.16477404403244,6
0.05,4315,93,380524,88.16589434661724,8
0.05,4316,92,380616,88.16678248783877,9
0.05,4317,94,380710,88.16813339509032,7
0.05,4318,95,380805,88.1697152118546,6
0.05,4319,92,380897,88.17060185185186,9
0.05,4320,96,380993,88.17241379310344,6
0.05,4321,94,381087,88.1737621471541,7
0.05,4322,95,381182,88.17534119824197,7
0.05,4323,92,381274,88.17622571692877,10
0.05,4324,95,381369,88.1778034682081,6
0.05,4325,92,381461,88.1786870087841,9
0.05,4326,93,381554,88.17980124797782,8
0.05,4327,94,381648,88.18114602587801,7
0.05,4328,94,381742,88.18249018249018,7
0.05,4329,92,381834,88.18337182448037,9
0.05,4330,95,381929,88.18494574001386,6
0.05,4331,92,382021,88.18582640812558,9
0.05,4332,92,382113,88.18670666974383,10
0.05,4333,94,382207,88.18804799261652,7
0.05,4334,94,382301,88.18938869665513,8
0.05,4335,94,382395,88.19072878228782,7
0.05,4336,93,382488,88.19183767581278,9
0.05,4337,95,382583,88.1934071000461,6
0.05,4338,95,382678,88.19497580087578,8
0.05,4339,96,382774,88.19677419354839,6
0.05,4340,94,382868,88.19811103432389,7
0.05,4341,94,382962,88.1994472593275,7
0.05,4342,94,383056,88.20078286898458,7
0.05,4343,23,383079,88.18577348066299,10
0.05,4344,93,383172,88.18688147295742,8
0.05,4345,95,383267,88.18844914864243,6
0.05,4346,96,383363,88.19024614676789,6
0.05,4347,94,383457,88.19158233670653,8
0.05,4348,94,383551,88.19291791216372,7
0.05,4349,27,383578,88.17885057471264,6
0.05,4350,94,383672,88.18018846242244,7
0.05,4351,88,383760,88.18014705882354,13
0.05,4352,94,383854,88.18148403399954,7
0.05,4353,95,383949,88.18305006890216,6
0.05,4354,94,384043,88.18438576349024,7
0.05,4355,95,384138,88.18595041322314,6
0.05,4356,95,384233,88.18751434473262,6
0.05,4357,92,384325,88.18838916934374,9
0.05,4358,94,384419,88.18972241339756,7
0.05,4359,91,384510,88.19036697247707,10
0.05,4360,95,384605,88.19192845677597,6
0.05,4361,92,384697,88.19280146721687,10
0.05,4362,94,384791,88.19413247765299,7
0.05,4363,94,384885,88.1954628780935,7
0.05,4364,94,384979,88.19679266895761,9
0.05,4365,95,385074,88.19835089326615,7
0.05,4366,94,385168,88.1996794137852,8
0.05,4367,95,385263,88.20123626373626,6
0.05,4368,94,385357,88.20256351567865,7
0.05,4369,95,385452,88.20411899313501,6
0.05,4370,93,385545,88.20521619766643,8
0.05,4371,96,385641,88.20699908508692,6
0.05,4372,95,385736,88.20855248113423,6
0.05,4373,92,385828,88.20941929583906,9
0.05,4374,95,385923,88.21097142857143,7
0.05,4375,93,386016,88.21206581352834,9
0.05,4376,96,386112,88.21384509938314,6
0.05,4377,27,386139,88.19986295111923,6
0.05,4378,92,386231,88.20073076044758,9
0.05,4379,93,386324,88.20182648401827,8
0.05,4380,92,386416,88.20269344898425,9
0.05,4381,95,386511,88.20424463715199,6
0.05,4382,94,386605,88.20556696326717,7
0.05,4383,95,386700,88.20711678832117,6
0.05,4384,93,386793,88.20820980615736,8
0.05,4385,93,386886,88.20930232558139,8
0.05,4386,23,386909,88.19443811260543,9
0.05,4387,94,387003,88.1957611668186,7
0.05,4388,92,387095,88.19662793347004,9
0.05,4389,27,387122,88.18268792710707,6
0.05,4390,96,387218,88.18446823047142,6
0.05,4391,96,387314,88.18624772313296,6
0.05,4392,94,387408,88.18757113589803,7
0.05,4393,93,387501,88.18866636322258,8
0.05,4394,94,387595,88.18998862343572,7
0.05,4395,94,387689,88.19131028207461,7
0.05,4396,94,387783,88.19263133954969,7
0.05,4397,94,387877,88.19395179627104,7
0.05,4398,95,387972,88.19549897704023,6
0.05,4399,95,388067,88.19704545454546,6
0.05,4400,26,388093,88.18291297432401,7
0.05,4401,26,388119,88.16878691503862,7
0.05,4402,27,388146,88.1548943901885,6
0.05,4403,95,388241,88.15644868301544,6
0.05,4404,94,388335,88.1577752553916,8
0.05,4405,94,388429,88.15910122560145,7
0.05,4406,94,388523,88.16042659405491,7
0.05,4407,94,388617,88.16175136116152,7
0.05,4408,95,388712,88.16330233613064,6
0.05,4409,96,388808,88.16507936507936,6
0.05,4410,95,388903,88.16662888233961,6
0.05,4411,94,388997,88.16795104261107,7
0.05,4412,94,389091,88.16927260367098,7
0.05,4413,25,389116,88.15496148618034,8
0.05,4414,95,389211,88.15651189127973,6
0.05,4415,94,389305,88.15783514492753,7
0.05,4416,94,389399,88.15915779941136,7
0.05,4417,93,389492,88.16025350837484,8
0.05,4418,27,389519,88.14641321565965,6
0.05,4419,92,389611,88.1472850678733,9
0.05,4420,94,389705,88.14860891201086,7
0.05,4421,95,389800,88.15015829941203,7
0.05,4422,92,389892,88.15102871354284,9
0.05,4423,96,389988,88.15280289330923,6
0.05,4424,94,390082,88.15412429378532,7
0.05,4425,92,390174,88.15499322187077,9
0.05,4426,94,390268,88.15631353060763,7
0.05,4427,89,390357,88.15650406504065,12
0.05,4428,96,390453,88.15827500564461,6
0.05,4429,95,390548,88.15981941309255,6
0.05,4430,93,390641,88.16091175806815,8
0.05,4431,95,390736,88.16245487364621,6
0.05,4432,94,390830,88.1637717121588,7
0.05,4433,95,390925,88.16531348669373,6
0.05,4434,95,391020,88.16685456595265,6
0.05,4435,92,391112,88.16771866546438,9
0.05,4436,96,391208,88.16948388550823,6
0.05,4437,94,391302,88.17079765660208,7
0.05,4438,95,391397,88.17233611173688,6
0.05,4439,94,391491,88.17364864864865,8
0.05,4440,95,391586,88.17518576897095,6
0.05,4441,94,391680,88.17649707339037,7
0.05,4442,92,391772,88.1773576412334,9
0.05,4443,95,391867,88.17889288928893,6
0.05,4444,95,391962,88.18042744656918,7
0.05,4445,95,392057,88.18196131354026,6
0.05,4446,27,392084,88.1682032831122,6
0.05,4447,95,392179,88.16973920863309,6
0.05,4448,96,392275,88.17149921330636,6
0.05,4449,94,392369,88.17280898876405,7
0.05,4450,94,392463,88.17411817569085,8
0.05,4451,21,392484,88.15902964959568,11
0.05,4452,94,392578,88.16034134291489,7
0.05,4453,95,392673,88.16187696452627,6
0.05,4454,96,392769,88.16363636363636,6
0.05,4455,95,392864,88.16517055655297,6
0.05,4456,93,392957,88.16625532869644,8
0.05,4457,92,393049,88.16711529834006,10
0.05,4458,94,393143,88.16842341332138,7
0.05,4459,94,393237,88.16973094170403,7
0.05,4460,94,393331,88.17103788388253,8
0.05,4461,94,393425,88.17234424025101,7
0.05,4462,96,393521,88.17409814026439,6
0.05,4463,92,393613,88.17495519713262,9
0.05,4464,94,393707,88.17625979843226,7
0.05,4465,96,393803,88.17801164352889,6
0.05,4466,94,393897,88.1793149764943,7
0.05,4467,94,393991,88.18061772605192,7
0.05,4468,94,394085,88.18191989259343,7
0.05,4469,95,394180,88.1834451901566,6
0.05,4470,91,394271,88.18407515097293,11
0.05,4471,94,394365,88.18537567084078,8
0.05,4472,95,394460,88.18689917281466,6
0.05,4473,94,394554,88.18819848010729,7
0.05,4474,94,394648,88.1894972067039,7
0.05,4475,94,394742,88.19079535299375,7
0.05,4476,93,394835,88.19186955550592,8
0.05,4477,95,394930,88.19338990620813,7
0.05,4478,94,395024,88.19468631390936,7
0.05,4479,24,395048,88.18035714285715,8
0.05,4480,92,395140,88.18120955143941,9
0.05,4481,90,395230,88.18161535029004,11
0.05,4482,92,395322,88.1824670979255,9
0.05,4483,96,395418,88.1842105263158,6
0.05,4484,93,395511,88.18528428093646,8
0.05,4485,94,395605,88.18658047258137,7
0.05,4486,89,395694,88.18676175618454,12
0.05,4487,92,395786,88.18761140819964,10
0.05,4488,95,395881,88.18912898195589,6
0.05,4489,95,395976,88.19064587973274,6
0.05,4490,95,396071,88.19216210198174,6
0.05,4491,92,396163,88.19300979519146,9
0.05,4492,93,396256,88.19407967950144,8
0.05,4493,94,396350,88.19537160658656,7
0.05,4494,92,396442,88.19621802002224,9
0.05,4495,96,396538,88.19795373665481,6
0.05,4496,94,396632,88.19924394040471,7
0.05,4497,94,396726,88.20053357047577,7
0.05,4498,93,396819,88.20160035563458,9
0.05,4499,-44,396775,88.17222222222222,8
0.05,4500,95,396870,88.17373916907354,6
0.05,4501,94,396964,88.1750333185251,7
0.05,4502,92,397056,88.17588274483677,9
0.05,4503,96,397152,88.17761989342806,6
0.05,4504,96,397248,88.17935627081022,6
0.05,4505,95,397343,88.1808699511762,6
0.05,4506,96,397439,88.18260483692035,6
0.05,4507,90,397529,88.18300798580302,11
0.05,4508,91,397620,88.18363273453093,10
0.05,4509,96,397716,88.18536585365854,6
0.05,4510,92,397808,88.18621148304146,9
0.05,4511,94,397902,88.1875,7
0.05,4512,94,397996,88.18878794593397,7
0.05,4513,93,398089,88.18985378821445,8
0.05,4514,95,398184,88.19136212624585,6
0.05,4515,96,398280,88.19309123117803,6
0.05,4516,96,398376,88.1948195705114,6
0.05,4517,90,398466,88.19521912350598,11
0.05,4518,95,398561,88.19672493914582,7
0.05,4519,94,398655,88.19800884955752,7
0.05,4520,94,398749,88.19929219199292,8
0.05,4521,96,398845,88.20101724900486,6
0.05,4522,94,398939,88.20229935883263,7
0.05,4523,94,399033,88.20358090185677,7
0.05,4524,96,399129,88.20530386740332,6
0.05,4525,94,399223,88.20658418029164,8
0.05,4526,96,399319,88.20830572122819,6
0.05,4527,94,399413,88.2095848056537,8
0.05,4528,95,399508,88.2110841245308,6
0.05,4529,19,399527,88.19580573951436,13
0.05,4530,94,399621,88.19708673581991,7
0.05,4531,95,399716,88.19858781994704,6
0.05,4532,92,399808,88.19942642841386,9
0.05,4533,92,399900,88.20026466696073,10
0.05,4534,95,399995,88.20176405733186,7
0.05,4535,95,400090,88.20326278659611,6
0.05,4536,95,400185,88.20476085519066,6
0.05,4537,94,400279,88.20603790215954,7
0.05,4538,94,400373,88.20731438642873,7
0.05,4539,92,400465,88.20814977973568,9
0.05,4540,94,400559,88.209425236732,7
0.05,4541,94,400653,88.2107001321004,7
0.05,4542,96,400749,88.21241470394013,6
0.05,4543,25,400774,88.19850352112677,8
0.05,4544,93,400867,88.1995599559956,9
0.05,4545,96,400963,88.20127584689837,6
0.05,4546,96,401059,88.20299098306576,6
0.05,4547,96,401155,88.2047053649956,6
0.05,4548,92,401247,88.20553967905035,9
0.05,4549,94,401341,88.20681318681319,7
0.05,4550,94,401435,88.2080861349154,7
0.05,4551,96,401531,88.20979789103691,6
0.05,4552,94,401625,88.21106962442346,7
0.05,4553,95,401720,88.21256038647343,6
0.05,4554,94,401814,88.2138309549945,7
0.05,4555,94,401908,88.21510096575943,7
0.05,4556,94,402002,88.2163704191354,7
0.05,4557,96,402098,88.21807810443177,6
0.05,4558,94,402192,88.2193463478833,8
0.05,4559,94,402286,88.22061403508772,7
0.05,4560,95,402381,88.22210041657532,6
0.05,4561,94,402475,88.22336694432266,7
0.05,4562,94,402569,88.2246329169406,7
0.05,4563,95,402664,88.22611744084136,6
0.05,4564,94,402758,88.22738225629791,7
0.05,4565,92,402850,88.22820849759088,9
0.05,4566,94,402944,88.22947230129188,7
0.05,4567,94,403038,88.23073555166374,7
0.05,4568,93,403131,88.23177938279711,9
0.05,4569,94,403225,88.23304157549234,7
0.05,4570,94,403319,88.23430321592649,7
0.05,4571,94,403413,88.23556430446195,7
0.05,4572,96,403509,88.2372621911218,6
0.05,4573,94,403603,88.23852208132925,7
0.05,4574,93,403696,88.23956284153006,8
0.05,4575,96,403792,88.24125874125875,6
0.05,4576,94,403886,88.24251693248853,7
0.05,4577,95,403981,88.24399301004806,6
0.05,4578,94,404075,88.24525005459708,7
0.05,4579,93,404168,88.24628820960699,8
0.05,4580,92,404260,88.24710761842393,9
0.05,4581,27,404287,88.23374072457442,6
0.05,4582,92,404379,88.23456251363736,10
0.05,4583,93,404472,88.23560209424083,8
0.05,4584,95,404567,88.2370774263904,7
0.05,4585,91,404658,88.23767989533363,10
0.05,4586,94,404752,88.23893612382821,7
0.05,4587,94,404846,88.24019180470793,7
0.05,4588,27,404873,88.22684680758336,6
0.05,4589,93,404966,88.22788671023964,8
0.05,4590,94,405060,88.22914397734698,7
0.05,4591,91,405151,88.22974738675958,11
0.05,4592,95,405246,88.23122142390595,6
0.05,4593,95,405341,88.23269481932957,6
0.05,4594,96,405437,88.23438520130577,6
0.05,4595,95,405532,88.23585726718886,6
0.05,4596,93,405625,88.236893626278,8
0.05,4597,95,405720,88.2383645063071,6
0.05,4598,94,405814,88.23961730811045,7
0.05,4599,95,405909,88.24108695652174,6
0.05,4600,96,406005,88.24277331014997,6
0.05,4601,94,406099,88.24402433724468,7
0.05,4602,94,406193,88.24527482076907,7
0.05,4603,96,406289,88.24695916594266,6
0.05,4604,94,406383,88.24820846905537,8
0.05,4605,93,406476,88.24924012158054,8
0.05,4606,87,406563,88.24896896027784,14
0.05,4607,94,406657,88.25021701388889,7
0.05,4608,95,406752,88.2516814927316,6
0.05,4609,94,406846,88.2529284164859,7
0.05,4610,95,406941,88.25439167208849,6
0.05,4611,95,407036,88.2558542931483,6
0.05,4612,92,407128,88.2566659440711,9
0.05,4613,94,407222,88.2579107065453,7
0.05,4614,95,407317,88.25937161430119,6
0.05,4615,94,407411,88.26061525129982,7
0.05,4616,94,407505,88.26185834957765,7
0.05,4617,94,407599,88.26310090948462,7
0.05,4618,94,407693,88.26434293137042,7
0.05,4619,94,407787,88.26558441558441,7
0.05,4620,94,407881,88.26682536247566,8
0.05,4621,92,407973,88.26763305928169,9
0.05,4622,90,408063,88.2680077871512,11
0.05,4623,93,408156,88.26903114186851,8
0.05,4624,93,408249,88.27005405405406,8
0.05,4625,95,408344,88.27150886294855,6
0.05,4626,23,408367,88.25740220445213,9
0.05,4627,96,408463,88.25907519446845,6
0.05,4628,92,408555,88.2598833441348,9
0.05,4629,94,408649,88.26112311015119,7
0.05,4630,92,408741,88.2619304685813,9
0.05,4631,94,408835,88.26316925734024,8
0.05,4632,95,408930,88.26462335419815,6
0.05,4633,95,409025,88.26607682347864,6
0.05,4634,94,409119,88.2673139158576,7
0.05,4635,96,409215,88.26898188093183,6
0.05,4636,92,409307,88.26978649989218,9
0.05,4637,94,409401,88.27102199223803,7
0.05,4638,92,409493,88.27182582453115,9
0.05,4639,95,409588,88.27327586206897,6
0.05,4640,94,409682,88.27450980392157,7
0.05,4641,92,409774,88.27531236535975,9
0.05,4642,93,409867,88.27632995907818,8
0.05,4643,92,409959,88.27713178294573,9
0.05,4644,93,410052,88.27814854682454,8
0.05,4645,96,410148,88.27981058975463,6
0.05,4646,94,410242,88.28104153217129,7
0.05,4647,93,410335,88.28205679862306,9
0.05,4648,94,410429,88.28328672832868,7
0.05,4649,94,410523,88.28451612903226,7
0.05,4650,96,410619,88.28617501612557,6
0.05,4651,90,410709,88.28654342218401,12
0.05,4652,96,410805,88.28820116054159,6
0.05,4653,94,410899,88.28942844864632,8
0.05,4654,94,410993,88.2906552094522,7
0.05,4655,95,411088,88.29209621993127,6
0.05,4656,93,411181,88.29310715052608,8
0.05,4657,95,411276,88.29454701588665,6
0.05,4658,91,411367,88.29512770980897,10
0.05,4659,96,411463,88.29678111587982,6
0.05,4660,93,411556,88.29779017378245,8
0.05,4661,94,411650,88.2990132990133,7
0.05,4662,94,411744,88.30023589963542,7
0.05,4663,94,411838,88.30145797598628,7
0.05,4664,-47,411791,88.27245444801714,11
0.05,4665,91,411882,88.27303900557223,10
0.05,4666,92,411974,88.27383758302979,9
0.05,4667,27,412001,88.26071122536418,6
0.05,4668,95,412096,88.26215463696722,6
0.05,4669,93,412189,88.26316916488223,8
0.05,4670,94,412283,88.2643973453222,7
0.05,4671,95,412378,88.26583904109589,6
0.05,4672,93,412471,88.26685212925315,8
0.05,4673,95,412566,88.26829268292683,6
0.05,4674,92,412658,88.2690909090909,9
0.05,4675,95,412753,88.27053036783576,6
0.05,4676,94,412847,88.2717553987599,7
0.05,4677,94,412941,88.2729799059427,7
0.05,4678,95,413036,88.27441761060055,6
0.05,4679,94,413130,88.27564102564102,7
0.05,4680,94,413224,88.27686391796625,8
0.05,4681,94,413318,88.27808628791115,7
0.05,4682,93,413411,88.27909459748025,9
0.05,4683,95,413506,88.2805294619983,6
0.05,4684,92,413598,88.28132337246531,9
0.05,4685,96,413694,88.28297055057618,6
0.05,4686,94,413788,88.28419031363346,7
0.05,4687,95,413883,88.2856228668942,6
0.05,4688,93,413976,88.28662827895073,8
0.05,4689,92,414068,88.28742004264393,9
0.05,4690,95,414163,88.28885099125986,6
0.05,4691,90,414253,88.28921568627452,11
0.05,4692,95,414348,88.2906456424462,6
0.05,4693,92,414440,88.29143587558585,9
0.05,4694,86,414526,88.29094781682642,15
0.05,4695,92,414618,88.29173764906304,9
0.05,4696,94,414712,88.29295294869065,7
0.05,4697,91,414803,88.29352916134525,10
0.05,4698,95,414898,88.29495637369654,6
0.05,4699,95,414993,88.2963829787234,6
0.05,4700,27,415020,88.28334396936822,6
0.05,4701,96,415116,88.28498511271799,6
0.05,4702,96,415212,88.28662555815437,6
0.05,4703,92,415304,88.2874149659864,9
0.05,4704,94,415398,88.28862911795962,7
0.05,4705,95,415493,88.29005524861878,6
0.05,4706,96,415589,88.29169322285956,6
0.05,4707,94,415683,88.2929056924384,7
0.05,4708,96,415779,88.29454236568273,6
0.05,4709,94,415873,88.29575371549893,7
0.05,4710,92,415965,88.29654001273614,9
0.05,4711,94,416059,88.29775042444821,7
0.05,4712,94,416153,88.2989603225122,7
0.05,4713,96,416249,88.30059397539245,6
0.05,4714,90,416339,88.30095440084835,11
0.05,4715,96,416435,88.30258693808312,6
0.05,4716,91,416526,88.30315878736485,10
0.05,4717,94,416620,88.30436625688851,8
0.05,4718,25,416645,88.29095147276965,8
0.05,4719,95,416740,88.29237288135593,6
0.05,4720,94,416834,88.29358186824825,7
0.05,4721,96,416930,88.29521389241847,6
0.05,4722,96,417026,88.29684522549228,6
0.05,4723,96,417122,88.29847586790855,6
0.05,4724,95,417217,88.29989417989418,6
0.05,4725,94,417311,88.3011002962336,8
0.05,4726,92,417403,88.30188280093083,9
0.05,4727,94,417497,88.30308798646362,7
0.05,4728,95,417592,88.30450412349334,6
0.05,4729,94,417686,88.30570824524312,7
0.05,4730,95,417781,88.30712322976115,6
0.05,4731,95,417876,88.30853761622993,7
0.05,4732,96,417972,88.3101626875132,6
0.05,4733,96,418068,88.31178707224335,6
0.05,4734,93,418161,88.31277719112988,8
0.05,4735,96,418257,88.31440033783784,6
0.05,4736,92,418349,88.31517838294279,10
0.05,4737,92,418441,88.3159560996201,9
0.05,4738,92,418533,88.31673348807766,9
0.05,4739,94,418627,88.31793248945148,7
0.05,4740,95,418722,88.31934191098924,6
0.05,4741,95,418817,88.3207507380852,6
0.05,4742,95,418912,88.32215897111533,6
0.05,4743,90,419002,88.3225126475548,12
0.05,4744,93,419095,88.32349841938883,8
0.05,4745,94,419189,88.32469447956174,7
0.05,4746,95,419284,88.3261006951759,6
0.05,4747,92,419376,88.32687447346251,9
0.05,4748,93,419469,88.32785849652558,8
0.05,4749,94,419563,88.32905263157895,7
0.05,4750,96,419659,88.330667227952,6
0.05,4751,96,419755,88.33228114478115,6
0.05,4752,91,419846,88.33284241531665,10
0.05,4753,96,419942,88.33445519562474,6
0.05,4754,94,420036,88.33564668769716,7
0.05,4755,96,420132,88.33725820016821,6
0.05,4756,27,420159,88.32436409501787,6
0.05,4757,92,420251,88.32513661202186,9
0.05,4758,92,420343,88.32590880437067,9
0.05,4759,96,420439,88.32752100840337,6
0.05,4760,94,420533,88.32871245536651,7
0.05,4761,94,420627,88.32990340193196,7
0.05,4762,94,420721,88.33109384841487,7
0.05,4763,92,420813,88.33186397984886,9
0.05,4764,95,420908,88.33326337880378,8
0.05,4765,95,421003,88.33466219051616,6
0.05,4766,93,421096,88.33564086427522,8
0.05,4767,90,421186,88.33598993288591,12
0.05,4768,95,421281,88.33738729293353,6
0.05,4769,94,421375,88.33857442348008,7
0.05,4770,27,421402,88.32571787885139,6
0.05,4771,96,421498,88.32732606873428,6
0.05,4772,92,421590,88.32809553739786,9
0.05,4773,93,421683,88.3290741516548,8
0.05,4774,95,421778,88.33047120418848,6
0.05,4775,96,421874,88.3320770519263,6
0.05,4776,94,421968,88.33326355453214,7
0.05,4777,92,422060,88.33403097530348,9
0.05,4778,94,422154,88.3352165725047,7
0.05,4779,93,422247,88.33619246861925,8
0.05,4780,87,422334,88.33591298891446,14
0.05,4781,95,422429,88.33730656629025,6
0.05,4782,94,422523,88.33849048714197,8
0.05,4783,96,422619,88.34009197324414,6
0.05,4784,96,422715,88.34169278996865,6
0.05,4785,94,422809,88.34287505223568,7
0.05,4786,96,422905,88.34447461875914,6
0.05,4787,94,422999,88.34565580618212,7
0.05,4788,95,423094,88.34704531217373,6
0.05,4789,96,423190,88.34864300626305,6
0.05,4790,94,423284,88.34982258401169,7
0.05,4791,90,423374,88.35016694490818,11
0.05,4792,94,423468,88.35134571249739,7
0.05,4793,95,423563,88.35273258239467,6
0.05,4794,92,423655,88.35349322210637,10
0.05,4795,96,423751,88.35508757297748,6
0.05,4796,23,423774,88.34146341463415,9
0.05,4797,95,423869,88.342851187995,6
0.05,4798,89,423958,88.34298812252553,12
0.05,4799,93,424051,88.34395833333333,8
0.05,4800,95,424146,88.34534471985003,6
0.05,4801,92,424238,88.34610578925448,9
0.05,4802,95,424333,88.34749115136373,6
0.05,4803,94,424427,88.34866777685262,7
0.05,4804,94,424521,88.34984391259106,7
0.05,4805,93,424614,88.35081148564295,8
0.05,4806,92,424706,88.35157062617017,9
0.05,4807,95,424801,88.3529534109817,6
0.05,4808,94,424895,88.35412767727178,8
0.05,4809,95,424990,88.35550935550935,6
0.05,4810,96,425086,88.35709831635835,6
0.05,4811,95,425181,88.35847880299252,6
0.05,4812,19,425200,88.34406814876377,13
0.05,4813,93,425293,88.34503531366846,8
0.05,4814,94,425387,88.34620976116304,7
0.05,4815,94,425481,88.34738372093024,7
0.05,4816,95,425576,88.34876479136392,6
0.05,4817,93,425669,88.3497301784973,9
0.05,4818,96,425765,88.3513177007678,6
0.05,4819,92,425857,88.35207468879668,9
0.05,4820,93,425950,88.35303878863306,10
0.05,4821,96,426046,88.35462463708005,6
0.05,4822,94,426140,88.35579514824798,7
0.05,4823,92,426232,88.35655058043118,9
0.05,4824,91,426323,88.35709844559585,10
0.05,4825,96,426419,88.35868213841691,6
0.05,4826,96,426515,88.36026517505697,6
0.05,4827,95,426610,88.36164043082022,6
0.05,4828,92,426702,88.36239387036653,9
0.05,4829,91,426793,88.36293995859214,10
0.05,4830,94,426887,88.36410681018423,7
0.05,4831,96,426983,88.36568708609272,6
0.05,4832,95,427078,88.3670597972274,7
0.05,4833,93,427171,88.3680182043856,8
0.05,4834,93,427264,88.36897621509824,9
0.05,4835,94,427358,88.3701406120761,8
0.05,4836,95,427453,88.37151126731445,6
0.05,4837,90,427543,88.37184787102109,11
0.05,4838,93,427636,88.37280429840877,8
0.05,4839,95,427731,88.374173553719,6
0.05,4840,94,427825,88.37533567444743,7
0.05,4841,95,427920,88.37670384138785,6
0.05,4842,95,428015,88.37807144332025,6
0.05,4843,94,428109,88.37923203963666,7
0.05,4844,93,428202,88.38018575851393,8
0.05,4845,95,428297,88.3815517952951,6
0.05,4846,95,428392,88.38291726841345,6
0.05,4847,96,428488,88.38448844884489,6
0.05,4848,94,428582,88.38564652505671,7
0.05,4849,95,428677,88.38701030927835,6
0.05,4850,94,428771,88.38816738816739,7
0.05,4851,94,428865,88.38932399010717,7
0.05,4852,95,428960,88.39068617350092,6
0.05,4853,95,429055,88.39204779563246,6
0.05,4854,27,429082,88.37940267765191,6
0.05,4855,94,429176,88.38056013179572,8
0.05,4856,27,429203,88.36792258595841,6
0.05,4857,96,429299,88.36949361877316,6
0.05,4858,88,429387,88.36941757563285,13
0.05,4859,94,429481,88.37057613168724,7
0.05,4860,92,429573,88.37132277309196,9
0.05,4861,94,429667,88.37248046071575,7
0.05,4862,96,429763,88.37404894098293,6
0.05,4863,94,429857,88.37520559210526,7
0.05,4864,92,429949,88.37595066803699,9
0.05,4865,95,430044,88.37731196054254,6
0.05,4866,95,430139,88.37867269365113,6
0.05,4867,92,430231,88.37941659819228,9
0.05,4868,95,430326,88.38077634011091,6
0.05,4869,93,430419,88.38172484599589,8
0.05,4870,94,430513,88.38287825908438,7
0.05,4871,24,430537,88.36966338259441,8
0.05,4872,93,430630,88.37061358506054,8
0.05,4873,92,430722,88.37135822732868,9
0.05,4874,94,430816,88.37251282051282,8
0.05,4875,92,430908,88.37325676784249,9
0.05,4876,94,431002,88.37441049825712,7
0.05,4877,94,431096,88.37556375563756,7
0.05,4878,93,431189,88.37651158024185,9
0.05,4879,24,431213,88.36331967213114,8
0.05,4880,92,431305,88.3640647408318,9
0.05,4881,93,431398,88.3650143383859,8
0.05,4882,94,431492,88.36616833913578,7
0.05,4883,96,431588,88.36773136773137,6
0.05,4884,94,431682,88.36888433981576,7
0.05,4885,93,431775,88.3698321735571,8
0.05,4886,96,431871,88.37139349294046,6
0.05,4887,94,431965,88.37254500818331,7
0.05,4888,95,432060,88.37390059316834,6
0.05,4889,95,432155,88.37525562372188,6
0.05,4890,92,432247,88.37599672868534,9
0.05,4891,94,432341,88.37714636140637,7
0.05,4892,95,432436,88.3784998978132,6
0.05,4893,94,432530,88.37964854924397,7
0.05,4894,95,432625,88.38100102145046,6
0.05,4895,94,432719,88.38214869281046,7
0.05,4896,96,432815,88.38370430876047,6
0.05,4897,96,432911,88.38525928950592,6
0.05,4898,92,433003,88.38599714227394,9
0.05,4899,94,433097,88.38714285714286,7
0.05,4900,94,433191,88.38828810446847,7
0.05,4901,95,433286,88.38963688290494,6
0.05,4902,95,433381,88.39098511115644,6
0.05,4903,94,433475,88.39212887438825,7
0.05,4904,96,433571,88.39367991845056,6
0.05,4905,92,433663,88.39441500203831,9
0.05,4906,96,433759,88.39596494803342,6
0.05,4907,96,433855,88.39751426242869,6
0.05,4908,95,433950,88.39885923813404,6
0.05,4909,95,434045,88.40020366598777,6
0.05,4910,94,434139,88.40134392180819,7
0.05,4911,93,434232,88.40228013029316,8
0.05,4912,94,434326,88.40341949928761,7
0.05,4913,96,434422,88.40496540496541,6
0.05,4914,95,434517,88.40630722278739,6
0.05,4915,96,434613,88.40785191212368,6
0.05,4916,93,434706,88.40878584502745,8
0.05,4917,93,434799,88.40971939812933,9
0.05,4918,94,434893,88.41085586501322,7
0.05,4919,96,434989,88.41239837398373,6
0.05,4920,95,435084,88.413737045316,6
0.05,4921,95,435179,88.41507517269403,6
0.05,4922,27,435206,88.40260004062563,6
0.05,4923,95,435301,88.40393988627132,6
0.05,4924,92,435393,88.40467005076142,9
0.05,4925,87,435480,88.40438489646772,14
0.05,4926,96,435576,88.40592652729856,6
0.05,4927,96,435672,88.40746753246754,6
0.05,4928,96,435768,88.40900791235545,6
0.05,4929,94,435862,88.41014198782962,7
0.05,4930,95,435957,88.41147840194687,7
0.05,4931,93,436050,88.41240875912409,8
0.05,4932,95,436145,88.4137441719035,6
0.05,4933,94,436239,88.41487636805837,8
0.05,4934,92,436331,88.41560283687943,9
0.05,4935,94,436425,88.41673419773096,7
0.05,4936,95,436520,88.4180676524205,6
0.05,4937,95,436615,88.41940056703119,6
0.05,4938,95,436710,88.42073294189107,6
0.05,4939,93,436803,88.42165991902834,8
0.05,4940,95,436898,88.42299129730824,6
0.05,4941,95,436993,88.42432213678673,6
0.05,4942,94,437087,88.42545013149909,7
0.05,4943,94,437181,88.42657766990291,7
0.05,4944,94,437275,88.42770475227502,7
0.05,4945,94,437369,88.42883137889203,7
0.05,4946,93,437462,88.42975540731757,8
0.05,4947,93,437555,88.43067906224738,8
0.05,4948,93,437648,88.43160234390785,8
0.05,4949,94,437742,88.43272727272728,7
0.05,4950,92,437834,88.4334477883256,9
0.05,4951,94,437928,88.43457189014539,7
0.05,4952,95,438023,88.43589743589743,6
0.05,4953,92,438115,88.43661687525233,10
0.05,4954,94,438209,88.43773965691221,7
0.05,4955,94,438303,88.43886198547216,7
0.05,4956,93,438396,88.43978212628606,8
0.05,4957,94,438490,88.44090359015732,8
0.05,4958,92,438582,88.44162129461586,10
0.05,4959,96,438678,88.44314516129032,6
0.05,4960,95,438773,88.44446684136263,6
0.05,4961,92,438865,88.44518339379283,9
0.05,4962,23,438888,88.43199677614346,10
0.05,4963,89,438977,88.43211120064464,12
0.05,4964,92,439069,88.43282980866063,9
0.05,4965,96,439165,88.43435360451068,6
0.05,4966,91,439256,88.43487014294342,10
0.05,4967,90,439346,88.43518518518519,11
0.05,4968,96,439442,88.43670758703965,7
0.05,4969,94,439536,88.43782696177063,7
0.05,4970,92,439628,88.43854355260511,9
0.05,4971,94,439722,88.4396621078037,7
0.05,4972,94,439816,88.44078021315102,8
0.05,4973,93,439909,88.4416968234821,8
0.05,4974,96,440005,88.44321608040201,6
0.05,4975,94,440099,88.44433279742765,7
0.05,4976,92,440191,88.44504721719912,9
0.05,4977,94,440285,88.44616311771796,7
0.05,4978,93,440378,88.4470777264511,8
0.05,4979,93,440471,88.44799196787149,8
0.05,4980,92,440563,88.44870507930135,9
0.05,4981,96,440659,88.45022079486151,6
0.05,4982,94,440753,88.45133453742726,7
0.05,4983,94,440847,88.4524478330658,7
0.05,4984,92,440939,88.45315947843531,9
0.05,4985,93,441032,88.45407139991977,8
0.05,4986,94,441126,88.45518347704031,7
0.05,4987,90,441216,88.45549318364074,11
0.05,4988,94,441310,88.45660452996593,8
0.05,4989,94,441404,88.45771543086173,8
0.05,4990,94,441498,88.45882588659587,7
0.05,4991,94,441592,88.4599358974359,7
0.05,4992,93,441685,88.46084518325655,8
0.05,4993,94,441779,88.46195434521425,7
0.05,4994,96,441875,88.46346346346347,6
0.05,4995,94,441969,88.46457165732586,7
0.05,4996,94,442063,88.46567940764459,7
0.05,4997,94,442157,88.46678671468588,7
0.05,4998,91,442248,88.46729345869174,10
0.05,4999,93,442341,88.4682,8
0.05,5000,91,442432,88.46870625874826,10
0.05,5001,94,442526,88.46981207516993,7
0.05,5002,94,442620,88.47091744953028,7
0.05,5003,94,442714,88.47202238209432,7
0.05,5004,94,442808,88.47312687312687,7
0.05,5005,93,442901,88.47403116260487,8
0.05,5006,95,442996,88.47533453165568,7
0.05,5007,94,443090,88.47643769968052,7
0.05,5008,94,443184,88.47754042723099,8
0.05,5009,96,443280,88.47904191616766,6
0.05,5010,96,443376,88.48054280582718,6
0.05,5011,93,443469,88.48144453312051,8
0.05,5012,92,443561,88.4821464193098,9
0.05,5013,96,443657,88.483645791783,6
0.05,5014,90,443747,88.4839481555334,11
0.05,5015,94,443841,88.48504784688996,7
0.05,5016,92,443933,88.48574845525214,9
0.05,5017,94,444027,88.48684734954165,7
0.05,5018,92,444119,88.48754732018331,9
0.05,5019,96,444215,88.4890438247012,6
0.05,5020,96,444311,88.4905397331209,6
0.05,5021,94,444405,88.49163679808841,7
0.05,5022,96,444501,88.49313159466455,6
0.05,5023,93,444594,88.49402866242038,8
0.05,5024,88,444682,88.4939303482587,13
0.05,5025,95,444777,88.49522483087942,6
0.05,5026,91,444868,88.49572309528546,10
0.05,5027,93,444961,88.49661893396977,9
0.05,5028,93,445054,88.49751441638497,8
0.05,5029,95,445149,88.49880715705766,6
0.05,5030,94,445243,88.49990061617969,7
0.05,5031,94,445337,88.50099364069952,7
0.05,5032,89,445426,88.50109278760183,12
0.05,5033,93,445519,88.50198649185538,8
0.05,5034,94,445613,88.50307845084409,7
0.05,5035,95,445708,88.50436854646544,6
0.05,5036,95,445803,88.50565812983919,6
0.05,5037,89,445892,88.50575625248115,12
0.05,5038,93,445985,88.5066481444731,8
0.05,5039,94,446079,88.5077380952381,7
0.05,5040,93,446172,88.5086292402301,8
0.05,5041,96,446268,88.51011503371677,6
0.05,5042,94,446362,88.51120364862186,7
0.05,5043,94,446456,88.51229183187947,7
0.05,5044,93,446549,88.51318136769078,8
0.05,5045,94,446643,88.51426872770512,7
0.05,5046,93,446736,88.51515751931841,8
0.05,5047,88,446824,88.51505546751189,13
0.05,5048,94,446918,88.51614181025946,7
0.05,5049,94,447012,88.51722772277228,7
0.05,5050,93,447105,88.51811522470798,8
0.05,5051,94,447199,88.51920031670626,7
0.05,5052,93,447292,88.52008707698397,8
0.05,5053,94,447386,88.5211713494262,7
0.05,5054,27,447413,88.50900098911968,6
0.05,5055,94,447507,88.51008702531645,8
0.05,5056,96,447603,88.51156812339332,6
0.05,5057,93,447696,88.51245551601423,8
0.05,5058,95,447791,88.5137378928642,6
0.05,5059,94,447885,88.51482213438736,7
0.05,5060,92,447977,88.5155107686228,10
0.05,5061,92,448069,88.51619913077835,9
0.05,5062,90,448159,88.5164921983014,11
0.05,5063,94,448253,88.51757503949447,7
0.05,5064,94,448347,88.51865745310957,7
0.05,5065,96,448443,88.52013422818791,6
0.05,5066,95,448538,88.52141306492994,6
0.05,5067,94,448632,88.52249408050513,7
0.05,5068,92,448724,88.523180114421,9
0.05,5069,93,448817,88.52406311637081,8
0.05,5070,94,448911,88.52514296982844,8
0.05,5071,94,449005,88.52622239747635,7
0.05,5072,93,449098,88.5271042775478,9
0.05,5073,94,449192,88.52818289318093,7
0.05,5074,95,449287,88.52945812807882,6
0.05,5075,94,449381,88.53053585500395,8
0.05,5076,96,449477,88.53200709080166,6
0.05,5077,96,449573,88.53347774714454,6
0.05,5078,95,449668,88.53475093522347,6
0.05,5079,94,449762,88.53582677165355,7
0.05,5080,94,449856,88.53690218460933,7
0.05,5081,92,449948,88.53758362849273,9
0.05,5082,96,450044,88.53905174109778,6
0.05,5083,91,450135,88.5395357985838,10
0.05,5084,94,450229,88.54060963618485,7
0.05,5085,94,450323,88.54168305151396,7
0.05,5086,92,450415,88.5423628857873,9
0.05,5087,94,450509,88.5434355345912,7
0.05,5088,94,450603,88.54450776183926,7
0.05,5089,93,450696,88.54538310412573,8
0.05,5090,96,450792,88.5468473777254,6
0.05,5091,94,450886,88.54791830322074,7
0.05,5092,96,450982,88.54938150402513,6
0.05,5093,23,451005,88.53651354534746,9
0.05,5094,95,451100,88.5377821393523,7
0.05,5095,96,451196,88.53924646781789,6
0.05,5096,95,451291,88.54051402785953,7
0.05,5097,94,451385,88.54158493526873,7
0.05,5098,94,451479,88.5426554226319,8
0.05,5099,94,451573,88.54372549019608,7
0.05,5100,94,451667,88.5447951382082,7
0.05,5101,94,451761,88.54586436691494,7
0.05,5102,95,451856,88.54712913972173,6
0.05,5103,94,451950,88.54819749216301,7
0.05,5104,95,452045,88.54946131243878,6
0.05,5105,95,452140,88.55072463768116,6
0.05,5106,94,452234,88.55179165850792,7
0.05,5107,92,452326,88.55246671887235,9
0.05,5108,88,452414,88.55235858289294,13
0.05,5109,94,452508,88.55342465753425,7
0.05,5110,92,452600,88.55409900215223,9
0.05,5111,95,452695,88.55535993740219,6
0.05,5112,95,452790,88.556620379425,6
0.05,5113,93,452883,88.55748924520923,8
0.05,5114,95,452978,88.55874877810362,7
0.05,5115,94,453072,88.5598123534011,7
0.05,5116,27,453099,88.54778190345905,6
0.05,5117,96,453195,88.54923798358733,6
0.05,5118,94,453289,88.55030279351436,7
0.05,5119,92,453381,88.5509765625,9
0.05,5120,95,453476,88.55223589142746,6
0.05,5121,94,453570,88.55329949238579,7
0.05,5122,94,453664,88.5543626781183,7
0.05,5123,96,453760,88.55581576893053,6
0.05,5124,93,453853,88.55668292682927,9
0.05,5125,92,453945,88.55735466250488,9
0.05,5126,91,454036,88.55783109030622,10
0.05,5127,96,454132,88.55928237129486,6
0.05,5128,90,454222,88.5595632676935,11
0.05,5129,94,454316,88.56062378167641,7
0.05,5130,96,454412,88.56207366984994,6
0.05,5131,93,454505,88.56293842556508,8
0.05,5132,94,454599,88.56399766218586,7
0.05,5133,94,454693,88.56505648617063,7
0.05,5134,95,454788,88.56630963972736,7
0.05,5135,94,454882,88.5673676012461,7
0.05,5136,95,454977,88.56861981701383,7
0.05,5137,90,455067,88.56889840404827,11
0.05,5138,90,455157,88.56917688266199,11
0.05,5139,94,455251,88.57023346303502,8
0.05,5140,94,455345,88.57128963236724,7
0.05,5141,94,455439,88.57234539089848,7
0.05,5142,95,455534,88.57359517791173,6
0.05,5143,92,455626,88.57426127527216,9
0.05,5144,94,455720,88.57531584062197,7
0.05,5145,94,455814,88.57636999611348,8
0.05,5146,90,455904,88.57664659024674,11
0.05,5147,96,456000,88.57808857808858,6
0.05,5148,94,456094,88.5791415808895,7
0.05,5149,95,456189,88.58038834951456,6
0.05,5150,95,456284,88.58163463405164,6
0.05,5151,94,456378,88.58268633540372,8
0.05,5152,94,456472,88.58373762856588,7
0.05,5153,95,456567,88.58498253783469,7
0.05,5154,92,456659,88.58564500484967,9
0.05,5155,96,456755,88.58708301008534,6
0.05,5156,93,456848,88.58793872406437,8
0.05,5157,92,456940,88.58860023264832,9
0.05,5158,96,457036,88.5900368288428,6
0.05,5159,96,457132,88.59147286821705,6
0.05,5160,94,457226,88.59252082929665,7
0.05,5161,94,457320,88.59356838434715,8
0.05,5162,94,457414,88.5946155336045,7
0.05,5163,93,457507,88.5954686289698,8
0.05,5164,95,457602,88.59670861568247,7
0.05,5165,95,457697,88.59794812233837,6
0.05,5166,91,457788,88.59841300561254,10
0.05,5167,95,457883,88.59965170278637,6
0.05,5168,95,457978,88.60088992068098,6
0.05,5169,95,458073,88.60212765957446,6
0.05,5170,94,458167,88.6031715335525,7
0.05,5171,93,458260,88.60402165506574,8
0.05,5172,92,458352,88.60467813647787,9
0.05,5173,94,458446,88.60572091225357,7
0.05,5174,94,458540,88.60676328502416,7
0.05,5175,93,458633,88.60761205564143,8
0.05,5176,94,458727,88.6086536604211,7
0.05,5177,93,458820,88.60950173812283,8
0.05,5178,95,458915,88.61073566325545,7
0.05,5179,94,459009,88.61177606177606,7
0.05,5180,94,459103,88.61281605867593,7
0.05,5181,95,459198,88.61404862987264,6
0.05,5182,96,459294,88.61547366390121,6
0.05,5183,95,459389,88.61670524691358,6
0.05,5184,91,459480,88.61716489874638,10
0.05,5185,92,459572,88.61781720015426,9
0.05,5186,96,459668,88.61924040871409,6
0.05,5187,95,459763,88.62047031611411,7
0.05,5188,92,459855,88.62112160339179,9
0.05,5189,95,459950,88.62235067437379,6
0.05,5190,95,460045,88.62357927181661,6
0.05,5191,91,460136,88.62403697996918,10
0.05,5192,94,460230,88.62507221259388,7
0.05,5193,96,460326,88.62649210627647,6
0.05,5194,94,460420,88.62752646775746,7
0.05,5195,92,460512,88.62817551963049,9
0.05,5196,95,460607,88.62940157783336,6
0.05,5197,94,460701,88.6304347826087,8
0.05,5198,94,460795,88.63146758992114,7
0.05,5199,23,460818,88.61884615384615,9
0.05,5200,95,460913,88.62007306287252,6
0.05,5201,94,461007,88.62110726643598,7
0.05,5202,95,461102,88.62233326926773,6
0.05,5203,95,461197,88.62355880092237,6
0.05,5204,94,461291,88.62459173871278,7
0.05,5205,93,461384,88.62543219362274,8
0.05,5206,23,461407,88.61282888419436,9
0.05,5207,96,461503,88.61424731182795,6
0.05,5208,93,461596,88.61508926857363,8
0.05,5209,93,461689,88.61593090211133,8
0.05,5210,95,461784,88.61715601611975,6
0.05,5211,94,461878,88.61818879508826,7
0.05,5212,95,461973,88.61941300594667,6
0.05,5213,90,462063,88.61967779056387,11
0.05,5214,92,462155,88.62032598274209,9
0.05,5215,96,462251,88.62174079754601,6
0.05,5216,94,462345,88.62277170787809,7
0.05,5217,93,462438,88.6236105787658,8
0.05,5218,93,462531,88.62444912818547,8
0.05,5219,95,462626,88.62567049808429,6
0.05,5220,96,462722,88.62708293430377,6
0.05,5221,94,462816,88.62811183454615,7
0.05,5222,93,462909,88.62894887995405,8
0.05,5223,92,463001,88.62959418070444,9
0.05,5224,94,463095,88.63062200956938,7
0.05,5225,94,463189,88.63164944508227,7
0.05,5226,94,463283,88.63267648746891,7
0.05,5227,94,463377,88.63370313695486,8
0.05,5228,95,463472,88.63492063492063,6
0.05,5229,93,463565,88.6357552581262,8
0.05,5230,91,463656,88.63620722615178,10
0.05,5231,95,463751,88.63742354740062,6
0.05,5232,20,463771,88.62430728071851,12
0.05,5233,94,463865,88.62533435231181,7
0.05,5234,95,463960,88.62655205348615,6
0.05,5235,94,464054,88.6275783040489,7
0.05,5236,91,464145,88.62803131563872,10
0.05,5237,95,464240,88.62924780450554,6
0.05,5238,95,464335,88.630463828975,6
0.05,5239,93,464428,88.63129770992366,10
0.05,5240,93,464521,88.63213127265789,9
0.05,5241,96,464617,88.6335368180084,6
0.05,5242,94,464711,88.63456036620255,7
0.05,5243,96,464807,88.6359649122807,6
0.05,5244,94,464901,88.63698760724499,7
0.05,5245,92,464993,88.63762866946244,9
0.05,5246,94,465087,88.63865065751858,7
0.05,5247,94,465181,88.63967225609755,7
0.05,5248,95,465276,88.64088397790056,6
0.05,5249,95,465371,88.64209523809524,6
0.05,5250,92,465463,88.64273471719673,9
0.05,5251,92,465555,88.6433739527799,9
0.05,5252,94,465649,88.64439367980202,7
0.05,5253,91,465740,88.64484202512372,11
0.05,5254,94,465834,88.64586108468126,7
0.05,5255,94,465928,88.64687975646879,8
0.05,5256,94,466022,88.64789804070763,7
0.05,5257,94,466116,88.64891593761887,7
0.05,5258,95,466211,88.65012359764214,6
0.05,5259,91,466302,88.65057034220533,10
0.05,5260,96,466398,88.65196730659571,6
0.05,5261,94,466492,88.65298365640442,8
0.05,5262,93,466585,88.65380961428843,10
0.05,5263,94,466679,88.65482522796353,8
0.05,5264,94,466773,88.65584045584046,7
0.05,5265,92,466865,88.65647550322825,9
0.05,5266,92,466957,88.65711030947408,9
0.05,5267,94,467051,88.6581245254366,7
0.05,5268,93,467144,88.65894856709053,8
0.05,5269,95,467239,88.66015180265654,6
0.05,5270,94,467333,88.66116486435212,7
0.05,5271,96,467429,88.6625569044006,6
0.05,5272,93,467522,88.6633794803717,8
0.05,5273,95,467617,88.66458096321577,6
0.05,5274,94,467711,88.66559241706162,7
0.05,5275,93,467804,88.66641394996209,8
0.05,5276,26,467830,88.65453856357779,7
0.05,5277,94,467924,88.65555134520652,7
0.05,5278,92,468016,88.65618488350066,9
0.05,5279,95,468111,88.65738636363636,6
0.05,5280,23,468134,88.64495360727135,9
0.05,5281,91,468225,88.64539946989777,10
0.05,5282,96,468321,88.64679159568428,6
0.05,5283,92,468413,88.64742619227857,10
0.05,5284,94,468507,88.6484389782403,7
0.05,5285,94,468601,88.64945138100643,7
0.05,5286,95,468696,88.6506525439758,6
0.05,5287,92,468788,88.65128593040848,9
0.05,5288,94,468882,88.65229722064663,7
0.05,5289,96,468978,88.65368620037808,6
0.05,5290,93,469071,88.65450765450765,9
0.05,5291,95,469166,88.6557067271353,6
0.05,5292,24,469190,88.6434914037408,8
0.05,5293,95,469285,88.64469210426898,6
0.05,5294,94,469379,88.64570349386213,8
0.05,5295,94,469473,88.64671450151057,7
0.05,5296,94,469567,88.64772512743062,7
0.05,5297,95,469662,88.6489241223103,6
0.05,5298,93,469755,88.64974523494999,8
0.05,5299,96,469851,88.6511320754717,6
0.05,5300,92,469943,88.65176381814751,9
0.05,5301,94,470037,88.65277253866465,8
0.05,5302,94,470131,88.65378087874788,7
0.05,5303,96,470227,88.65516591251885,6
0.05,5304,94,470321,88.65617342130066,7
0.05,5305,96,470417,88.65755748209574,6
0.05,5306,92,470509,88.65818729979273,9
0.05,5307,95,470604,88.65938206480784,6
0.05,5308,90,470694,88.65963458278395,11
0.05,5309,95,470789,88.66082862523541,6
0.05,5310,95,470884,88.66202221803803,6
0.05,5311,94,470978,88.66302710843374,7
0.05,5312,93,471071,88.66384340297384,8
0.05,5313,94,471165,88.66484757245013,7
0.05,5314,95,471260,88.66603951081844,6
0.05,5315,95,471355,88.66723100075245,7
0.05,5316,95,471450,88.66842204250517,6
0.05,5317,94,471544,88.66942459571267,7
0.05,5318,92,471636,88.67005076142132,9
0.05,5319,95,471731,88.67124060150375,7
0.05,5320,90,471821,88.67149032136817,11
0.05,5321,94,471915,88.67249154453214,7
0.05,5322,94,472009,88.67349239150855,8
0.05,5323,96,472105,88.67486851990984,6
0.05,5324,94,472199,88.67586854460095,7
0.05,5325,95,472294,88.67705595193391,6
0.05,5326,96,472390,88.6784306363807,6
0.05,5327,94,472484,88.67942942942943,7
0.05,5328,90,472574,88.67967723775568,11
0.05,5329,96,472670,88.68105065666042,6
0.05,5330,25,472695,88.66910523353967,8
0.05,5331,94,472789,88.67010502625656,7
0.05,5332,94,472883,88.67110444402775,7
0.05,5333,93,472976,88.67191601049869,9
0.05,5334,88,473064,88.6717900656045,13
0.05,5335,95,473159,88.67297601199401,6
0.05,5336,95,473254,88.67416151395915,6
0.05,5337,93,473347,88.67497189958786,8
0.05,5338,95,473442,88.67615658362989,6
0.05,5339,-118,473324,88.6374531835206,13
0.05,5340,94,473418,88.63845721774949,7
0.05,5341,93,473511,88.63927368026957,8
0.05,5342,95,473606,88.64046415871233,6
0.05,5343,94,473700,88.64146706586827,8
0.05,5344,96,473796,88.64284377923293,6
0.05,5345,91,473887,88.64328469884025,10
0.05,5346,96,473983,88.64466055732186,6
0.05,5347,90,474073,88.64491398653702,11
0.05,5348,84,474157,88.644045616003,17
0.05,5349,94,474251,88.64504672897196,7
0.05,5350,96,474347,88.64642122967669,6
0.05,5351,94,474441,88.64742152466367,7
0.05,5352,94,474535,88.64842144591817,8
0.05,5353,95,474630,88.64960776989167,6
0.05,5354,94,474724,88.65060690943044,7
0.05,5355,94,474818,88.65160567587752,7
0.05,5356,87,474905,88.65129736792981,14
0.05,5357,22,474927,88.63885778275476,10
0.05,5358,96,475023,88.6402313864527,6
0.05,5359,95,475118,88.64141791044776,6
0.05,5360,95,475213,88.64260399179257,6
0.05,5361,95,475308,88.6437896307348,6
0.05,5362,95,475403,88.6449748275219,6
0.05,5363,94,475497,88.64597315436242,7
0.05,5364,95,475592,88.64715750232992,6
0.05,5365,93,475685,88.64796869176296,8
0.05,5366,94,475779,88.64896590273896,8
0.05,5367,94,475873,88.64996274217586,7
0.05,5368,90,475963,88.65021419258707,11
0.05,5369,92,476055,88.65083798882682,9
0.05,5370,96,476151,88.6522062930553,6
0.05,5371,96,476247,88.65357408786299,6
0.05,5372,96,476343,88.65494137353434,6
0.05,5373,93,476436,88.65574990695943,8
0.05,5374,95,476531,88.65693023255814,6
0.05,5375,93,476624,88.6577380952381,9
0.05,5376,93,476717,88.6585456574298,8
0.05,5377,90,476807,88.65879509111194,11
0.05,5378,95,476902,88.65997397285741,6
0.05,5379,93,476995,88.66078066914498,8
0.05,5380,91,477086,88.66121538747444,10
0.05,5381,95,477181,88.66239316239316,6
0.05,5382,93,477274,88.6631989596879,8
0.05,5383,96,477370,88.66456166419019,6
0.05,5384,95,477465,88.66573816155989,6
0.05,5385,94,477559,88.6667285555143,7
0.05,5386,95,477654,88.66790421384815,6
0.05,5387,92,477746,88.66852264291018,9
0.05,5388,93,477839,88.66932640564112,9
0.05,5389,90,477929,88.669573283859,11
0.05,5390,91,478020,88.67000556483028,10
0.05,5391,92,478112,88.6706231454006,9
0.05,5392,95,478207,88.6717967735954,6
0.05,5393,96,478303,88.67315535780497,6
0.05,5394,94,478397,88.67414272474514,7
0.05,5395,94,478491,88.67512972572275,7
0.05,5396,95,478586,88.6763016490643,6
0.05,5397,94,478680,88.67728788440164,7
0.05,5398,96,478776,88.67864419336914,6
0.05,5399,93,478869,88.67944444444444,8
0.05,5400,95,478964,88.6806147009813,6
0.05,5401,96,479060,88.68196964087375,6
0.05,5402,91,479151,88.682398667407,10
0.05,5403,94,479245,88.68338267949667,7
0.05,5404,96,479341,88.68473635522665,6
0.05,5405,96,479437,88.68608953015168,6
0.05,5406,95,479532,88.68725725910856,6
0.05,5407,94,479626,88.68823964497041,8
0.05,5408,95,479721,88.68940654464781,6
0.05,5409,92,479813,88.69001848428836,9
0.05,5410,95,479908,88.69118462391425,6
0.05,5411,94,480002,88.69216555801921,7
0.05,5412,90,480092,88.69240716792906,11
0.05,5413,-49,480043,88.66697451052826,12
0.05,5414,95,480138,88.66814404432132,6
0.05,5415,90,480228,88.66838995568685,11
0.05,5416,94,480322,88.6693741923574,7
0.05,5417,94,480416,88.6703580657069,7
0.05,5418,94,480510,88.67134157593652,8
0.05,5419,95,480605,88.67250922509226,6
0.05,5420,94,480699,88.67349197565025,7
0.05,5421,96,480795,88.67484323127997,6
0.05,5422,92,480887,88.67545638945234,9
0.05,5423,95,480982,88.67662241887906,6
0.05,5424,23,481005,88.66451612903226,9
0.05,5425,94,481099,88.66549944710653,7
0.05,5426,95,481194,88.66666666666667,6
0.05,5427,94,481288,88.66764922623435,7
0.05,5428,23,481311,88.65555350893351,10
0.05,5429,93,481404,88.65635359116023,8
0.05,5430,96,481500,88.6577057632112,7
0.05,5431,96,481596,88.65905743740795,6
0.05,5432,93,481689,88.65985643290999,8
0.05,5433,96,481785,88.6612072138388,6
0.05,5434,96,481881,88.66255749770009,6
0.05,5435,94,481975,88.66353936718176,7
0.05,5436,92,482067,88.66415302556557,9
0.05,5437,90,482157,88.66439867598382,11
0.05,5438,93,482250,88.66519580805296,8
0.05,5439,90,482340,88.6654411764706,11
0.05,5440,96,482436,88.66678919316303,6
0.05,5441,95,482531,88.66795295847115,7
0.05,5442,94,482625,88.6689325739482,7
0.05,5443,96,482721,88.67027920646584,6
0.05,5444,94,482815,88.6712580348944,7
0.05,5445,91,482906,88.67168564083731,10
0.05,5446,93,482999,88.6724802643657,8
0.05,5447,92,483091,88.67309104258443,9
0.05,5448,94,483185,88.67406863644706,8
0.05,5449,94,483279,88.67504587155963,7
0.05,5450,96,483375,88.67638965327463,6
0.05,5451,94,483469,88.67736610418196,7
0.05,5452,92,483561,88.6779754263708,9
0.05,5453,93,483654,88.67876787678767,8
0.05,5454,94,483748,88.67974335472044,7
0.05,5455,96,483844,88.68108504398828,6
0.05,5456,92,483936,88.68169323804288,9
0.05,5457,93,484029,88.68248442652987,8
0.05,5458,92,484121,88.68309214141784,9
0.05,5459,93,484214,88.68388278388278,8
0.05,5460,95,484309,88.68503937007874,6
0.05,5461,96,484405,88.68637861589161,6
0.05,5462,90,484495,88.686619073769,11
0.05,5463,94,484589,88.6875915080527,7
0.05,5464,95,484684,88.68874656907593,6
0.05,5465,92,484776,88.68935236004391,9
0.05,5466,93,484869,88.69014084507042,8
0.05,5467,94,484963,88.691111923921,7
0.05,5468,96,485059,88.69244834521851,6
0.05,5469,93,485152,88.69323583180987,8
0.05,5470,95,485247,88.69438859440687,6
0.05,5471,94,485341,88.6953581871345,7
0.05,5472,96,485437,88.69669285583775,6
0.05,5473,91,485528,88.69711362805992,10
0.05,5474,94,485622,88.69808219178083,7
0.05,5475,93,485715,88.69886778670562,8
0.05,5476,93,485808,88.69965309475991,8
0.05,5477,94,485902,88.70062066447609,7
0.05,5478,94,485996,88.70158788100018,7
0.05,5479,93,486089,88.70237226277372,9
0.05,5480,94,486183,88.70333880678709,7
0.05,5481,94,486277,88.70430499817584,7
0.05,5482,94,486371,88.70527083713296,7
0.05,5483,93,486464,88.70605397520059,8
0.05,5484,91,486555,88.70647219690063,10
0.05,5485,94,486649,88.70743711265038,7
0.05,5486,26,486675,88.6960087479497,7
0.05,5487,90,486765,88.69624635568513,11
0.05,5488,93,486858,88.69703042448533,10
0.05,5489,95,486953,88.69817850637523,6
0.05,5490,94,487047,88.6991440539064,7
0.05,5491,93,487140,88.69992716678806,8
0.05,5492,95,487235,88.70107409430184,7
0.05,5493,94,487329,88.70203858755005,7
0.05,5494,93,487422,88.70282074613284,8
0.05,5495,93,487515,88.70360262008734,8
0.05,5496,94,487609,88.70456612697835,7
0.05,5497,93,487702,88.7053473990542,8
0.05,5498,94,487796,88.70631023822513,7
0.05,5499,95,487891,88.70745454545454,7
0.05,5500,94,487985,88.70841665151791,7
0.05,5501,93,488078,88.70919665576155,8
0.05,5502,95,488173,88.71033981464656,6
0.05,5503,90,488263,88.71057412790698,12
0.05,5504,94,488357,88.71153496821071,7
0.05,5505,94,488451,88.71249545949873,8
0.05,5506,94,488545,88.71345560196114,7
0.05,5507,95,488640,88.71459694989107,6
0.05,5508,95,488735,88.71573788346342,6
0.05,5509,93,488828,88.71651542649728,8
0.05,5510,96,488924,88.71783705316639,6
0.05,5511,94,489018,88.71879535558782,7
0.05,5512,94,489112,88.71975331035733,7
0.05,5513,94,489206,88.72071091766412,7
0.05,5514,94,489300,88.72166817769718,7
0.05,5515,96,489396,88.72298767222625,6
0.05,5516,95,489491,88.72412543048759,6
0.05,5517,93,489584,88.72490032620514,8
0.05,5518,96,489680,88.72621851784744,6
0.05,5519,94,489774,88.72717391304347,7
0.05,5520,94,489868,88.72812896214454,7
0.05,5521,92,489960,88.72872147772546,10
0.05,5522,93,490053,88.729494839761,8
0.05,5523,94,490147,88.7304489500362,7
0.05,5524,95,490242,88.73158371040724,6
0.05,5525,96,490338,88.7328990228013,6
0.05,5526,86,490424,88.7324045594355,15
0.05,5527,94,490518,88.73335745296671,8
0.05,5528,93,490611,88.73412913727618,8
0.05,5529,93,490704,88.73490054249548,8
0.05,5530,27,490731,88.72373892605316,6
0.05,5531,94,490825,88.72469269703544,7
0.05,5532,95,490920,88.72582685703958,6
0.05,5533,95,491015,88.72696060715576,7
0.05,5534,94,491109,88.72791327913279,7
0.05,5535,93,491202,88.72868497109826,8
0.05,5536,94,491296,88.72963698753838,7
0.05,5537,95,491391,88.73076923076923,6
0.05,5538,95,491486,88.73190106517421,6
0.05,5539,92,491578,88.73249097472925,9
0.05,5540,93,491671,88.7332611441978,8
0.05,5541,92,491763,88.7338505954529,9
0.05,5542,95,491858,88.73498105718924,6
0.05,5543,95,491953,88.73611111111111,6
0.05,5544,96,492049,88.73742110009017,6
0.05,5545,96,492145,88.73873061666066,6
0.05,5546,94,492239,88.73967910582297,8
0.05,5547,93,492332,88.74044700793078,9
0.05,5548,93,492425,88.74121463326726,8
0.05,5549,92,492517,88.7418018018018,9
0.05,5550,95,492612,88.7429292019456,6
0.05,5551,94,492706,88.74387608069165,7
0.05,5552,90,492796,88.74410228705204,11
0.05,5553,93,492889,88.7448685631977,8
0.05,5554,94,492983,88.74581458145815,8
0.05,5555,94,493077,88.74676025917927,8
0.05,5556,94,493171,88.7477055965449,7
0.05,5557,94,493265,88.74865059373876,7
0.05,5558,94,493359,88.74959525094441,7
0.05,5559,93,493452,88.75035971223022,8
0.05,5560,91,493543,88.75076425103398,12
0.05,5561,94,493637,88.75170801869831,7
0.05,5562,96,493733,88.75301096530649,6
0.05,5563,94,493827,88.7539539899353,7
0.05,5564,95,493922,88.75507637017071,6
0.05,5565,93,494015,88.75583902263745,8
0.05,5566,96,494111,88.75714029100054,6
0.05,5567,96,494207,88.75844109195403,6
0.05,5568,93,494300,88.75920272939486,9
0.05,5569,93,494393,88.75996409335727,8
0.05,5570,96,494489,88.76126368695027,6
0.05,5571,27,494516,88.75017946877243,6
0.05,5572,94,494610,88.75112147855732,7
0.05,5573,92,494702,88.75170434158593,9
0.05,5574,93,494795,88.752466367713,8
0.05,5575,95,494890,88.75358680057388,6
0.05,5576,93,494983,88.75434821588668,8
0.05,5577,94,495077,88.75528863391897,7
0.05,5578,89,495166,88.75533249686323,12
0.05,5579,96,495262,88.75663082437276,6
0.05,5580,90,495352,88.75685361046408,11
0.05,5581,96,495448,88.75815120028663,6
0.05,5582,94,495542,88.75909009493104,7
0.05,5583,93,495635,88.75984957020057,8
0.05,5584,92,495727,88.7604297224709,9
0.05,5585,95,495822,88.76154672395273,6
0.05,5586,95,495917,88.76266332557724,6
0.05,5587,95,496012,88.76377952755905,7
0.05,5588,94,496106,88.76471640722849,8
0.05,5589,94,496200,88.76565295169947,7
0.05,5590,93,496293,88.76641030227151,8
0.05,5591,96,496389,88.76770386266094,6
0.05,5592,93,496482,88.76846057571964,9
0.05,5593,93,496575,88.76921701823382,8
0.05,5594,96,496671,88.77050938337801,6
0.05,5595,94,496765,88.77144388849177,7
0.05,5596,96,496861,88.77273539396106,6
0.05,5597,96,496957,88.77402643801358,6
0.05,5598,94,497051,88.77495981425254,8
0.05,5599,94,497145,88.77589285714286,7
0.05,5600,94,497239,88.77682556686307,7
0.05,5601,94,497333,88.77775794359158,7
0.05,5602,96,497429,88.77904693913975,6
0.05,5603,96,497525,88.78033547466096,7
0.05,5604,92,497617,88.78090990187333,9
0.05,5605,95,497712,88.78201926507313,7
0.05,5606,94,497806,88.78294988407347,7
0.05,5607,93,497899,88.78370185449359,8
0.05,5608,21,497920,88.77161704403638,12
0.05,5609,96,498016,88.7729055258467,6
0.05,5610,95,498111,88.77401532703618,6
0.05,5611,96,498207,88.77530292230934,6
0.05,5612,94,498301,88.77623374309638,7
0.05,5613,94,498395,88.77716423227645,7
0.05,5614,94,498489,88.77809439002671,7
0.05,5615,93,498582,88.77884615384616,8
0.05,5616,95,498677,88.77995371194588,6
0.05,5617,96,498773,88.7812388750445,6
0.05,5618,96,498869,88.78252358070831,6
0.05,5619,94,498963,88.78345195729537,8
0.05,5620,94,499057,88.78438000355808,7
0.05,5621,92,499149,88.78495197438635,9
0.05,5622,93,499242,88.785701582785,8
0.05,5623,91,499333,88.78609530583215,10
0.05,5624,94,499427,88.78702222222222,7
0.05,5625,95,499522,88.78812655527906,6
0.05,5626,94,499616,88.78905278123334,7
0.05,5627,95,499711,88.79015636105188,7
0.05,5628,89,499800,88.79019364007817,12
0.05,5629,94,499894,88.7911190053286,7
0.05,5630,94,499988,88.79204404191086,7
0.05,5631,95,500083,88.79314630681819,6
0.05,5632,94,500177,88.79407065506835,7
0.05,5633,94,500271,88.79499467518637,7
0.05,5634,27,500298,88.78402839396628,6
0.05,5635,26,500324,88.77288857345636,6
0.05,5636,92,500416,88.77346106084796,9
0.05,5637,95,500511,88.77456544874069,6
0.05,5638,94,500605,88.77549210852987,7
0.05,5639,94,500699,88.77641843971631,7
0.05,5640,96,500795,88.77769898954087,6
0.05,5641,95,500890,88.77880184331798,6
0.05,5642,94,500984,88.77972709551656,7
0.05,5643,91,501075,88.78012048192771,10
0.05,5644,94,501169,88.78104517271922,8
0.05,5645,94,501263,88.78196953595466,7
0.05,5646,94,501357,88.78289357180805,7
0.05,5647,94,501451,88.78381728045326,7
0.05,5648,94,501545,88.78474066206408,7
0.05,5649,92,501637,88.78530973451328,9
0.05,5650,96,501733,88.78658644487702,6
0.05,5651,91,501824,88.7869780608634,10
0.05,5652,95,501919,88.7880771271891,7
0.05,5653,91,502010,88.78846834099753,10
0.05,5654,95,502105,88.789566755084,6
0.05,5655,92,502197,88.79013437057992,10
0.05,5656,93,502290,88.79087855753933,8
0.05,5657,96,502386,88.79215270413573,6
0.05,5658,94,502480,88.79307298109207,7
0.05,5659,94,502574,88.7939929328622,7
0.05,5660,93,502667,88.79473591238298,8
0.05,5661,94,502761,88.79565524549629,8
0.05,5662,94,502855,88.79657425392901,7
0.05,5663,95,502950,88.79766949152543,6
0.05,5664,92,503042,88.7982347749338,9
0.05,5665,90,503132,88.79844687610307,11
0.05,5666,91,503223,88.79883536262572,11
0.05,5667,94,503317,88.79975299929428,7
0.05,5668,94,503411,88.80067031222438,7
0.05,5669,94,503505,88.8015873015873,7
0.05,5670,25,503530,88.79033680126962,8
0.05,5671,95,503625,88.79143159379407,6
0.05,5672,93,503718,88.79217345319937,8
0.05,5673,94,503812,88.79309129362002,7
0.05,5674,96,503908,88.79436123348017,6
0.05,5675,94,504002,88.7952783650458,7
0.05,5676,96,504098,88.79654747225648,6
0.05,5677,27,504125,88.78566396618528,6
0.05,5678,94,504219,88.78658214474379,7
0.05,5679,93,504312,88.78732394366197,8
0.05,5680,94,504406,88.78824150677697,8
0.05,5681,93,504499,88.78898275255192,8
0.05,5682,96,504595,88.79025162766145,6
0.05,5683,96,504691,88.79152005629838,6
0.05,5684,95,504786,88.79261213720316,6
0.05,5685,89,504875,88.79264861062258,12
0.05,5686,93,504968,88.79338842975207,8
0.05,5687,94,505062,88.79430379746836,7
0.05,5688,94,505156,88.79521884338196,7
0.05,5689,89,505245,88.79525483304042,12
0.05,5690,93,505338,88.79599367422246,8
0.05,5691,95,505433,88.79708362614195,6
0.05,5692,91,505524,88.79747057790269,10
0.05,5693,90,505614,88.79768177028451,11
0.05,5694,96,505710,88.79894644424934,6
0.05,5695,95,505805,88.80003511235955,6
0.05,5696,92,505897,88.80059680533614,10
0.05,5697,96,505993,88.8018603018603,6
0.05,5698,94,506087,88.80277241621337,7
0.05,5699,96,506183,88.8040350877193,6
0.05,5700,96,506279,88.80529731626031,6
0.05,5701,92,506371,88.80585759382673,9
0.05,5702,96,506467,88.80711906014379,6
0.05,5703,94,506561,88.80802945301542,8
0.05,5704,95,506656,88.8091148115688,7
0.05,5705,93,506749,88.80984928145811,8
0.05,5706,95,506844,88.81093394077449,7
0.05,5707,94,506938,88.81184302733006,7
0.05,5708,95,507033,88.81292695743562,6
0.05,5709,96,507129,88.81418563922942,6
0.05,5710,93,507222,88.81491857818246,8
0.05,5711,93,507315,88.8156512605042,8
0.05,5712,94,507409,88.81655872571328,8
0.05,5713,96,507505,88.81781589079453,6
0.05,5714,94,507599,88.81872265966754,7
0.05,5715,91,507690,88.81910426871939,10
0.05,5716,96,507786,88.8203603288438,6
0.05,5717,22,507808,88.80867436166491,10
0.05,5718,96,507904,88.80993180625984,6
0.05,5719,95,507999,88.81101398601399,6
0.05,5720,92,508091,88.81157140360077,9
0.05,5721,93,508184,88.81230339042293,8
0.05,5722,93,508277,88.81303512143981,8
0.05,5723,95,508372,88.81411600279525,6
0.05,5724,96,508468,88.8153711790393,6
0.05,5725,96,508564,88.81662591687042,6
0.05,5726,95,508659,88.8177056050288,6
0.05,5727,96,508755,88.8189594972067,6
0.05,5728,94,508849,88.81986385058474,7
0.05,5729,96,508945,88.82111692844677,6
0.05,5730,94,509039,88.82202058977491,7
0.05,5731,94,509133,88.82292393579903,7
0.05,5732,94,509227,88.82382696668411,7
0.05,5733,95,509322,88.82490408092082,6
0.05,5734,91,509413,88.82528334786399,10
0.05,5735,94,509507,88.82618549511855,7
0.05,5736,94,509601,88.82708732787171,7
0.05,5737,95,509696,88.82816312303939,6
0.05,5738,94,509790,88.82906429691585,7
0.05,5739,96,509886,88.83031358885017,6
0.05,5740,94,509980,88.8312140742031,7
0.05,5741,94,510074,88.83211424590735,7
0.05,5742,90,510164,88.8323176040397,12
0.05,5743,90,510254,88.83252089136491,11
0.05,5744,94,510348,88.83342036553525,7
0.05,5745,96,510444,88.8346675948486,6
0.05,5746,94,510538,88.83556638246041,7
0.05,5747,95,510633,88.8366388308977,6
0.05,5748,94,510727,88.83753696295008,8
0.05,5749,95,510822,88.83860869565217,6
0.05,5750,94,510916,88.8395061728395,7
0.05,5751,94,511010,88.8404033379694,7
0.05,5752,93,511103,88.84112636885104,8
0.05,5753,93,511196,88.84184914841849,8
0.05,5754,94,511290,88.84274543874892,7
0.05,5755,90,511380,88.84294649061849,11
0.05,5756,93,511473,88.84366857738405,8
0.05,5757,95,511568,88.84473775616533,7
0.05,5758,90,511658,88.84493835735371,11
0.05,5759,94,511752,88.84583333333333,7
0.05,5760,92,511844,88.8463808366603,9
0.05,5761,95,511939,88.84744880249913,7
0.05,5762,93,512032,88.84816935623807,8
0.05,5763,22,512054,88.83657182512144,10
0.05,5764,96,512150,88.83781439722463,6
0.05,5765,95,512245,88.83888310787374,8
0.05,5766,96,512341,88.84012484827467,6
0.05,5767,94,512435,88.84101941747574,7
0.05,5768,96,512531,88.84226035708095,6
0.05,5769,93,512624,88.84298093587522,8
0.05,5770,95,512719,88.84404782533356,6
0.05,5771,93,512812,88.84476784476784,8
0.05,5772,93,512905,88.84548761475835,8
0.05,5773,93,512998,88.84620713543471,8
0.05,5774,89,513087,88.84623376623377,12
0.05,5775,95,513182,88.84729916897507,6
0.05,5776,94,513276,88.84819110264843,7
0.05,5777,95,513371,88.84925579785393,6
0.05,5778,94,513465,88.85014708427063,7
0.05,5779,92,513557,88.85069204152249,9
0.05,5780,94,513651,88.85158277114687,7
0.05,5781,95,513746,88.85264614320305,6
0.05,5782,93,513839,88.85336330624243,8
0.05,5783,93,513932,88.85408022130014,8
0.05,5784,92,514024,88.85462402765774,9
0.05,5785,93,514117,88.85534047701348,8
0.05,5786,93,514210,88.85605667876274,8
0.05,5787,93,514303,88.85677263303387,8
0.05,5788,92,514395,88.85731559854898,9
0.05,5789,94,514489,88.85820379965458,7
0.05,5790,94,514583,88.85909169400794,7
0.05,5791,93,514676,88.85980662983425,8
0.05,5792,94,514770,88.86069394096323,8
0.05,5793,91,514861,88.86106316879531,10
0.05,5794,95,514956,88.86212251941329,6
0.05,5795,95,515051,88.86318150448585,6
0.05,5796,94,515145,88.86406762118337,7
0.05,5797,94,515239,88.864953432218,7
0.05,5798,92,515331,88.8654940506984,10
0.05,5799,96,515427,88.86672413793103,6
0.05,5800,93,515520,88.86743664885364,8
0.05,5801,94,515614,88.86832126852809,7
0.05,5802,96,515710,88.86955023263829,6
0.05,5803,90,515800,88.8697450034459,11
0.05,5804,96,515896,88.87097329888027,6
0.05,5805,24,515920,88.85980020668275,8
0.05,5806,94,516014,88.86068537971414,8
0.05,5807,94,516108,88.86157024793388,7
0.05,5808,95,516203,88.86262695816836,6
0.05,5809,96,516299,88.86385542168675,6
0.05,5810,96,516395,88.8650834623989,6
0.05,5811,94,516489,88.86596696490021,7
0.05,5812,92,516581,88.86650610700154,9
0.05,5813,89,516670,88.86652906776746,12
0.05,5814,95,516765,88.86758383490972,6
0.05,5815,95,516860,88.86863823933976,6
0.05,5816,93,516953,88.86934846140622,8
0.05,5817,96,517049,88.87057408044001,6
0.05,5818,95,517144,88.87162742739302,6
0.05,5819,92,517236,88.8721649484536,9
0.05,5820,96,517332,88.8733894519842,6
0.05,5821,96,517428,88.87461353486775,6
0.05,5822,94,517522,88.8754937317534,7
0.05,5823,96,517618,88.87671703296704,6
0.05,5824,93,517711,88.87742489270386,8
0.05,5825,96,517807,88.87864744249914,6
0.05,5826,95,517902,88.87969795778274,7
0.05,5827,93,517995,88.88040494166094,8
0.05,5828,96,518091,88.8816263510036,6
0.05,5829,92,518183,88.88216123499143,9
0.05,5830,96,518279,88.88338192419825,6
0.05,5831,94,518373,88.88425925925925,7
0.05,5832,93,518466,88.88496485513458,8
0.05,5833,93,518559,88.88567020911896,8
0.05,5834,94,518653,88.88654670094259,7
0.05,5835,95,518748,88.88759424263193,6
0.05,5836,96,518844,88.88881274627377,6
0.05,5837,92,518936,88.88934566632409,9
0.05,5838,92,519028,88.88987840383628,9
0.05,5839,95,519123,88.89092465753424,6
0.05,5840,94,519217,88.89179934942646,7
0.05,5841,93,519310,88.89250256761383,8
0.05,5842,95,519405,88.89354783501626,6
0.05,5843,94,519499,88.89442162902122,7
0.05,5844,96,519595,88.8956372968349,6
0.05,5845,92,519687,88.89616832021895,10
0.05,5846,95,519782,88.89721224559604,6
0.05,5847,95,519877,88.89825581395348,6
0.05,5848,21,519898,88.88664729013506,12
0.05,5849,90,519988,88.8868376068376,11
0.05,5850,94,520082,88.8877115023073,7
0.05,5851,96,520178,88.88892686261107,6
0.05,5852,90,520268,88.88911669229455,11
0.05,5853,96,520364,88.89033139733516,6
0.05,5854,96,520460,88.89154568744662,6
0.05,5855,96,520556,88.89275956284153,6
0.05,5856,95,520651,88.89380228786068,6
0.05,5857,95,520746,88.89484465687949,6
0.05,5858,93,520839,88.89554531490015,8
0.05,5859,25,520864,88.88464163822526,7
0.05,5860,90,520954,88.88483193994199,11
0.05,5861,94,521048,88.88570453770045,8
0.05,5862,96,521144,88.8869179600887,6
0.05,5863,95,521239,88.88796043656207,7
0.05,5864,94,521333,88.88883205456095,7
0.05,5865,93,521426,88.88953290146607,8
0.05,5866,94,521520,88.89040395432077,7
0.05,5867,95,521615,88.8914451261077,6
0.05,5868,94,521709,88.89231555631282,7
0.05,5869,95,521804,88.89335604770017,6
0.05,5870,90,521894,88.89354454096406,11
0.05,5871,93,521987,88.8942438692098,8
0.05,5872,91,522078,88.89460241784437,10
0.05,5873,94,522172,88.89547156962887,7
0.05,5874,92,522264,88.896,9
0.05,5875,95,522359,88.89703880190606,6
0.05,5876,94,522453,88.89790709545687,8
0.05,5877,94,522547,88.89877509356924,8
0.05,5878,93,522640,88.89947269943868,8
0.05,5879,95,522735,88.90051020408163,7
0.05,5880,95,522830,88.90154735589185,6
0.05,5881,93,522923,88.90224413464807,8
0.05,5882,91,523014,88.90260071392147,10
0.05,5883,94,523108,88.90346702923182,7
0.05,5884,94,523202,88.90433305012745,7
0.05,5885,93,523295,88.9050288820931,8
0.05,5886,93,523388,88.90572447766264,9
0.05,5887,95,523483,88.90675951086956,7
0.05,5888,96,523579,88.90796400067923,6
0.05,5889,93,523672,88.90865874363328,9
0.05,5890,93,523765,88.90935325072144,8
0.05,5891,94,523859,88.9102172437203,8
0.05,5892,94,523953,88.91108094349228,7
0.05,5893,93,524046,88.91177468612148,8
0.05,5894,94,524140,88.91263782866837,7
0.05,5895,94,524234,88.91350067842605,7
0.05,5896,91,524325,88.9138545022893,10
0.05,5897,94,524419,88.91471685317056,7
0.05,5898,96,524515,88.91591795219529,6
0.05,5899,95,524610,88.91694915254237,7
0.05,5900,96,524706,88.91814946619218,6
0.05,5901,92,524798,88.91867163673331,9
0.05,5902,95,524893,88.91970184651872,6
0.05,5903,96,524989,88.92090108401084,6
0.05,5904,96,525085,88.922099915326,6
0.05,5905,95,525180,88.92312902133423,6
0.05,5906,94,525274,88.9239884882343,7
0.05,5907,94,525368,88.92484766418416,7
0.05,5908,94,525462,88.92570654933152,8
0.05,5909,89,525551,88.92571912013537,13
0.05,5910,25,525576,88.91490441549654,8
0.05,5911,95,525671,88.91593369418132,6
0.05,5912,94,525765,88.9167935058346,7
0.05,5913,93,525858,88.91748393642204,8
0.05,5914,93,525951,88.91817413355875,8
0.05,5915,94,526045,88.91903313049357,7
0.05,5916,91,526136,88.91938482339023,10
0.05,5917,96,526232,88.9205812774586,6
0.05,5918,91,526323,88.92093258996452,10
0.05,5919,27,526350,88.91047297297297,6
0.05,5920,94,526444,88.91133254517818,7
0.05,5921,94,526538,88.91219182708545,8
0.05,5922,96,526634,88.91338848556475,6
0.05,5923,93,526727,88.91407832545578,8
0.05,5924,95,526822,88.91510548523206,6
0.05,5925,92,526914,88.91562605467432,9
0.05,5926,93,527007,88.91631516787582,9
0.05,5927,94,527101,88.91717273954116,8
0.05,5928,91,527192,88.91752403440715,10
0.05,5929,94,527286,88.91838111298482,7
0.05,5930,95,527381,88.91940650817737,6
0.05,5931,93,527474,88.92009440323669,8
0.05,5932,94,527568,88.9209506152031,7
0.05,5933,96,527664,88.9221435793731,6
0.05,5934,92,527756,88.92266217354675,9
0.05,5935,94,527850,88.92351752021564,7
0.05,5936,95,527945,88.92454101398012,6
0.05,5937,94,528039,88.92539575614686,7
0.05,5938,95,528134,88.92641858898804,6
0.05,5939,95,528229,88.92744107744107,6
0.05,5940,94,528323,88.92829489984851,7
0.05,5941,91,528414,88.9286435543588,10
0.05,5942,94,528508,88.92949688709406,7
0.05,5943,93,528601,88.93018169582773,8
0.05,5944,95,528696,88.93120269133726,6
0.05,5945,20,528716,88.9196098217289,12
0.05,5946,94,528810,88.920464099546,8
0.05,5947,94,528904,88.92131809011433,7
0.05,5948,94,528998,88.92217179357876,7
0.05,5949,96,529094,88.92336134453781,6
0.05,5950,94,529188,88.92421441774492,8
0.05,5951,93,529281,88.92489919354838,8
0.05,5952,92,529373,88.9254157567613,9
0.05,5953,92,529465,88.92593214645616,9
0.05,5954,95,529560,88.92695214105794,7
0.05,5955,96,529656,88.92813969106783,6
0.05,5956,91,529747,88.92848749370488,10
0.05,5957,96,529843,88.92967438737831,6
0.05,5958,94,529937,88.93052525591543,7
0.05,5959,93,530030,88.93120805369128,8
0.05,5960,94,530124,88.93205837946653,7
0.05,5961,95,530219,88.93307614894331,6
0.05,5962,92,530311,88.93359047459333,9
0.05,5963,95,530406,88.93460764587525,6
0.05,5964,92,530498,88.93512154233026,9
0.05,5965,93,530591,88.93580288300369,8
0.05,5966,95,530686,88.93681917211329,6
0.05,5967,93,530779,88.9375,8
0.05,5968,95,530874,88.93851566426537,6
0.05,5969,95,530969,88.93953098827471,6
0.05,5970,93,531062,88.94021101992966,9
0.05,5971,92,531154,88.94072337575352,10
0.05,5972,94,531248,88.94157040013394,7
0.05,5973,92,531340,88.94208235687981,9
0.05,5974,89,531429,88.94209205020921,12
0.05,5975,96,531525,88.94327309236948,6
0.05,5976,88,531613,88.94311527522169,13
0.05,5977,94,531707,88.9439611910338,8
0.05,5978,95,531802,88.94497407593244,6
0.05,5979,21,531823,88.93361204013378,11
0.05,5980,95,531918,88.93462631666945,6
0.05,5981,88,532006,88.93447007689736,15
0.05,5982,94,532100,88.93531673073709,7
0.05,5983,95,532195,88.93633021390374,6
0.05,5984,93,532288,88.93700918964076,9
0.05,5985,93,532381,88.93768793852323,8
0.05,5986,95,532476,88.93870051778855,6
0.05,5987,94,532570,88.93954575818303,7
0.05,5988,94,532664,88.94039071631325,7
0.05,5989,96,532760,88.9415692821369,6
0.05,5990,95,532855,88.94258053747288,6
0.05,5991,95,532950,88.9435914552737,6
0.05,5992,94,533044,88.9444351743701,7
0.05,5993,94,533138,88.94527861194528,7
0.05,5994,94,533232,88.94612176814012,7
0.05,5995,95,533327,88.9471314209473,7
0.05,5996,94,533421,88.9479739869935,7
0.05,5997,95,533516,88.94898299433144,6
0.05,5998,94,533610,88.94982497082847,8
0.05,5999,94,533704,88.95066666666666,7
0.05,6000,96,533800,88.95184135977337,6
0.05,6001,94,533894,88.95268243918694,8
0.05,6002,93,533987,88.95335665500583,9
0.05,6003,92,534079,88.95386409060626,9
0.05,6004,27,534106,88.94354704412989,6
0.05,6005,94,534200,88.94438894438895,7
0.05,6006,94,534294,88.9452305643416,7
0.05,6007,94,534388,88.94607190412783,7
0.05,6008,94,534482,88.9469129638875,7
0.05,6009,95,534577,88.94792013311148,6
0.05,6010,88,534665,88.94776243553486,13
0.05,6011,96,534761,88.94893546240851,6
0.05,6012,93,534854,88.94960918010976,8
0.05,6013,95,534949,88.95061523112737,6
0.05,6014,93,535042,88.95128844555279,8
0.05,6015,94,535136,88.95212765957447,7
0.05,6016,93,535229,88.95280039886987,8
0.05,6017,94,535323,88.95363908275175,7
0.05,6018,95,535418,88.95464362850971,6
0.05,6019,92,535510,88.95514950166113,10
0.05,6020,91,535601,88.9554891214084,10
0.05,6021,95,535696,88.95649285951511,6
0.05,6022,96,535792,88.9576622945376,6
0.05,6023,94,535886,88.95849933598937,7
0.05,6024,27,535913,88.94821576763485,6
0.05,6025,94,536007,88.94905409890475,7
0.05,6026,94,536101,88.94989215198274,8
0.05,6027,91,536192,88.95023224950232,10
0.05,6028,95,536287,88.95123569414497,7
0.05,6029,95,536382,88.95223880597015,6
0.05,6030,96,536478,88.95340739512518,6
0.05,6031,94,536572,88.95424403183024,7
0.05,6032,93,536665,88.95491463616774,8
0.05,6033,96,536761,88.95608220086179,6
0.05,6034,93,536854,88.95675227837614,8
0.05,6035,88,536942,88.95659377070908,13
0.05,6036,93,537035,88.95726354149411,8
0.05,6037,96,537131,88.95842994368996,6
0.05,6038,91,537222,88.95876800794834,11
0.05,6039,95,537317,88.95976821192053,6
0.05,6040,96,537413,88.96093362026154,6
0.05,6041,94,537507,88.9617676266137,7
0.05,6042,95,537602,88.96276683766341,6
0.05,6043,95,537697,88.9637657180675,6
0.05,6044,93,537790,88.96443341604632,8
0.05,6045,93,537883,88.9651008931525,8
0.05,6046,94,537977,88.96593352075409,7
0.05,6047,24,538001,88.9551917989418,8
0.05,6048,91,538092,88.95552983964292,10
0.05,6049,95,538187,88.95652892561984,6
0.05,6050,94,538281,88.9573624194348,7
0.05,6051,94,538375,88.95819563780569,7
0.05,6052,94,538469,88.95902858086899,7
0.05,6053,92,538561,88.95953088866865,9
0.05,6054,94,538655,88.96036333608588,7
0.05,6055,94,538749,88.96119550858653,8
0.05,6056,95,538844,88.9621925045402,6
0.05,6057,96,538940,88.9633542423242,6
0.05,6058,96,539036,88.9645155966331,6
0.05,6059,95,539131,88.96551155115512,7
0.05,6060,93,539224,88.9661771984821,8
0.05,6061,94,539318,88.9670075882547,8
0.05,6062,92,539410,88.96750783440541,9
0.05,6063,94,539504,88.96833773087072,7
0.05,6064,96,539600,88.96949711459192,6
0.05,6065,95,539695,88.97049126277614,6
0.05,6066,92,539787,88.97099060491182,9
0.05,6067,94,539881,88.97181938035597,7
0.05,6068,93,539974,88.97248311089142,8
0.05,6069,96,540070,88.97364085667216,6
0.05,6070,94,540164,88.97446878603195,8
0.05,6071,95,540259,88.97546113306983,6
0.05,6072,94,540353,88.97628849003787,7
0.05,6073,94,540447,88.97711557458018,7
0.05,6074,96,540543,88.97827160493827,6
0.05,6075,92,540635,88.97876892692561,9
0.05,6076,93,540728,88.97943064011848,8
0.05,6077,93,540821,88.98009213557091,8
0.05,6078,94,540915,88.98091791413061,7
0.05,6079,96,541011,88.98207236842106,6
0.05,6080,93,541104,88.98273310310805,8
0.05,6081,96,541200,88.98388687931602,6
0.05,6082,90,541290,88.98405392076278,12
0.05,6083,26,541316,88.97370151216305,8
0.05,6084,94,541410,88.97452752670502,7
0.05,6085,90,541500,88.97469602366085,11
0.05,6086,96,541596,88.97585017249877,6
0.05,6087,93,541689,88.9765111695138,8
0.05,6088,24,541713,88.96584003941534,8
0.05,6089,94,541807,88.96666666666667,7
0.05,6090,93,541900,88.96732884583813,8
0.05,6091,94,541994,88.96815495732108,7
0.05,6092,96,542090,88.96930904316429,6
0.05,6093,93,542183,88.96997046275024,8
0.05,6094,96,542279,88.97112387202625,6
0.05,6095,94,542373,88.97194881889764,7
0.05,6096,96,542469,88.97310152534033,6
0.05,6097,93,542562,88.97376188914399,8
0.05,6098,96,542658,88.9749139203148,6
0.05,6099,95,542753,88.97590163934426,6
0.05,6100,94,542847,88.97672512702836,7
0.05,6101,94,542941,88.97754834480499,8
0.05,6102,96,543037,88.97869900049156,6
0.05,6103,95,543132,88.97968545216251,6
0.05,6104,95,543227,88.98067158067158,6
0.05,6105,94,543321,88.98149361283983,7
0.05,6106,95,543416,88.98247912231865,6
0.05,6107,93,543509,88.98313686967911,8
0.05,6108,96,543605,88.9842854804387,6
0.05,6109,91,543696,88.98461538461538,10
0.05,6110,95,543791,88.98559973817706,6
0.05,6111,93,543884,88.98625654450262,8
0.05,6112,96,543980,88.98740389334206,6
0.05,6113,96,544076,88.98855086686294,6
0.05,6114,87,544163,88.98822567457073,14
0.05,6115,91,544254,88.98855461085677,10
0.05,6116,94,544348,88.98937387608305,7
0.05,6117,94,544442,88.99019287348807,7
0.05,6118,93,544535,88.99084817780682,8
0.05,6119,94,544629,88.99166666666666,8
0.05,6120,23,544652,88.98088547622937,9
0.05,6121,93,544745,88.98154197974519,8
0.05,6122,94,544839,88.98236158745713,7
0.05,6123,94,544933,88.98318092749837,7
0.05,6124,93,545026,88.98383673469388,8
0.05,6125,94,545120,88.98465556643814,7
0.05,6126,94,545214,88.98547413089604,7
0.05,6127,94,545308,88.98629242819844,8
0.05,6128,92,545400,88.98678414096916,9
0.05,6129,96,545496,88.9879282218597,6
0.05,6130,91,545587,88.98825640189203,10
0.05,6131,89,545676,88.98825831702544,13
0.05,6132,22,545698,88.97733572476766,10
0.05,6133,94,545792,88.97815454841864,8
0.05,6134,92,545884,88.97864710676447,9
0.05,6135,95,545979,88.97962842242504,6
0.05,6136,96,546075,88.9807723643474,6
0.05,6137,93,546168,88.98142717497556,8
0.05,6138,94,546262,88.98224466525492,7
0.05,6139,94,546356,88.98306188925082,8
0.05,6140,27,546383,88.97296857189383,6
0.05,6141,93,546476,88.97362422663628,8
0.05,6142,92,546568,88.97411688100277,11
0.05,6143,94,546662,88.97493489583333,7
0.05,6144,89,546751,88.97493897477624,12
0.05,6145,95,546846,88.9759192971038,6
0.05,6146,88,546934,88.97576053359363,13
0.05,6147,92,547026,88.97625243981783,9
0.05,6148,95,547121,88.97723207025533,6
0.05,6149,93,547214,88.9778861788618,8
0.05,6150,94,547308,88.97870264997562,7
0.05,6151,94,547402,88.97951885565669,7
0.05,6152,95,547497,88.98049731838128,6
0.05,6153,93,547590,88.98115047123822,8
0.05,6154,90,547680,88.98131600324939,11
0.05,6155,92,547772,88.98180636777128,9
0.05,6156,92,547864,88.98229657300634,9
0.05,6157,96,547960,88.98343618057811,6
0.05,6158,93,548053,88.98408832602695,8
0.05,6159,91,548144,88.98441558441559,10
0.05,6160,95,548239,88.98539198182114,6
0.05,6161,96,548335,88.98653034728984,6
0.05,6162,93,548428,88.98718156741846,8
0.05,6163,92,548520,88.9876703439325,9
0.05,6164,95,548615,88.98864557988645,6
0.05,6165,94,548709,88.98945831981835,7
0.05,6166,94,548803,88.99027079617318,8
0.05,6167,94,548897,88.99108300907912,7
0.05,6168,-47,548850,88.96903874209758,11
0.05,6169,94,548944,88.96985413290113,7
0.05,6170,92,549036,88.97034516285854,9
0.05,6171,95,549131,88.97132209980558,6
0.05,6172,95,549226,88.97229872023327,6
0.05,6173,94,549320,88.97311305474571,8
0.05,6174,92,549412,88.9736032388664,9
0.05,6175,96,549508,88.97474093264249,6
0.05,6176,94,549602,88.97555447628298,8
0.05,6177,95,549697,88.97652962123665,7
0.05,6178,88,549785,88.976371581162,13
0.05,6179,94,549879,88.97718446601942,7
0.05,6180,95,549974,88.97815887396861,6
0.05,6181,93,550067,88.97880944678097,8
0.05,6182,95,550162,88.97978327672651,7
0.05,6183,96,550258,88.98091849935317,6
0.05,6184,96,550354,88.98205335489087,6
0.05,6185,94,550448,88.98286453281604,7
0.05,6186,94,550542,88.9836754485211,7
0.05,6187,92,550634,88.9841628959276,10
0.05,6188,94,550728,88.98497333979641,7
0.05,6189,27,550755,88.97495961227787,6
0.05,6190,94,550849,88.97577128089162,7
0.05,6191,96,550945,88.97690568475453,6
0.05,6192,95,551040,88.97787824963669,8
0.05,6193,96,551136,88.97901194704552,6
0.05,6194,95,551231,88.97998385794996,6
0.05,6195,94,551325,88.98079406068432,7
0.05,6196,94,551419,88.98160400193642,7
0.05,6197,95,551514,88.98257502420135,6
0.05,6198,96,551610,88.98370704952411,6
0.05,6199,96,551706,88.98483870967742,6
0.05,6200,95,551801,88.98580874052573,6
0.05,6201,92,551893,88.98629474363109,9
0.05,6202,94,551987,88.98710301467032,8
0.05,6203,94,552081,88.98791102514507,7
0.05,6204,93,552174,88.98855761482675,8
0.05,6205,93,552267,88.98920399613277,8
0.05,6206,95,552362,88.99017238601579,6
0.05,6207,96,552458,88.99130154639175,6
0.05,6208,94,552552,88.99210822998873,8
0.05,6209,89,552641,88.99210950080516,12
0.05,6210,-46,552595,88.97037514087909,10
0.05,6211,23,552618,88.95975531229878,9
0.05,6212,94,552712,88.96056655399968,7
0.05,6213,94,552806,88.9613775345993,7
0.05,6214,95,552901,88.96234915526951,7
0.05,6215,95,552996,88.96332046332046,6
0.05,6216,94,553090,88.96413060961879,7
0.05,6217,95,553185,88.965101318752,6
0.05,6218,94,553279,88.96591091815404,7
0.05,6219,96,553375,88.96704180064309,6
0.05,6220,93,553468,88.9676900819804,8
0.05,6221,96,553564,88.96882031501126,6
0.05,6222,94,553658,88.96962879640046,7
0.05,6223,92,553750,88.97011568123393,9
0.05,6224,92,553842,88.97060240963856,9
0.05,6225,93,553935,88.97124959845807,8
0.05,6226,93,554028,88.97189657941223,8
0.05,6227,93,554121,88.97254335260115,8
0.05,6228,92,554213,88.97302937871247,9
0.05,6229,96,554309,88.97415730337079,6
0.05,6230,94,554403,88.97496389022629,7
0.05,6231,94,554497,88.9757702182285,7
0.05,6232,94,554591,88.976576287502,7
0.05,6233,94,554685,88.97738209817132,7
0.05,6234,96,554781,88.9785084202085,6
0.05,6235,94,554875,88.97931366260423,7
0.05,6236,94,554969,88.98011864678531,7
0.05,6237,92,555061,88.98060275729401,9
0.05,6238,88,555149,88.98044558422824,13
0.05,6239,95,555244,88.98141025641026,6
0.05,6240,94,555338,88.98221438871975,7
0.05,6241,93,555431,88.98285805831465,8
0.05,6242,91,555522,88.98318116290245,10
0.05,6243,92,555614,88.98366431774504,9
0.05,6244,94,555708,88.98446757405925,7
0.05,6245,94,555802,88.98527057316683,7
0.05,6246,94,555896,88.98607331519129,8
0.05,6247,93,555989,88.98671574903969,8
0.05,6248,92,556081,88.98719795167227,9
0.05,6249,93,556174,88.98784,8
0.05,6250,94,556268,88.98864181730923,7
0.05,6251,96,556364,88.98976327575176,6
0.05,6252,93,556457,88.99040460578922,8
0.05,6253,96,556553,88.99152542372882,6
0.05,6254,92,556645,88.99200639488409,9
0.05,6255,94,556739,88.99280690537084,7
0.05,6256,95,556834,88.9937669809813,6
0.05,6257,93,556927,88.9944071588367,8
0.05,6258,23,556950,88.9838632369388,9
0.05,6259,94,557044,88.98466453674122,7
0.05,6260,96,557140,88.98578501836768,6
0.05,6261,93,557233,88.98642606196104,8
0.05,6262,21,557254,88.97557081270956,11
0.05,6263,95,557349,88.9765325670498,6
0.05,6264,95,557444,88.97749401436552,6
0.05,6265,96,557540,88.9786147462496,6
0.05,6266,94,557634,88.97941598851125,7
0.05,6267,94,557728,88.98021697511167,7
0.05,6268,94,557822,88.98101770617323,7
0.05,6269,93,557915,88.98165869218501,9
0.05,6270,94,558009,88.98245893796843,7
0.05,6271,94,558103,88.98325892857143,7
0.05,6272,96,558199,88.98437749083374,6
0.05,6273,94,558293,88.9851769206248,7
0.05,6274,89,558382,88.98517928286853,12
0.05,6275,94,558476,88.9859783301466,7
0.05,6276,91,558567,88.98629918750996,10
0.05,6277,93,558660,88.98693851545077,8
0.05,6278,94,558754,88.98773690078038,7
0.05,6279,24,558778,88.97738853503185,9
0.05,6280,94,558872,88.9781881865945,7
0.05,6281,94,558966,88.9789875835721,7
0.05,6282,90,559056,88.9791500875378,11
0.05,6283,90,559146,88.97931253978358,12
0.05,6284,94,559240,88.98011137629275,7
0.05,6285,94,559334,88.98090995863825,7
0.05,6286,27,559361,88.97105137585494,6
0.05,6287,94,559455,88.97185114503817,7
0.05,6288,88,559543,88.97169661313404,13
0.05,6289,94,559637,88.9724960254372,7
0.05,6290,95,559732,88.97345414083611,6
0.05,6291,93,559825,88.97409408773045,8
0.05,6292,94,559919,88.97489273796282,7
0.05,6293,91,560010,88.97521448999046,11
0.05,6294,92,560102,88.9756949960286,9
0.05,6295,96,560198,88.97681067344345,6
0.05,6296,94,560292,88.97760838494521,7
0.05,6297,94,560386,88.9784058431248,7
0.05,6298,96,560482,88.97952055881886,6
0.05,6299,92,560574,88.98,9
0.05,6300,96,560670,88.98111410887161,6
0.05,6301,94,560764,88.98191050460171,7
0.05,6302,92,560856,88.98238933841029,9
0.05,6303,95,560951,88.98334390862944,6
0.05,6304,90,561041,88.98350515463918,11
0.05,6305,94,561135,88.98430066603235,7
0.05,6306,95,561230,88.98525447915016,6
0.05,6307,95,561325,88.98620798985415,6
0.05,6308,93,561418,88.98684419083848,8
0.05,6309,95,561513,88.98779714738511,6
0.05,6310,96,561609,88.98890825542703,6
0.05,6311,93,561702,88.98954372623574,8
0.05,6312,88,561790,88.98938697924916,13
0.05,6313,21,561811,88.97861894203358,11
0.05,6314,95,561906,88.97957244655582,6
0.05,6315,93,561999,88.98020899303357,8
0.05,6316,94,562093,88.98100364096881,7
0.05,6317,94,562187,88.9817980373536,7
0.05,6318,95,562282,88.98275043519544,6
0.05,6319,96,562378,88.98386075949367,6
0.05,6320,92,562470,88.984337921215,9
0.05,6321,93,562563,88.98497310977538,9
0.05,6322,94,562657,88.98576625019768,7
0.05,6323,94,562751,88.98655913978494,8
0.05,6324,94,562845,88.98735177865612,7
0.05,6325,92,562937,88.9878280113816,9
0.05,6326,95,563032,88.98877825193615,6
0.05,6327,96,563128,88.98988621997472,6
0.05,6328,96,563224,88.99099383788908,6
0.05,6329,96,563320,88.99210110584518,6
0.05,6330,94,563414,88.99289211814879,7
0.05,6331,94,563508,88.99368288060644,7
0.05,6332,96,563604,88.99478919943155,6
0.05,6333,90,563694,88.99494790022104,11
0.05,6334,94,563788,88.99573796369377,7
0.05,6335,90,563878,88.99589646464646,11
0.05,6336,92,563970,88.99637052232917,9
0.05,6337,94,564064,88.99715998737773,7
0.05,6338,95,564159,88.99810695693327,6
0.05,6339,93,564252,88.998738170347,8
0.05,6340,89,564341,88.99873836934238,12
0.05,6341,91,564432,88.99905392620624,10
0.05,6342,92,564524,88.99952703767933,10
0.05,6343,96,564620,89.00063051702396,6
0.05,6344,92,564712,89.00110323089046,9
0.05,6345,94,564806,89.00189095493224,7
0.05,6346,92,564898,89.00236332125414,9
0.05,6347,94,564992,89.00315059861374,7
0.05,6348,95,565087,89.00409513309182,6
0.05,6349,93,565180,89.00472440944881,8
0.05,6350,92,565272,89.00519603212092,9
0.05,6351,95,565367,89.00613979848866,7
0.05,6352,96,565463,89.00724067369747,6
0.05,6353,94,565557,89.00802644003777,7
0.05,6354,94,565651,89.00881195908734,7
0.05,6355,93,565744,89.00943989930774,9
0.05,6356,-45,565699,88.98835928897279,9
0.05,6357,95,565794,88.98930481283422,6
0.05,6358,96,565890,88.99040729674478,6
0.05,6359,96,565986,88.99150943396226,6
0.05,6360,94,566080,88.99229680867788,7
0.05,6361,22,566102,88.98176674001886,11
0.05,6362,92,566194,88.98224108125098,9
0.05,6363,95,566289,88.98318667504714,6
0.05,6364,96,566385,88.98428908091124,6
0.05,6365,92,566477,88.98476280238768,9
0.05,6366,94,566571,88.98555049473849,7
0.05,6367,93,566664,88.98618090452261,8
0.05,6368,96,566760,88.98728214790391,6
0.05,6369,96,566856,88.98838304552591,6
0.05,6370,94,566950,88.98916967509025,7
0.05,6371,94,567044,88.98995605775266,7
0.05,6372,95,567139,88.99089910560176,7
0.05,6373,96,567235,88.99199874490117,6
0.05,6374,95,567330,88.9929411764706,6
0.05,6375,92,567422,88.99341279799248,9
0.05,6376,-46,567376,88.97224400188176,10
0.05,6377,95,567471,88.97318908748824,6
0.05,6378,94,567565,88.97397711240006,7
0.05,6379,93,567658,88.97460815047022,8
0.05,6380,96,567754,88.97570913649898,6
0.05,6381,90,567844,88.97586963334378,11
0.05,6382,92,567936,88.97634341218863,9
0.05,6383,96,568032,88.97744360902256,7
0.05,6384,95,568127,88.97838684416601,6
0.05,6385,93,568220,88.97901659880989,8
0.05,6386,93,568313,88.97964615625489,8
0.05,6387,90,568403,88.97980588603632,11
0.05,6388,94,568497,88.98059164188449,7
0.05,6389,93,568590,88.98122065727699,8
0.05,6390,91,568681,88.9815365357534,11
0.05,6391,92,568773,88.98200876095119,9
0.05,6392,88,568861,88.98185515407476,13
0.05,6393,95,568956,88.98279637159837,6
0.05,6394,95,569051,88.98373729476154,8
0.05,6395,94,569145,88.98452157598499,8
0.05,6396,94,569239,88.98530561200563,7
0.05,6397,91,569330,88.98562050640825,10
0.05,6398,96,569426,88.98671667448039,6
0.05,6399,94,569520,88.9875,8
0.05,6400,96,569616,88.98859553194814,6
0.05,6401,93,569709,88.9892221180881,8
0.05,6402,94,569803,88.99000468530376,7
0.05,6403,91,569894,88.99031855090568,10
0.05,6404,94,569988,88.99110070257612,7
0.05,6405,95,570083,88.9920387137059,6
0.05,6406,94,570177,88.99282035273919,7
0.05,6407,91,570268,88.99313358302122,10
0.05,6408,94,570362,88.99391480730223,7
0.05,6409,96,570458,88.99500780031201,6
0.05,6410,94,570552,88.99578848853533,7
0.05,6411,94,570646,88.99656893325016,7
0.05,6412,96,570742,88.99766100109153,6
0.05,6413,94,570836,88.99844091050826,7
0.05,6414,94,570930,88.99922057677318,7
0.05,6415,95,571025,89.00015586034912,6
0.05,6416,93,571118,89.00077918030232,8
0.05,6417,92,571210,89.00124649423496,9
0.05,6418,94,571304,89.00202523757595,8
0.05,6419,94,571398,89.00280373831775,7
0.05,6420,95,571493,89.0037377355552,6
0.05,6421,92,571585,89.00420429772656,9
0.05,6422,92,571677,89.00467071461934,9
0.05,6423,93,571770,89.00529265255292,9
0.05,6424,94,571864,89.00607003891051,7
0.05,6425,96,571960,89.00715841892313,6
0.05,6426,94,572054,89.00793527306675,7
0.05,6427,94,572148,89.00871188550093,8
0.05,6428,94,572242,89.00948825633847,8
0.05,6429,93,572335,89.01010886469673,8
0.05,6430,94,572429,89.01088477686207,7
0.05,6431,96,572525,89.01197139303483,6
0.05,6432,95,572620,89.0129022229131,6
0.05,6433,95,572715,89.0138327634442,6
0.05,6434,96,572811,89.01491841491841,6
0.05,6435,92,572903,89.01538222498446,9
0.05,6436,92,572995,89.01584589094298,9
0.05,6437,94,573089,89.01662006834421,7
0.05,6438,95,573184,89.0175493088989,6
0.05,6439,89,573273,89.01754658385093,12
0.05,6440,94,573367,89.01832013662475,7
0.05,6441,96,573463,89.01940391182862,6
0.05,6442,95,573558,89.02033214341145,7
0.05,6443,90,573648,89.02048417132217,11
0.05,6444,94,573742,89.02125678820791,7
0.05,6445,96,573838,89.02233943530872,6
0.05,6446,94,573932,89.02311152474019,7
0.05,6447,21,573953,89.01256203473946,11
0.05,6448,94,574047,89.01333540083733,8
0.05,6449,94,574141,89.01410852713178,8
0.05,6450,88,574229,89.01395132537591,13
0.05,6451,95,574324,89.01487910725356,6
0.05,6452,93,574417,89.01549666821633,8
0.05,6453,96,574513,89.01657886581965,6
0.05,6454,27,574540,89.00697134004648,6
0.05,6455,94,574634,89.00774473358116,7
0.05,6456,94,574728,89.00851788756388,8
0.05,6457,92,574820,89.00898110870239,9
0.05,6458,91,574911,89.00928936367859,10
0.05,6459,25,574936,88.99938080495356,8
0.05,6460,95,575031,89.00030954960532,6
0.05,6461,94,575125,89.00108325595791,7
0.05,6462,94,575219,89.00185672288411,7
0.05,6463,92,575311,89.00232054455445,10
0.05,6464,23,575334,88.99211136890952,10
0.05,6465,95,575429,88.9930405196412,6
0.05,6466,91,575520,88.99335085820319,10
0.05,6467,96,575616,88.99443413729128,6
0.05,6468,94,575710,88.99520791466996,7
0.05,6469,92,575802,88.99567233384853,9
0.05,6470,96,575898,88.99675475197033,6
0.05,6471,93,575991,88.99737330037082,8
0.05,6472,95,576086,88.99830063340028,6
0.05,6473,95,576181,88.99922767995056,6
0.05,6474,94,576275,89.0,7
0.05,6475,93,576368,89.00061766522545,8
0.05,6476,92,576460,89.00108074725954,10
0.05,6477,92,576552,89.00154368632293,9
0.05,6478,92,576644,89.00200648248186,9
0.05,6479,91,576735,89.00231481481481,10
0.05,6480,94,576829,89.00308594352724,7
0.05,6481,22,576851,88.99274915149645,10
0.05,6482,94,576945,88.99352151781582,7
0.05,6483,90,577035,88.99367674275139,11
0.05,6484,96,577131,88.99475713184272,6
0.05,6485,91,577222,88.99506629663891,10
0.05,6486,94,577316,88.99583782950516,7
0.05,6487,94,577410,88.99660912453761,7
0.05,6488,95,577505,88.99753428879643,6
0.05,6489,94,577599,88.99830508474577,7
0.05,6490,96,577695,88.99938376213218,6
0.05,6491,96,577791,89.00046210720888,6
0.05,6492,95,577886,89.00138610811644,6
0.05,6493,90,577976,89.0015398829689,11
0.05,6494,94,578070,89.00230946882218,7
0.05,6495,92,578162,89.0027709359606,9
0.05,6496,96,578258,89.00384792981376,6
0.05,6497,92,578350,89.00430901815943,9
0.05,6498,94,578444,89.00507770426219,7
0.05,6499,94,578538,89.00584615384615,7
0.05,6500,96,578634,89.00692201199816,6
0.05,6501,94,578728,89.00768994155645,7
0.05,6502,94,578822,89.00845763493773,7
0.05,6503,94,578916,89.00922509225093,7
0.05,6504,94,579010,89.00999231360493,7
0.05,6505,94,579104,89.01075929910851,7
0.05,6506,92,579196,89.01121868756724,9
0.05,6507,94,579290,89.0119852489244,7
0.05,6508,94,579384,89.01275157474267,7
0.05,6509,94,579478,89.01351766513056,7
0.05,6510,94,579572,89.01428352019659,7
0.05,6511,-47,579525,88.99339680589681,10
0.05,6512,95,579620,88.9943190541993,6
0.05,6513,93,579713,88.99493398833282,8
0.05,6514,93,579806,88.99554873369148,8
0.05,6515,94,579900,88.9963167587477,7
0.05,6516,92,579992,88.9967776584318,9
0.05,6517,93,580085,88.99739183798711,8
0.05,6518,94,580179,88.99815922687529,7
0.05,6519,92,580271,88.99861963190185,9
0.05,6520,96,580367,88.99969329857385,6
0.05,6521,92,580459,89.00015332720025,9
0.05,6522,92,580551,89.00061321477848,9
0.05,6523,94,580645,89.00137952176578,8
0.05,6524,93,580738,89.00199233716475,8
0.05,6525,93,580831,89.00260496475636,8
0.05,6526,96,580927,89.00367703385935,6
0.05,6527,27,580954,88.99417892156863,6
0.05,6528,94,581048,88.99494562720172,7
0.05,6529,95,581143,88.995865237366,8
0.05,6530,94,581237,88.99663145000765,7
0.05,6531,91,581328,88.99693815064299,10
0.05,6532,94,581422,88.99770396448798,7
0.05,6533,94,581516,88.99846954392409,7
0.05,6534,94,581610,88.99923488905891,7
0.05,6535,18,581628,88.98837209302326,14
0.05,6536,93,581721,88.9889857732905,8
0.05,6537,95,581816,88.98990516977669,6
0.05,6538,96,581912,88.99097721364123,6
0.05,6539,91,582003,88.99128440366972,10
0.05,6540,95,582098,88.99220302706009,6
0.05,6541,25,582123,88.98242127789666,7
0.05,6542,93,582216,88.98303530490601,8
0.05,6543,95,582311,88.98395476772616,6
0.05,6544,92,582403,88.98441558441559,9
0.05,6545,95,582498,88.98533455545372,6
0.05,6546,94,582592,88.98610050404766,7
0.05,6547,91,582683,88.98640806353085,10
0.05,6548,94,582777,88.98717361429226,7
0.05,6549,96,582873,88.98824427480916,6
0.05,6550,93,582966,88.98885666310487,8
0.05,6551,94,583060,88.98962148962148,7
0.05,6552,95,583155,88.99053868457194,7
0.05,6553,94,583249,88.99130302105584,7
0.05,6554,92,583341,88.99176201372998,9
0.05,6555,95,583436,88.99267846247712,6
0.05,6556,94,583530,88.99344212292206,7
0.05,6557,95,583625,88.99435803598658,6
0.05,6558,94,583719,88.99512120750114,7
0.05,6559,91,583810,88.9954268292683,10
0.05,6560,95,583905,88.99634202103339,6
0.05,6561,95,584000,88.99725693386162,6
0.05,6562,95,584095,88.99817156788055,6
0.05,6563,94,584189,88.99893357708714,7
0.05,6564,96,584285,89.0,6
0.05,6565,96,584381,89.00106609808103,6
0.05,6566,92,584473,89.00152276534186,9
0.05,6567,90,584563,89.00167478684531,11
0.05,6568,95,584658,89.00258791292434,6
0.05,6569,95,584753,89.00350076103501,7
0.05,6570,94,584847,89.00426114746614,7
0.05,6571,94,584941,89.00502130249544,7
0.05,6572,94,585035,89.0057812262285,8
0.05,6573,23,585058,88.9957407970794,9
0.05,6574,92,585150,88.99619771863118,9
0.05,6575,95,585245,88.99711070559611,6
0.05,6576,87,585332,88.99680705488825,14
0.05,6577,93,585425,88.99741562785042,8
0.05,6578,93,585518,88.99802401580787,9
0.05,6579,95,585613,88.99893617021277,6
0.05,6580,94,585707,88.99969609481842,8
0.05,6581,95,585802,89.00060771801884,6
0.05,6582,22,585824,88.99042989518456,10
0.05,6583,95,585919,88.99134264884569,6
0.05,6584,86,586005,88.99088838268793,15
0.05,6585,94,586099,88.9916489523231,8
0.05,6586,92,586191,88.99210566266889,9
0.05,6587,92,586283,88.99256223436551,9
0.05,6588,93,586376,88.99317043557444,8
0.05,6589,94,586470,88.99393019726858,7
0.05,6590,94,586564,88.99468972841754,8
0.05,6591,94,586658,88.99544902912622,7
0.05,6592,95,586753,88.9963597755195,6
0.05,6593,93,586846,88.99696693964209,10
0.05,6594,93,586939,88.99757391963608,8
0.05,6595,94,587033,88.99833232261977,8
0.05,6596,95,587128,88.99924207973321,6
0.05,6597,92,587220,88.99969687784177,9
0.05,6598,94,587314,89.00045461433551,7
0.05,6599,94,587408,89.00121212121212,7
0.05,6600,96,587504,89.00227238297228,6
0.05,6601,94,587598,89.00302938503484,7
0.05,6602,92,587690,89.0034832651825,9
0.05,6603,93,587783,89.00408843125379,8
0.05,6604,92,587875,89.00454201362604,9
0.05,6605,96,587971,89.00560096881622,6
0.05,6606,94,588065,89.00635689420312,7
0.05,6607,94,588159,89.00711259079903,7
0.05,6608,94,588253,89.00786805870783,8
0.05,6609,95,588348,89.00877458396369,6
0.05,6610,94,588442,89.00952957192558,7
0.05,6611,95,588537,89.01043557168784,6
0.05,6612,94,588631,89.01119008014517,8
0.05,6613,94,588725,89.01194436044753,7
0.05,6614,94,588819,89.01269841269841,7
0.05,6615,26,588845,89.00317412333736,7
0.05,6616,93,588938,89.00377814719661,8
0.05,6617,96,589034,89.00483529767301,6
0.05,6618,94,589128,89.00558996827316,7
0.05,6619,96,589224,89.00664652567976,6
0.05,6620,94,589318,89.0074006947591,8
0.05,6621,90,589408,89.00755058894593,11
0.05,6622,94,589502,89.00830439377926,7
0.05,6623,94,589596,89.0090579710145,7
0.05,6624,92,589688,89.00950943396226,9
0.05,6625,94,589782,89.01026260187142,7
0.05,6626,90,589872,89.0104119511091,11
0.05,6627,92,589964,89.0108630054315,9
0.05,6628,94,590058,89.0116156282999,7
0.05,6629,94,590152,89.01236802413273,7
0.05,6630,92,590244,89.01281857939979,9
0.05,6631,91,590335,89.01311821471653,10
0.05,6632,96,590431,89.01417156641037,6
0.05,6633,95,590526,89.01507386192343,6
0.05,6634,94,590620,89.01582516955538,7
0.05,6635,94,590714,89.01657625075346,7
0.05,6636,89,590803,89.01657375320175,12
0.05,6637,95,590898,89.01747514311539,6
0.05,6638,87,590985,89.01717126073204,14
0.05,6639,94,591079,89.01792168674699,7
0.05,6640,27,591106,89.00858304472219,6
0.05,6641,96,591202,89.00963565191208,6
0.05,6642,93,591295,89.01023633900346,8
0.05,6643,94,591389,89.01098735701385,7
0.05,6644,93,591482,89.01158765989466,8
0.05,6645,94,591576,89.01233824857057,7
0.05,6646,93,591669,89.0129381675944,8
0.05,6647,95,591764,89.01383874849579,6
0.05,6648,96,591860,89.01488945706122,6
0.05,6649,96,591956,89.01593984962406,6
0.05,6650,89,592045,89.01593745301459,12
0.05,6651,90,592135,89.01608538785328,12
0.05,6652,96,592231,89.01713512701038,6
0.05,6653,96,592327,89.01818455064623,6
0.05,6654,95,592422,89.0190833959429,6
0.05,6655,94,592516,89.01983173076923,7
0.05,6656,94,592610,89.02057984076912,7
0.05,6657,93,592703,89.02117753079003,8
0.05,6658,94,592797,89.0219252139961,7
0.05,6659,92,592889,89.02237237237237,9
0.05,6660,93,592982,89.02296952409549,8
0.05,6661,94,593076,89.02371660162113,7
0.05,6662,90,593166,89.0238631247186,11
0.05,6663,93,593259,89.02445978391357,8
0.05,6664,95,593354,89.02535633908477,6
0.05,6665,95,593449,89.02625262526253,6
0.05,6666,21,593470,89.01604919754013,11
0.05,6667,94,593564,89.01679664067187,7
0.05,6668,96,593660,89.01784375468586,6
0.05,6669,94,593754,89.01859070464768,7
0.05,6670,92,593846,89.01903762554339,9
0.05,6671,96,593942,89.02008393285372,6
0.05,6672,95,594037,89.0209800689345,6
0.05,6673,96,594133,89.02202577165119,6
0.05,6674,94,594227,89.02277153558052,7
0.05,6675,94,594321,89.02351707609347,7
0.05,6676,94,594415,89.0242623932904,8
0.05,6677,94,594509,89.02500748727164,7
0.05,6678,88,594597,89.02485402006289,13
0.05,6679,91,594688,89.0251497005988,11
0.05,6680,92,594780,89.02559497081275,9
0.05,6681,94,594874,89.02633941933553,8
0.05,6682,95,594969,89.02723327846775,6
0.05,6683,94,595063,89.02797725912627,7
0.05,6684,94,595157,89.0287210172027,7
0.05,6685,95,595252,89.02961411905474,6
0.05,6686,94,595346,89.0303574098998,7
0.05,6687,90,595436,89.0305023923445,11
0.05,6688,96,595532,89.03154432650621,6
0.05,6689,95,595627,89.03243647234679,7
0.05,6690,92,595719,89.03287998804365,9
0.05,6691,94,595813,89.03362223550508,7
0.05,6692,93,595906,89.03421485133721,8
0.05,6693,94,596000,89.03495667762175,7
0.05,6694,94,596094,89.03569828230022,7
0.05,6695,94,596188,89.03643966547192,7
0.05,6696,90,596278,89.03658354487084,11
0.05,6697,95,596373,89.03747387279785,6
0.05,6698,94,596467,89.03821465890431,7
0.05,6699,92,596559,89.0386567164179,9
0.05,6700,94,596653,89.03939710490971,7
0.05,6701,96,596749,89.04043569083855,6
0.05,6702,94,596843,89.04117559301805,7
0.05,6703,95,596938,89.04206443914082,6
0.05,6704,95,597033,89.04295302013423,6
0.05,6705,93,597126,89.04354309573516,8
0.05,6706,94,597220,89.04428209333533,7
0.05,6707,93,597313,89.0448717948718,8
0.05,6708,94,597407,89.04561037412431,7
0.05,6709,94,597501,89.04634873323398,7
0.05,6710,96,597597,89.04738489047831,6
0.05,6711,93,597690,89.04797377830751,8
0.05,6712,94,597784,89.04871145538507,8
0.05,6713,92,597876,89.0491510277033,9
0.05,6714,92,597968,89.04959046909903,9
0.05,6715,91,598059,89.04988088147707,10
0.05,6716,94,598153,89.05061783534316,7
0.05,6717,95,598248,89.05150342363798,6
0.05,6718,88,598336,89.05134692662598,13
0.05,6719,95,598431,89.05223214285714,6
0.05,6720,95,598526,89.05311709567029,6
0.05,6721,94,598620,89.05385301993455,7
0.05,6722,95,598715,89.05473746839209,6
0.05,6723,94,598809,89.0554729327781,7
0.05,6724,96,598905,89.05650557620818,6
0.05,6725,91,598996,89.05679452869462,10
0.05,6726,94,599090,89.05752935929836,7
0.05,6727,93,599183,89.05811533888229,9
0.05,6728,92,599275,89.05855253380889,9
0.05,6729,94,599369,89.0592867756315,7
0.05,6730,92,599461,89.05972366661715,9
0.05,6731,94,599555,89.06045751633987,7
0.05,6732,94,599649,89.06119114807663,7
0.05,6733,94,599743,89.06192456192456,7
0.05,6734,93,599836,89.06250927988121,8
0.05,6735,95,599931,89.06339073634204,6
0.05,6736,91,600022,89.0636781950423,10
0.05,6737,22,600044,89.05372514099139,10
0.05,6738,94,600138,89.05445911856359,7
0.05,6739,95,600233,89.0553412462908,6
0.05,6740,95,600328,89.05622311229787,8
0.05,6741,96,600424,89.05725304064076,6
0.05,6742,95,600519,89.05813436156014,6
0.05,6743,89,600608,89.05812574139976,12
0.05,6744,93,600701,89.05871015567087,8
0.05,6745,94,600795,89.0594426326712,7
0.05,6746,93,600888,89.06002667852378,8
0.05,6747,91,600979,89.06031416716064,10
0.05,6748,93,601072,89.0608979108016,8
0.05,6749,93,601165,89.06148148148148,8
0.05,6750,96,601261,89.06250925788773,6
0.05,6751,91,601352,89.06279620853081,11
0.05,6752,93,601445,89.06337923885681,8
0.05,6753,94,601539,89.06411015694404,7
0.05,6754,94,601633,89.06484085862324,7
0.05,6755,94,601727,89.06557134399053,7
0.05,6756,96,601823,89.06659760248631,6
0.05,6757,92,601915,89.06703166617342,9
0.05,6758,23,601938,89.0572569906791,10
0.05,6759,95,602033,89.05813609467455,6
0.05,6760,94,602127,89.05886703150422,7
0.05,6761,94,602221,89.05959775214434,7
0.05,6762,91,602312,89.0598846665681,10
0.05,6763,96,602408,89.06091070372561,6
0.05,6764,95,602503,89.06178861788618,7
0.05,6765,94,602597,89.06251847472657,7
0.05,6766,92,602689,89.06295256391311,9
0.05,6767,94,602783,89.06368203309692,7
0.05,6768,95,602878,89.06455901905747,6
0.05,6769,92,602970,89.06499261447563,9
0.05,6770,92,603062,89.06542608181952,9
0.05,6771,95,603157,89.06630242173657,6
0.05,6772,92,603249,89.06673556769526,9
0.05,6773,93,603342,89.06731620903454,8
0.05,6774,92,603434,89.06774907749077,9
0.05,6775,94,603528,89.06847697756788,8
0.05,6776,95,603623,89.06935222074664,6
0.05,6777,95,603718,89.07022720566539,6
0.05,6778,96,603814,89.07124944682107,6
0.05,6779,94,603908,89.07197640117994,7
0.05,6780,94,604002,89.07270314112962,7
0.05,6781,96,604098,89.07372456502506,6
0.05,6782,96,604194,89.07474568774879,6
0.05,6783,94,604288,89.0754716981132,7
0.05,6784,95,604383,89.07634487840825,6
0.05,6785,96,604479,89.07736516357205,6
0.05,6786,94,604573,89.0780904670694,7
0.05,6787,94,604667,89.07881555686505,7
0.05,6788,94,604761,89.07954043305347,7
0.05,6789,94,604855,89.08026509572902,7
0.05,6790,93,604948,89.08084229126786,8
0.05,6791,24,604972,89.07126030624264,8
0.05,6792,94,605066,89.0719858678051,9
0.05,6793,94,605160,89.07271121577863,7
0.05,6794,95,605255,89.07358351729212,6
0.05,6795,95,605350,89.07445556209535,6
0.05,6796,94,605444,89.07518022657055,7
0.05,6797,94,605538,89.07590467784642,7
0.05,6798,93,605631,89.07648183556405,8
0.05,6799,94,605725,89.07720588235294,8
0.05,6800,96,605821,89.07822379061902,6
0.05,6801,96,605917,89.07924139958835,6
0.05,6802,95,606012,89.08011171541966,6
0.05,6803,95,606107,89.08098177542622,6
0.05,6804,92,606199,89.08141072740632,9
0.05,6805,94,606293,89.08213341169557,7
0.05,6806,94,606387,89.08285588364919,7
0.05,6807,94,606481,89.08357814336075,8
0.05,6808,96,606577,89.08459391981201,6
0.05,6809,91,606668,89.08487518355359,10
0.05,6810,96,606764,89.08589047129644,6
0.05,6811,94,606858,89.08661186142102,7
0.05,6812,94,606952,89.0873330397769,7
0.05,6813,93,607045,89.08790724977986,8
0.05,6814,95,607140,89.0887747615554,6
0.05,6815,94,607234,89.08949530516432,8
0.05,6816,96,607330,89.09050902156373,6
0.05,6817,95,607425,89.09137577002053,6
0.05,6818,93,607518,89.09194896612406,8
0.05,6819,94,607612,89.09266862170088,7
0.05,6820,94,607706,89.09338806626594,7
0.05,6821,94,607800,89.09410729991205,7
0.05,6822,96,607896,89.09511944892276,6
0.05,6823,94,607990,89.09583821805393,8
0.05,6824,93,608083,89.09641025641025,8
0.05,6825,95,608178,89.09727512452388,6
0.05,6826,94,608272,89.09799326204775,7
0.05,6827,95,608367,89.09885764499121,6
0.05,6828,94,608461,89.09957534045981,8
0.05,6829,93,608554,89.10014641288433,8
0.05,6830,95,608649,89.1010101010101,7
0.05,6831,94,608743,89.10172716627635,7
0.05,6832,93,608836,89.10229767305722,8
0.05,6833,94,608930,89.10301434006439,7
0.05,6834,94,609024,89.1037307973665,7
0.05,6835,94,609118,89.1044470450556,7
0.05,6836,92,609210,89.10487055726196,9
0.05,6837,94,609304,89.10558642878034,7
0.05,6838,94,609398,89.10630209094897,8
0.05,6839,94,609492,89.10701754385966,7
0.05,6840,96,609588,89.10802514252302,6
0.05,6841,91,609679,89.10830166617949,10
0.05,6842,90,609769,89.1084319742803,12
0.05,6843,96,609865,89.1094389246055,6
0.05,6844,95,609960,89.11029948867787,7
0.05,6845,93,610053,89.11086765994742,9
0.05,6846,94,610147,89.11158171461955,7
0.05,6847,94,610241,89.11229556074767,7
0.05,6848,94,610335,89.11300919842313,7
0.05,6849,94,610429,89.11372262773723,8
0.05,6850,92,610521,89.11414392059554,9
0.05,6851,94,610615,89.11485697606538,7
0.05,6852,23,610638,89.10520939734423,9
0.05,6853,94,610732,89.10592354829296,7
0.05,6854,94,610826,89.10663749088256,7
0.05,6855,94,610920,89.1073512252042,7
0.05,6856,25,610945,89.09800204170921,8
0.05,6857,94,611039,89.09871682706328,7
0.05,6858,95,611134,89.09957719784225,6
0.05,6859,96,611230,89.100583090379,6
0.05,6860,95,611325,89.10144293834718,6
0.05,6861,94,611419,89.10215680559604,7
0.05,6862,95,611514,89.10301617368498,6
0.05,6863,94,611608,89.1037296037296,7
0.05,6864,94,611702,89.10444282592863,7
0.05,6865,94,611796,89.10515584037284,7
0.05,6866,94,611890,89.10586864715305,7
0.05,6867,94,611984,89.10658124635994,7
0.05,6868,94,612078,89.10729363808414,8
0.05,6869,93,612171,89.10786026200873,8
0.05,6870,96,612267,89.10886333866978,6
0.05,6871,96,612363,89.1098661233993,6
0.05,6872,93,612456,89.1104321257093,8
0.05,6873,94,612550,89.11114343904568,7
0.05,6874,95,612645,89.112,7
0.05,6875,93,612738,89.11256544502618,8
0.05,6876,95,612833,89.11342155009451,6
0.05,6877,94,612927,89.11413201512067,8
0.05,6878,94,613021,89.11484227358628,7
0.05,6879,96,613117,89.11584302325582,6
0.05,6880,92,613209,89.11626217119604,9
0.05,6881,96,613305,89.11726242371404,6
0.05,6882,96,613401,89.11826238558768,6
0.05,6883,94,613495,89.11897152818129,7
0.05,6884,95,613590,89.119825708061,6
0.05,6885,90,613680,89.11995352889922,11
0.05,6886,96,613776,89.12095251923914,6
0.05,6887,23,613799,89.11135307781649,10
0.05,6888,94,613893,89.11206270866599,7
0.05,6889,93,613986,89.11262699564587,8
0.05,6890,94,614080,89.11333623566972,7
0.05,6891,94,614174,89.11404526987812,7
0.05,6892,95,614269,89.11489917307414,6
0.05,6893,94,614363,89.11560777487671,7
0.05,6894,91,614454,89.11588107324148,10
0.05,6895,92,614546,89.11629930394432,9
0.05,6896,93,614639,89.11686240394374,8
0.05,6897,95,614734,89.11771527979124,6
0.05,6898,89,614823,89.11769821713291,12
0.05,6899,94,614917,89.11840579710145,7
0.05,6900,93,615010,89.11896826546877,8
0.05,6901,95,615105,89.11982034192988,6
0.05,6902,94,615199,89.12052730696799,7
0.05,6903,95,615294,89.12137891077636,6
0.05,6904,92,615386,89.12179580014482,9
0.05,6905,93,615479,89.12235737040255,8
0.05,6906,96,615575,89.12335312002317,6
0.05,6907,94,615669,89.12405906195715,8
0.05,6908,94,615763,89.12476479953683,7
0.05,6909,86,615849,89.12431259044862,15
0.05,6910,92,615941,89.12472869338735,9
0.05,6911,92,616033,89.12514467592592,9
0.05,6912,93,616126,89.12570519311443,8
0.05,6913,92,616218,89.12612091408737,9
0.05,6914,93,616311,89.12668112798265,8
0.05,6915,95,616406,89.12753036437248,6
0.05,6916,95,616501,89.12837935521179,6
0.05,6917,95,616596,89.12922810060711,6
0.05,6918,94,616690,89.12993207110854,7
0.05,6919,96,616786,89.13092485549133,6
0.05,6920,94,616880,89.13162837740211,7
0.05,6921,94,616974,89.1323316960416,7
0.05,6922,95,617069,89.13317925754731,6
0.05,6923,94,617163,89.1338821490468,8
0.05,6924,94,617257,89.13458483754512,7
0.05,6925,94,617351,89.13528732313023,8
0.05,6926,94,617445,89.13598960588999,7
0.05,6927,95,617540,89.13683602771363,6
0.05,6928,95,617635,89.13768220522442,6
0.05,6929,94,617729,89.13838383838385,8
0.05,6930,93,617822,89.13894098975616,8
0.05,6931,93,617915,89.13949798038084,8
0.05,6932,95,618010,89.14034328573489,7
0.05,6933,95,618105,89.1411883472743,6
0.05,6934,95,618200,89.14203316510454,6
0.05,6935,94,618294,89.14273356401384,7
0.05,6936,96,618390,89.1437220700591,6
0.05,6937,92,618482,89.14413375612568,9
0.05,6938,95,618577,89.14497766248739,6
0.05,6939,94,618671,89.1456772334294,7
0.05,6940,92,618763,89.1460884598761,9
0.05,6941,94,618857,89.14678766925958,7
0.05,6942,89,618946,89.1467665274377,12
0.05,6943,94,619040,89.14746543778801,7
0.05,6944,96,619136,89.1484521238301,6
0.05,6945,95,619231,89.14929455801901,7
0.05,6946,96,619327,89.15028069670362,6
0.05,6947,95,619422,89.15112262521589,6
0.05,6948,94,619516,89.15182040581378,7
0.05,6949,94,619610,89.15251798561151,7
0.05,6950,23,619633,89.14300100704935,10
0.05,6951,95,619728,89.14384349827388,7
0.05,6952,94,619822,89.1445419243492,7
0.05,6953,27,619849,89.13560540696002,6
0.05,6954,96,619945,89.13659237958304,6
0.05,6955,92,620037,89.13700402530189,9
0.05,6956,95,620132,89.13784677303435,6
0.05,6957,88,620220,89.13768324231101,13
0.05,6958,95,620315,89.1385256502371,7
0.05,6959,93,620408,89.13908045977011,9
0.05,6960,93,620501,89.13963510989801,8
0.05,6961,93,620594,89.14018960068945,8
0.05,6962,93,620687,89.14074393221313,9
0.05,6963,92,620779,89.14115450890293,9
0.05,6964,25,620804,89.13194544149319,8
0.05,6965,94,620898,89.13264427217915,7
0.05,6966,92,620990,89.13305583464906,9
0.05,6967,96,621086,89.13404133180252,6
0.05,6968,93,621179,89.13459606830249,8
0.05,6969,95,621274,89.13543758967002,6
0.05,6970,88,621362,89.13527470951082,14
0.05,6971,95,621457,89.13611589213998,6
0.05,6972,96,621553,89.1371002437975,6
0.05,6973,94,621647,89.13779753369658,7
0.05,6974,95,621742,89.13863799283155,6
0.05,6975,95,621837,89.13947821100918,7
0.05,6976,93,621930,89.14003153217715,9
0.05,6977,96,622026,89.14101461736887,6
0.05,6978,94,622120,89.14171084682619,8
0.05,6979,92,622212,89.14212034383954,9
0.05,6980,94,622306,89.14281621544191,7
0.05,6981,93,622399,89.14336866227443,8
0.05,6982,96,622495,89.14435056565947,6
0.05,6983,94,622589,89.1450458190149,7
0.05,6984,93,622682,89.14559770937724,8
0.05,6985,95,622777,89.14643572860005,6
0.05,6986,95,622872,89.14727350794332,6
0.05,6987,92,622964,89.14768174012593,9
0.05,6988,94,623058,89.14837601945915,7
0.05,6989,88,623146,89.14821173104436,13
0.05,6990,93,623239,89.14876269489343,8
0.05,6991,91,623330,89.14902745995424,10
0.05,6992,96,623426,89.15000715000716,6
0.05,6993,91,623517,89.15027166142407,10
0.05,6994,92,623609,89.1506790564689,9
0.05,6995,91,623700,89.15094339622641,10
0.05,6996,95,623795,89.15177933400028,6
0.05,6997,94,623889,89.15247213489569,8
0.05,6998,-50,623839,89.13259037005287,13
0.05,6999,94,623933,89.13328571428572,7
0.05,7000,96,624029,89.13426653335237,6
0.05,7001,92,624121,89.13467580691231,9
0.05,7002,94,624215,89.13537055547623,7
0.05,7003,92,624307,89.13577955454026,9
0.05,7004,93,624400,89.13633119200571,8
0.05,7005,93,624493,89.13688267199544,8
0.05,7006,94,624587,89.13757670900529,7
0.05,7007,92,624679,89.13798515981735,9
0.05,7008,94,624773,89.13867884148951,7
0.05,7009,93,624866,89.13922967189728,8
0.05,7010,92,624958,89.13963771216659,9
0.05,7011,96,625054,89.1406160867085,6
0.05,7012,90,625144,89.1407386282618,13
0.05,7013,96,625240,89.14171656686626,6
0.05,7014,94,625334,89.1424091233072,7
0.05,7015,94,625428,89.14310148232612,8
0.05,7016,96,625524,89.14407866609662,6
0.05,7017,95,625619,89.14491308064976,6
0.05,7018,94,625713,89.14560478700669,7
0.05,7019,92,625805,89.1460113960114,9
0.05,7020,91,625896,89.14627545933628,10
0.05,7021,96,625992,89.14725149530048,6
0.05,7022,91,626083,89.14751530684893,10
0.05,7023,94,626177,89.14820615034168,7
0.05,7024,23,626200,89.13879003558719,10
0.05,7025,94,626294,89.13948192428124,7
0.05,7026,89,626383,89.13946207485414,12
0.05,7027,94,626477,89.14015367103016,7
0.05,7028,94,626571,89.14084507042253,7
0.05,7029,95,626666,89.14167852062589,6
0.05,7030,94,626760,89.14236950647134,8
0.05,7031,27,626787,89.1335324232082,6
0.05,7032,93,626880,89.13408218398976,9
0.05,7033,95,626975,89.13491612169463,6
0.05,7034,96,627071,89.13589196872779,6
0.05,7035,89,627160,89.13587265491756,12
0.05,7036,93,627253,89.1364217706409,8
0.05,7037,93,627346,89.13697073032111,8
0.05,7038,94,627440,89.13766159965904,7
0.05,7039,23,627463,89.12826704545455,10
0.05,7040,95,627558,89.12910097997444,6
0.05,7041,93,627651,89.12965066742403,8
0.05,7042,94,627745,89.13034218372853,7
0.05,7043,92,627837,89.13074957410562,11
0.05,7044,96,627933,89.13172462739531,6
0.05,7045,92,628025,89.13213170593244,9
0.05,7046,96,628121,89.13310628636299,6
0.05,7047,95,628216,89.1339387060159,6
0.05,7048,95,628311,89.13477088948787,6
0.05,7049,95,628406,89.13560283687943,6
0.05,7050,95,628501,89.13643454829102,6
0.05,7051,96,628597,89.13740782756665,6
0.05,7052,91,628688,89.13767191266128,10
0.05,7053,94,628782,89.13836121349588,8
0.05,7054,94,628876,89.13905031892276,7
0.05,7055,96,628972,89.14002267573696,6
0.05,7056,94,629066,89.1407113504322,7
0.05,7057,94,629160,89.14139982998016,7
0.05,7058,94,629254,89.1420881144638,7
0.05,7059,94,629348,89.14277620396601,7
0.05,7060,94,629442,89.14346409856961,7
0.05,7061,94,629536,89.1441517983574,8
0.05,7062,95,629631,89.14498088630893,6
0.05,7063,94,629725,89.14566817667044,7
0.05,7064,95,629820,89.14649681528662,6
0.05,7065,94,629914,89.14718369657515,7
0.05,7066,94,630008,89.14787038347248,7
0.05,7067,93,630101,89.14841539332201,8
0.05,7068,27,630128,89.13962370915264,6
0.05,7069,87,630215,89.13932107496464,14
0.05,7070,94,630309,89.14000848536276,7
0.05,7071,95,630404,89.1408371040724,6
0.05,7072,92,630496,89.14124134030821,9
0.05,7073,95,630591,89.1420695504665,6
0.05,7074,93,630684,89.1426148409894,8
0.05,7075,95,630779,89.14344262295081,6
0.05,7076,90,630869,89.14356365691677,11
0.05,7077,95,630964,89.14439107092399,6
0.05,7078,95,631059,89.14521825116542,6
0.05,7079,94,631153,89.14590395480226,7
0.05,7080,96,631249,89.14687191074707,6
0.05,7081,23,631272,89.13753177068625,9
0.05,7082,94,631366,89.13821826909502,7
0.05,7083,93,631459,89.13876341050253,8
0.05,7084,91,631550,89.13902611150317,10
0.05,7085,92,631642,89.13942986169913,9
0.05,7086,93,631735,89.13997460138282,8
0.05,7087,94,631829,89.14066027088036,7
0.05,7088,91,631920,89.1409225560728,10
0.05,7089,93,632013,89.14146685472497,8
0.05,7090,96,632109,89.14243407135805,6
0.05,7091,95,632204,89.14326001128032,7
0.05,7092,94,632298,89.14394473424503,7
0.05,7093,92,632390,89.14434733577671,9
0.05,7094,94,632484,89.14503171247357,7
0.05,7095,93,632577,89.14557497181511,8
0.05,7096,96,632673,89.1465407918839,6
0.05,7097,95,632768,89.14736545505777,7
0.05,7098,94,632862,89.14804902098888,7
0.05,7099,95,632957,89.14887323943663,6
0.05,7100,96,633053,89.14983805097873,6
0.05,7101,94,633147,89.15052098000564,7
0.05,7102,94,633241,89.1512037167394,8
0.05,7103,96,633337,89.1521677927928,6
0.05,7104,93,633430,89.15270935960591,8
0.05,7105,95,633525,89.15353222628764,6
0.05,7106,96,633621,89.1544955677501,6
0.05,7107,95,633716,89.15531795160382,6
0.05,7108,96,633812,89.15628077085385,6
0.05,7109,94,633906,89.15696202531646,7
0.05,7110,94,634000,89.15764308817326,7
0.05,7111,93,634093,89.158183352081,8
0.05,7112,94,634187,89.15886405173626,7
0.05,7113,94,634281,89.1595445600225,7
0.05,7114,95,634376,89.16036542515812,6
0.05,7115,94,634470,89.1610455311973,7
0.05,7116,93,634563,89.16158493747365,8
0.05,7117,92,634655,89.16198370328745,9
0.05,7118,93,634748,89.16252282623964,8
0.05,7119,91,634839,89.1627808988764,10
0.05,7120,96,634935,89.16374104760567,6
0.05,7121,94,635029,89.1644201067116,8
0.05,7122,96,635125,89.1653797557209,6
0.05,7123,94,635219,89.16605839416059,8
0.05,7124,94,635313,89.16673684210527,7
0.05,7125,94,635407,89.16741509963514,7
0.05,7126,94,635501,89.16809316683036,7
0.05,7127,95,635596,89.168911335578,6
0.05,7128,92,635688,89.16930845840932,9
0.05,7129,95,635783,89.17012622720898,6
0.05,7130,95,635878,89.17094376665264,6
0.05,7131,95,635973,89.17176107683679,6
0.05,7132,94,636067,89.17243796439087,7
0.05,7133,91,636158,89.1726941407345,10
0.05,7134,94,636252,89.17337070777856,7
0.05,7135,94,636346,89.17404708520179,7
0.05,7136,94,636440,89.17472327308393,7
0.05,7137,92,636532,89.17511908097507,10
0.05,7138,92,636624,89.17551477798011,9
0.05,7139,23,636647,89.16624649859943,10
0.05,7140,93,636740,89.16678336367455,9
0.05,7141,94,636834,89.16746009521142,7
0.05,7142,91,636925,89.16771664566708,10
0.05,7143,95,637020,89.16853303471444,6
0.05,7144,95,637115,89.16934919524142,6
0.05,7145,96,637211,89.17030506577106,6
0.05,7146,93,637304,89.17084091227088,8
0.05,7147,96,637400,89.1717963066592,6
0.05,7148,94,637494,89.17247167436005,7
0.05,7149,93,637587,89.173006993007,8
0.05,7150,93,637680,89.17354216193539,8
0.05,7151,95,637775,89.17435682326622,6
0.05,7152,94,637869,89.17503145533342,7
0.05,7153,94,637963,89.17570589879787,7
0.05,7154,95,638058,89.17651991614255,6
0.05,7155,94,638152,89.17719396310788,7
0.05,7156,90,638242,89.17730892832192,11
0.05,7157,94,638336,89.17798267672534,7
0.05,7158,92,638428,89.1783768682777,9
0.05,7159,94,638522,89.17905027932962,7
0.05,7160,94,638616,89.17972350230414,8
0.05,7161,94,638710,89.18039653728009,7
0.05,7162,94,638804,89.18106938433617,8
0.05,7163,95,638899,89.1818816303741,6
0.05,7164,96,638995,89.18283321702721,6
0.05,7165,93,639088,89.18336589450182,8
0.05,7166,94,639182,89.18403795172317,7
0.05,7167,93,639275,89.1845703125,8
0.05,7168,94,639369,89.18524201422792,7
0.05,7169,95,639464,89.1860529986053,6
0.05,7170,94,639558,89.18672430623344,7
0.05,7171,96,639654,89.18767428890128,6
0.05,7172,94,639748,89.18834518332636,7
0.05,7173,92,639840,89.18873710621689,9
0.05,7174,93,639933,89.18926829268293,8
0.05,7175,94,640027,89.1899386845039,7
0.05,7176,96,640123,89.19088755747526,6
0.05,7177,94,640217,89.19155753691837,7
0.05,7178,94,640311,89.19222732971166,7
0.05,7179,94,640405,89.19289693593315,8
0.05,7180,95,640500,89.19370561203175,7
0.05,7181,91,640591,89.19395711500975,10
0.05,7182,95,640686,89.19476541834888,7
0.05,7183,95,640781,89.19557349665924,6
0.05,7184,93,640874,89.19610299234516,8
0.05,7185,95,640969,89.19691065961592,6
0.05,7186,94,641063,89.19757896201475,7
0.05,7187,24,641087,89.18850862548692,8
0.05,7188,93,641180,89.18903880929197,8
0.05,7189,93,641273,89.18956884561892,9
0.05,7190,89,641362,89.18954248366013,13
0.05,7191,94,641456,89.19021134593993,7
0.05,7192,23,641479,89.18100931461143,9
0.05,7193,96,641575,89.18195718654434,6
0.05,7194,95,641670,89.18276580959,7
0.05,7195,95,641765,89.18357420789327,6
0.05,7196,91,641856,89.18382659441434,10
0.05,7197,22,641878,89.17449291469853,10
0.05,7198,94,641972,89.1751632171135,7
0.05,7199,96,642068,89.17611111111111,6
0.05,7200,95,642163,89.17691987223996,6
0.05,7201,94,642257,89.17758955845598,7
0.05,7202,94,642351,89.17825905872553,7
0.05,7203,94,642445,89.17892837312604,7
0.05,7204,92,642537,89.1793199167245,9
0.05,7205,92,642629,89.1797113516514,9
0.05,7206,92,642721,89.180102677952,9
0.05,7207,94,642815,89.18077136514984,8
0.05,7208,92,642907,89.18116243584409,9
0.05,7209,96,643003,89.18210818307905,6
0.05,7210,92,643095,89.18249895992234,9
0.05,7211,94,643189,89.18316694398226,7
0.05,7212,94,643283,89.18383474282545,7
0.05,7213,94,643377,89.18450235652897,7
0.05,7214,93,643470,89.18503118503118,8
0.05,7215,94,643564,89.18569844789357,7
0.05,7216,94,643658,89.18636552584177,7
0.05,7217,93,643751,89.18689387642006,8
0.05,7218,92,643843,89.1872835572794,9
0.05,7219,94,643937,89.18795013850415,7
0.05,7220,27,643964,89.17933804182246,6
0.05,7221,92,644056,89.17972860703406,9
0.05,7222,27,644083,89.1711200332272,6
0.05,7223,95,644178,89.171926910299,6
0.05,7224,94,644272,89.17259515570935,7
0.05,7225,95,644367,89.17340160531414,6
0.05,7226,93,644460,89.1739310917393,8
0.05,7227,94,644554,89.17459878251245,7
0.05,7228,92,644646,89.17498962512104,9
0.05,7229,95,644741,89.17579529737206,6
0.05,7230,96,644837,89.17673904024339,6
0.05,7231,87,644924,89.17643805309734,15
0.05,7232,96,645020,89.1773814461496,6
0.05,7233,94,645114,89.17804810616533,7
0.05,7234,94,645208,89.17871458189357,7
0.05,7235,94,645302,89.17938087341072,7
0.05,7236,25,645327,89.17051264336051,8
0.05,7237,96,645423,89.1714562033711,6
0.05,7238,92,645515,89.1718469401851,9
0.05,7239,95,645610,89.17265193370166,6
0.05,7240,27,645637,89.16406573677669,6
0.05,7241,94,645731,89.16473349903342,7
0.05,7242,95,645826,89.16553914123982,6
0.05,7243,94,645920,89.16620651573716,7
0.05,7244,95,646015,89.16701173222913,6
0.05,7245,96,646111,89.16795473364616,6
0.05,7246,95,646206,89.16875948668415,6
0.05,7247,94,646300,89.16942604856513,7
0.05,7248,94,646394,89.17009242654159,7
0.05,7249,96,646490,89.17103448275861,6
0.05,7250,95,646585,89.17183836712178,6
0.05,7251,96,646681,89.17277992277992,6
0.05,7252,94,646775,89.17344547083965,8
0.05,7253,94,646869,89.17411083540115,7
0.05,7254,96,646965,89.1750516884907,6
0.05,7255,94,647059,89.17571664829107,8
0.05,7256,93,647152,89.17624362684305,8
0.05,7257,90,647242,89.17635712317443,11
0.05,7258,94,647336,89.17702162832346,7
0.05,7259,94,647430,89.17768595041322,7
0.05,7260,96,647526,89.17862553367304,6
0.05,7261,93,647619,89.17915174882953,8
0.05,7262,94,647713,89.17981550323557,7
0.05,7263,96,647809,89.18075440528635,6
0.05,7264,95,647904,89.18155540261527,6
0.05,7265,94,647998,89.18221855216075,8
0.05,7266,96,648094,89.18315673592954,6
0.05,7267,91,648185,89.18340671436434,10
0.05,7268,96,648281,89.18434447654423,6
0.05,7269,93,648374,89.18486932599725,8
0.05,7270,96,648470,89.1858066290744,6
0.05,7271,24,648494,89.17684268426842,8
0.05,7272,93,648587,89.17736834868693,8
0.05,7273,94,648681,89.17803134451471,7
0.05,7274,94,648775,89.1786941580756,7
0.05,7275,95,648870,89.17949422759759,6
0.05,7276,94,648964,89.18015665796345,7
0.05,7277,88,649052,89.17999450398462,13
0.05,7278,96,649148,89.18093144662728,6
0.05,7279,95,649243,89.18173076923077,6
0.05,7280,93,649336,89.18225518472737,8
0.05,7281,96,649432,89.18319143092558,6
0.05,7282,94,649526,89.18385280790883,7
0.05,7283,96,649622,89.18478857770455,6
0.05,7284,95,649717,89.18558682223747,6
0.05,7285,92,649809,89.18597309909416,9
0.05,7286,95,649904,89.1867709619871,6
0.05,7287,94,649998,89.18743139407245,7
0.05,7288,94,650092,89.18809164494444,8
0.05,7289,92,650184,89.18847736625514,9
0.05,7290,93,650277,89.1890001371554,9
0.05,7291,95,650372,89.1897970378497,7
0.05,7292,95,650467,89.19059372000548,6
0.05,7293,21,650488,89.18124485878805,11
0.05,7294,94,650582,89.18190541466758,7
0.05,7295,96,650678,89.1828399122807,6
0.05,7296,95,650773,89.18363711114156,6
0.05,7297,96,650869,89.18457111537407,6
0.05,7298,91,650960,89.18481983833402,10
0.05,7299,95,651055,89.18561643835616,6
0.05,7300,92,651147,89.18600191754554,9
0.05,7301,91,651238,89.18625034237195,10
0.05,7302,91,651329,89.18649869916473,10
0.05,7303,94,651423,89.18715772179628,7
0.05,7304,93,651516,89.1876796714579,8
0.05,7305,95,651611,89.18847522584177,6
0.05,7306,96,651707,89.18940741754481,6
0.05,7307,92,651799,89.18979200875752,9
0.05,7308,93,651892,89.19031331235463,8
0.05,7309,96,651988,89.19124487004105,6
0.05,7310,93,652081,89.19176583230748,8
0.05,7311,94,652175,89.19242341356674,7
0.05,7312,95,652270,89.19321755777382,6
0.05,7313,93,652363,89.19373803664206,9
0.05,7314,94,652457,89.19439507860561,7
0.05,7315,94,652551,89.19505194095134,7
0.05,7316,94,652645,89.1957086237529,7
0.05,7317,92,652737,89.19609182836841,9
0.05,7318,96,652833,89.1970214510179,6
0.05,7319,93,652926,89.19754098360656,9
0.05,7320,95,653021,89.19833356098894,6
0.05,7321,94,653115,89.1989893471729,7
0.05,7322,90,653205,89.19909873002868,11
0.05,7323,95,653300,89.199890770071,6
0.05,7324,95,653395,89.20068259385665,7
0.05,7325,91,653486,89.2009282009282,10
0.05,7326,94,653580,89.20158318547837,8
0.05,7327,95,653675,89.20237445414847,6
0.05,7328,96,653771,89.20330195115295,6
0.05,7329,94,653865,89.20395634379263,7
0.05,7330,92,653957,89.20433774382758,9
0.05,7331,89,654046,89.20430987452264,12
0.05,7332,94,654140,89.20496386199373,7
0.05,7333,95,654235,89.2057540223616,6
0.05,7334,94,654329,89.20640763462849,7
0.05,7335,92,654421,89.20678844056707,9
0.05,7336,92,654513,89.20716914270137,9
0.05,7337,94,654607,89.20782229490324,7
0.05,7338,94,654701,89.20847526911024,7
0.05,7339,94,654795,89.20912806539509,7
0.05,7340,96,654891,89.21005312627707,6
0.05,7341,94,654985,89.21070552982839,7
0.05,7342,92,655077,89.21108538744383,9
0.05,7343,95,655172,89.21187363834423,7
0.05,7344,93,655265,89.21238938053098,8
0.05,7345,94,655359,89.2130411108086,7
0.05,7346,96,655455,89.21396488362598,6
0.05,7347,89,655544,89.21393576483396,12
0.05,7348,92,655636,89.21431487277181,9
0.05,7349,88,655724,89.21414965986395,13
0.05,7350,96,655820,89.21507277921371,6
0.05,7351,96,655916,89.21599564744287,6
0.05,7352,94,656010,89.21664626682987,7
0.05,7353,94,656104,89.21729670927387,8
0.05,7354,92,656196,89.21767505098572,9
0.05,7355,94,656290,89.21832517672648,8
0.05,7356,94,656384,89.2189751257306,7
0.05,7357,95,656479,89.21976080456646,7
0.05,7358,94,656573,89.22041038184535,7
0.05,7359,94,656667,89.22105978260869,7
0.05,7360,93,656760,89.22157315582122,9
0.05,7361,94,656854,89.22222222222223,7
0.05,7362,95,656949,89.22300692652452,6
0.05,7363,95,657044,89.22379141770777,6
0.05,7364,91,657135,89.22403258655804,10
0.05,7365,94,657229,89.22468096660332,7
0.05,7366,92,657321,89.2250576896973,9
0.05,7367,92,657413,89.22543431053204,9
0.05,7368,92,657505,89.22581082914914,9
0.05,7369,96,657601,89.22672998643148,6
0.05,7370,95,657696,89.22751322751323,6
0.05,7371,88,657784,89.22734671730873,13
0.05,7372,96,657880,89.22826529228266,6
0.05,7373,96,657976,89.22918361811772,6
0.05,7374,24,658000,89.22033898305085,8
0.05,7375,94,658094,89.22098698481562,7
0.05,7376,95,658189,89.221770367358,6
0.05,7377,92,658281,89.22214692328545,9
0.05,7378,92,658373,89.22252337715138,9
0.05,7379,94,658467,89.22317073170731,7
0.05,7380,94,658561,89.22381791085219,7
0.05,7381,94,658655,89.22446491465728,7
0.05,7382,94,658749,89.22511174319382,7
0.05,7383,94,658843,89.22575839653304,7
0.05,7384,94,658937,89.22640487474611,7
0.05,7385,94,659031,89.22705117790414,7
0.05,7386,91,659122,89.2272911872208,10
0.05,7387,94,659216,89.22793719545209,7
0.05,7388,94,659310,89.22858302882663,8
0.05,7389,94,659404,89.22922868741543,7
0.05,7390,96,659500,89.23014477066702,6
0.05,7391,94,659594,89.23079004329004,7
0.05,7392,96,659690,89.23170566752333,6
0.05,7393,94,659784,89.23235055450365,7
0.05,7394,94,659878,89.23299526707234,7
0.05,7395,94,659972,89.23363980530016,7
0.05,7396,94,660066,89.2342841692578,7
0.05,7397,95,660161,89.23506353068397,6
0.05,7398,94,660255,89.23570752804433,7
0.05,7399,95,660350,89.23648648648648,6
0.05,7400,96,660446,89.23740035130388,6
0.05,7401,94,660540,89.23804377195353,7
0.05,7402,23,660563,89.22909631230583,9
0.05,7403,96,660659,89.23001080497029,6
0.05,7404,94,660753,89.23065496286293,7
0.05,7405,95,660848,89.23143397245477,6
0.05,7406,94,660942,89.23207776427704,8
0.05,7407,94,661036,89.23272138228941,7
0.05,7408,92,661128,89.23309488459981,9
0.05,7409,94,661222,89.23373819163292,7
0.05,7410,94,661316,89.23438132505734,8
0.05,7411,94,661410,89.23502428494334,7
0.05,7412,95,661505,89.23580196951302,6
0.05,7413,92,661597,89.23617480442407,9
0.05,7414,92,661689,89.23654753877275,9
0.05,7415,92,661781,89.23692017259978,9
0.05,7416,89,661870,89.23688822974249,12
0.05,7417,92,661962,89.23726071717444,9
0.05,7418,94,662056,89.23790268230219,7
0.05,7419,94,662150,89.23854447439354,7
0.05,7420,94,662244,89.2391860935184,7
0.05,7421,91,662335,89.23942333602803,10
0.05,7422,91,662426,89.23966051461673,10
0.05,7423,94,662520,89.24030172413794,7
0.05,7424,93,662613,89.24080808080808,8
0.05,7425,92,662705,89.24117963910584,9
0.05,7426,96,662801,89.2420896728154,6
0.05,7427,95,662896,89.24286483575659,6
0.05,7428,25,662921,89.23421725669672,8
0.05,7429,94,663015,89.23485868102289,7
0.05,7430,93,663108,89.23536536132418,8
0.05,7431,91,663199,89.23560279870829,10
0.05,7432,96,663295,89.23651284810978,6
0.05,7433,94,663389,89.23715361850955,8
0.05,7434,95,663484,89.23792871553464,6
0.05,7435,92,663576,89.23830016137708,9
0.05,7436,94,663670,89.23894043297028,7
0.05,7437,94,663764,89.23958053240118,7
0.05,7438,94,663858,89.2402204597392,7
0.05,7439,96,663954,89.24112903225806,6
0.05,7440,91,664045,89.24136540787528,10
0.05,7441,94,664139,89.2420048374093,8
0.05,7442,90,664229,89.24210667741502,11
0.05,7443,96,664325,89.24301450832886,6
0.05,7444,92,664417,89.2433848220282,9
0.05,7445,94,664511,89.244023636852,8
0.05,7446,95,664606,89.2447965623741,6
0.05,7447,93,664699,89.2453007518797,8
0.05,7448,94,664793,89.24593905222177,8
0.05,7449,92,664885,89.24630872483222,9
0.05,7450,92,664977,89.246678298215,9
0.05,7451,94,665071,89.24731615673645,7
0.05,7452,96,665167,89.24822219240575,6
0.05,7453,95,665262,89.24899382881674,6
0.05,7454,92,665354,89.24936284372905,9
0.05,7455,94,665448,89.25,8
0.05,7456,93,665541,89.250502883197,8
0.05,7457,94,665635,89.25113971574149,7
0.05,7458,95,665730,89.25191044375921,7
0.05,7459,89,665819,89.25187667560321,12
0.05,7460,93,665912,89.25237903766251,8
0.05,7461,27,665939,89.24403645135352,6
0.05,7462,93,666032,89.24453972933136,8
0.05,7463,26,666058,89.2360664523044,7
0.05,7464,94,666152,89.23670462156731,7
0.05,7465,92,666244,89.23707473881596,9
0.05,7466,94,666338,89.23771260211598,7
0.05,7467,92,666430,89.23808248527048,9
0.05,7468,96,666526,89.2389878163074,6
0.05,7469,93,666619,89.23949129852744,8
0.05,7470,94,666713,89.24012849685451,7
0.05,7471,94,666807,89.24076552462527,7
0.05,7472,95,666902,89.24153619697577,6
0.05,7473,93,666995,89.24203906877175,8
0.05,7474,92,667087,89.24240802675585,9
0.05,7475,93,667180,89.24291064740503,8
0.05,7476,94,667274,89.24354687708974,7
0.05,7477,96,667370,89.24445038780422,6
0.05,7478,94,667464,89.24508624147613,8
0.05,7479,94,667558,89.2457219251337,7
0.05,7480,93,667651,89.24622376687608,8
0.05,7481,92,667743,89.24659182036889,9
0.05,7482,96,667839,89.24749432045971,6
0.05,7483,96,667935,89.24839657936933,6
0.05,7484,94,668029,89.24903139612559,7
0.05,7485,93,668122,89.2495324605931,8
0.05,7486,90,668212,89.24963269667424,12
0.05,7487,96,668308,89.2505341880342,6
0.05,7488,94,668402,89.25116838029109,7
0.05,7489,94,668496,89.25180240320427,7
0.05,7490,93,668589,89.25230276331598,8
0.05,7491,88,668677,89.25213561131874,13
0.05,7492,93,668770,89.25263579340718,8
0.05,7493,94,668864,89.25326928209235,7
0.05,7494,94,668958,89.2539026017345,7
0.05,7495,96,669054,89.25480256136606,6
0.05,7496,91,669145,89.25503534747232,10
0.05,7497,89,669234,89.25500133368898,12
0.05,7498,95,669329,89.25576743565809,6
0.05,7499,96,669425,89.25666666666666,6
0.05,7500,93,669518,89.2571657112385,8
0.05,7501,95,669613,89.25793121834178,6
0.05,7502,95,669708,89.25869652139144,6
0.05,7503,94,669802,89.25932835820896,7
0.05,7504,91,669893,89.25956029313791,10
0.05,7505,94,669987,89.26019184652279,7
0.05,7506,96,670083,89.26108964966032,6
0.05,7507,93,670176,89.26158763985083,8
0.05,7508,96,670272,89.26248501797842,6
0.05,7509,94,670366,89.26311584553928,7
0.05,7510,95,670461,89.26387964319,7
0.05,7511,88,670549,89.26371139510117,13
0.05,7512,93,670642,89.26420870491148,8
0.05,7513,94,670736,89.26483896726111,7
0.05,7514,27,670763,89.25655355954757,6
0.05,7515,94,670857,89.25718467269824,7
0.05,7516,95,670952,89.25794864972728,8
0.05,7517,90,671042,89.25804735301942,11
0.05,7518,95,671137,89.25881101210267,6
0.05,7519,91,671228,89.25904255319149,10
0.05,7520,20,671248,89.24983379869698,13
0.05,7521,96,671344,89.2507311885137,6
0.05,7522,93,671437,89.25122956267447,8
0.05,7523,95,671532,89.25199362041467,6
0.05,7524,93,671625,89.25249169435216,8
0.05,7525,95,671720,89.25325538134467,6
0.05,7526,95,671815,89.25401886541783,7
0.05,7527,94,671909,89.25464930924548,7
0.05,7528,87,671996,89.25434984725727,14
0.05,7529,94,672090,89.25498007968127,7
0.05,7530,94,672184,89.2556101447351,7
0.05,7531,92,672276,89.25597450876262,10
0.05,7532,94,672370,89.25660427452542,7
0.05,7533,96,672466,89.25749933634192,6
0.05,7534,93,672559,89.25799601857996,8
0.05,7535,95,672654,89.25875796178345,6
0.05,7536,94,672748,89.25938702401486,7
0.05,7537,96,672844,89.26028124170868,6
0.05,7538,92,672936,89.26064464783127,9
0.05,7539,90,673026,89.2607427055703,11
0.05,7540,93,673119,89.26123856252487,8
0.05,7541,94,673213,89.26186687881199,7
0.05,7542,94,673307,89.26249502850325,8
0.05,7543,25,673332,89.25397667020148,8
0.05,7544,96,673428,89.25487077534791,6
0.05,7545,96,673524,89.25576464351974,6
0.05,7546,96,673620,89.25665827481119,6
0.05,7547,94,673714,89.25728669846318,7
0.05,7548,89,673803,89.25725261624056,12
0.05,7549,94,673897,89.25788079470199,7
0.05,7550,94,673991,89.25850880678055,7
0.05,7551,93,674084,89.25900423728814,8
0.05,7552,95,674179,89.25976433205349,6
0.05,7553,92,674271,89.26012708498808,10
0.05,7554,96,674367,89.2610191925877,6
0.05,7555,93,674460,89.26151402858656,8
0.05,7556,90,674550,89.26161175069473,11
0.05,7557,95,674645,89.26237099761842,6
0.05,7558,92,674737,89.26273316576267,9
0.05,7559,91,674828,89.26296296296296,10
0.05,7560,94,674922,89.26358947229203,7
0.05,7561,94,675016,89.26421581592172,7
0.05,7562,95,675111,89.26497421658073,6
0.05,7563,96,675207,89.26586462189317,6
0.05,7564,94,675301,89.26649041639128,7
0.05,7565,94,675395,89.26711604546657,7
0.05,7566,90,675485,89.26721289811022,11
0.05,7567,94,675579,89.26783826638477,8
0.05,7568,94,675673,89.26846346941471,7
0.05,7569,96,675769,89.26935270805812,6
0.05,7570,94,675863,89.26997754589883,7
0.05,7571,95,675958,89.27073428420496,6
0.05,7572,88,676046,89.27056648620098,13
0.05,7573,92,676138,89.27092685503037,9
0.05,7574,95,676233,89.27168316831683,6
0.05,7575,93,676326,89.2721752903907,9
0.05,7576,92,676418,89.27253530421011,9
0.05,7577,95,676513,89.27329110583267,6
0.05,7578,95,676608,89.27404670800897,6
0.05,7579,94,676702,89.27467018469657,7
0.05,7580,91,676793,89.27489777074264,10
0.05,7581,27,676820,89.2666842521762,6
0.05,7582,95,676915,89.26744032704734,6
0.05,7583,94,677009,89.26806434599156,8
0.05,7584,95,677104,89.26882003955174,6
0.05,7585,94,677198,89.26944371210124,7
0.05,7586,95,677293,89.27019902464743,6
0.05,7587,94,677387,89.27082235108065,7
0.05,7588,94,677481,89.27144551324285,7
0.05,7589,95,677576,89.27220026350462,6
0.05,7590,94,677670,89.27282307996312,7
0.05,7591,94,677764,89.27344573234984,7
0.05,7592,94,677858,89.27406822072962,7
0.05,7593,93,677951,89.27455886225968,8
0.05,7594,93,678044,89.27504937458855,8
0.05,7595,93,678137,89.27553975776725,8
0.05,7596,95,678232,89.27629327366066,7
0.05,7597,93,678325,89.27678336404317,8
0.05,7598,94,678419,89.27740492170022,7
0.05,7599,90,678509,89.2775,11
0.05,7600,94,678603,89.27812129982897,7
0.05,7601,95,678698,89.27887398053144,6
0.05,7602,94,678792,89.27949493620939,8
0.05,7603,93,678885,89.2799842188322,8
0.05,7604,96,678981,89.28086785009862,6
0.05,7605,87,679068,89.28056797265317,14
0.05,7606,94,679162,89.28118837912449,7
0.05,7607,94,679256,89.28180862250262,7
0.05,7608,95,679351,89.28256012616639,6
0.05,7609,92,679443,89.28291721419185,11
0.05,7610,95,679538,89.2836683747208,6
0.05,7611,91,679629,89.28389385181293,10
0.05,7612,93,679722,89.2843819781952,8
0.05,7613,93,679815,89.28486997635933,8
0.05,7614,95,679910,89.28562048588313,8
0.05,7615,94,680004,89.28623949579831,7
0.05,7616,90,680094,89.28633320204806,11
0.05,7617,91,680185,89.28655815174587,10
0.05,7618,92,680277,89.28691429321434,9
0.05,7619,95,680372,89.28766404199474,6
0.05,7620,95,680467,89.28841359401653,7
0.05,7621,95,680562,89.28916294935712,7
0.05,7622,22,680584,89.28033582579037,10
0.05,7623,91,680675,89.28056138509969,10
0.05,7624,92,680767,89.28091803278689,10
0.05,7625,95,680862,89.2816679779701,7
0.05,7626,94,680956,89.28228661334732,7
0.05,7627,94,681050,89.28290508652333,7
0.05,7628,96,681146,89.28378555511863,6
0.05,7629,91,681237,89.28401048492792,10
0.05,7630,94,681331,89.2846284890578,7
0.05,7631,20,681351,89.2755503144654,12
0.05,7632,94,681445,89.2761692650334,8
0.05,7633,96,681541,89.27705003929788,6
0.05,7634,95,681636,89.2777996070727,6
0.05,7635,24,681660,89.26925091671032,9
0.05,7636,25,681685,89.26083540657326,7
0.05,7637,95,681780,89.26158680282796,6
0.05,7638,94,681874,89.26220709516953,7
0.05,7639,94,681968,89.26282722513089,7
0.05,7640,95,682063,89.26357806569821,6
0.05,7641,95,682158,89.26432870976184,6
0.05,7642,96,682254,89.26520999607484,6
0.05,7643,92,682346,89.26556776556777,9
0.05,7644,95,682441,89.26631785480707,6
0.05,7645,95,682536,89.267067747842,6
0.05,7646,93,682629,89.2675559042762,8
0.05,7647,96,682725,89.26843619246861,6
0.05,7648,91,682816,89.26866257027062,10
0.05,7649,92,682908,89.26901960784313,9
0.05,7650,94,683002,89.26963795582277,7
0.05,7651,89,683091,89.26960271824359,12
0.05,7652,89,683180,89.26956748987325,12
0.05,7653,94,683274,89.27018552390906,8
0.05,7654,95,683369,89.27093403004572,6
0.05,7655,93,683462,89.271421107628,8
0.05,7656,95,683557,89.27216925688911,6
0.05,7657,94,683651,89.2727866283625,8
0.05,7658,93,683744,89.27327327327328,8
0.05,7659,95,683839,89.27402088772845,6
0.05,7660,92,683931,89.27437671322282,9
0.05,7661,95,684026,89.27512398851475,6
0.05,7662,96,684122,89.27600156596633,6
0.05,7663,94,684216,89.27661795407099,7
0.05,7664,96,684312,89.27749510763209,6
0.05,7665,89,684401,89.27745890947038,12
0.05,7666,94,684495,89.27807486631016,7
0.05,7667,94,684589,89.27869066249347,7
0.05,7668,95,684684,89.27943669318033,6
0.05,7669,94,684778,89.28005215123859,7
0.05,7670,95,684873,89.28079780993352,6
0.05,7671,94,684967,89.28141293013556,8
0.05,7672,94,685061,89.2820278900039,8
0.05,7673,94,685155,89.28264268960125,8
0.05,7674,94,685249,89.28325732899023,7
0.05,7675,92,685341,89.28361125586243,9
0.05,7676,93,685434,89.284095349746,8
0.05,7677,95,685529,89.28483980203178,6
0.05,7678,92,685621,89.28519338455528,9
0.05,7679,94,685715,89.28580729166667,8
0.05,7680,94,685809,89.28642103892722,8
0.05,7681,93,685902,89.28690445196564,8
0.05,7682,94,685996,89.28751789665495,7
0.05,7683,94,686090,89.2881311816762,8
0.05,7684,93,686183,89.2886141834743,8
0.05,7685,94,686277,89.28922716627635,7
0.05,7686,94,686371,89.28983998959282,7
0.05,7687,95,686466,89.29058272632675,6
0.05,7688,96,686562,89.2914553257901,6
0.05,7689,94,686656,89.29206762028609,7
0.05,7690,25,686681,89.28370823039917,8
0.05,7691,90,686771,89.28380135205408,11
0.05,7692,95,686866,89.28454439100481,6
0.05,7693,94,686960,89.28515726540161,7
0.05,7694,17,686977,89.27576348278103,15
0.05,7695,93,687070,89.2762474012474,8
0.05,7696,92,687162,89.27660127322333,9
0.05,7697,95,687257,89.27734476487399,6
0.05,7698,92,687349,89.27769840238992,9
0.05,7699,94,687443,89.27831168831169,7
0.05,7700,92,687535,89.27866510842748,9
0.05,7701,95,687630,89.27940794598805,7
0.05,7702,94,687724,89.28002077112814,7
0.05,7703,93,687817,89.2805036344756,8
0.05,7704,24,687841,89.2720311486048,9
0.05,7705,94,687935,89.27264469244744,7
0.05,7706,93,688028,89.27312832489945,8
0.05,7707,96,688124,89.27400103788271,6
0.05,7708,94,688218,89.27461408743028,8
0.05,7709,96,688314,89.27548638132296,6
0.05,7710,96,688410,89.276358448969,6
0.05,7711,94,688504,89.27697095435684,7
0.05,7712,92,688596,89.27732399844419,9
0.05,7713,94,688690,89.27793621986,7
0.05,7714,92,688782,89.27828904731044,9
0.05,7715,96,688878,89.27916018662519,6
0.05,7716,24,688902,89.27070104963069,8
0.05,7717,94,688996,89.27131381186835,9
0.05,7718,94,689090,89.27192641533877,7
0.05,7719,94,689184,89.27253886010362,7
0.05,7720,94,689278,89.27315114622458,7
0.05,7721,93,689371,89.27363377363378,8
0.05,7722,94,689465,89.27424575941991,8
0.05,7723,95,689560,89.27498705334024,6
0.05,7724,94,689654,89.27559870550162,7
0.05,7725,91,689745,89.27582190007766,10
0.05,7726,94,689839,89.27643328588067,8
0.05,7727,96,689935,89.2773033126294,6
0.05,7728,94,690029,89.27791434855739,7
0.05,7729,92,690121,89.27826649417852,9
0.05,7730,96,690217,89.27913594619066,6
0.05,7731,95,690312,89.27987584066219,7
0.05,7732,94,690406,89.28048622785465,7
0.05,7733,95,690501,89.2812257564003,6
0.05,7734,93,690594,89.28170652876535,9
0.05,7735,90,690684,89.2817993795243,12
0.05,7736,94,690778,89.28240920253329,8
0.05,7737,95,690873,89.28314810028431,6
0.05,7738,94,690967,89.28375759142008,7
0.05,7739,94,691061,89.2843669250646,7
0.05,7740,92,691153,89.28471773672652,9
0.05,7741,91,691244,89.28493929217257,10
0.05,7742,94,691338,89.2855482371174,7
0.05,7743,95,691433,89.28628615702479,6
0.05,7744,94,691527,89.28689477081988,7
0.05,7745,95,691622,89.28763232636199,6
0.05,7746,94,691716,89.2882406092681,7
0.05,7747,96,691812,89.28910686628808,6
0.05,7748,95,691907,89.28984385081947,6
0.05,7749,96,692003,89.29070967741936,6
0.05,7750,93,692096,89.29118823377628,8
0.05,7751,90,692186,89.29127966976264,11
0.05,7752,27,692213,89.28324519540823,6
0.05,7753,95,692308,89.28398246066546,6
0.05,7754,26,692334,89.27582205029013,7
0.05,7755,94,692428,89.27643115007736,7
0.05,7756,94,692522,89.27704009281939,7
0.05,7757,94,692616,89.27764887857695,7
0.05,7758,96,692712,89.27851527258667,6
0.05,7759,94,692806,89.2791237113402,7
0.05,7760,93,692899,89.27960314392475,8
0.05,7761,94,692993,89.2802112857511,7
0.05,7762,95,693088,89.28094808707974,6
0.05,7763,96,693184,89.28181349819681,6
0.05,7764,22,693206,89.27314874436574,10
0.05,7765,94,693300,89.27375740406902,7
0.05,7766,94,693394,89.27436590704262,8
0.05,7767,94,693488,89.27497425334707,7
0.05,7768,90,693578,89.27506757626465,11
0.05,7769,94,693672,89.27567567567567,7
0.05,7770,90,693762,89.27576888431348,11
0.05,7771,95,693857,89.27650540401442,6
0.05,7772,96,693953,89.27737038466486,6
0.05,7773,91,694044,89.27759197324414,10
0.05,7774,27,694071,89.26958199356913,6
0.05,7775,95,694166,89.27031893004116,6
0.05,7776,91,694257,89.27054133984826,10
0.05,7777,96,694353,89.27140653124196,6
0.05,7778,94,694447,89.2720143977375,7
0.05,7779,95,694542,89.27275064267353,6
0.05,7780,94,694636,89.2733581801825,7
0.05,7781,95,694731,89.27409406322282,6
0.05,7782,21,694752,89.26532185532571,12
0.05,7783,95,694847,89.26605858170606,6
0.05,7784,95,694942,89.26679511881824,6
0.05,7785,94,695036,89.26740303108143,7
0.05,7786,96,695132,89.26826762552973,6
0.05,7787,94,695226,89.268875192604,7
0.05,7788,94,695320,89.26948260367185,7
0.05,7789,94,695414,89.27008985879333,8
0.05,7790,91,695505,89.27031189834425,10
0.05,7791,94,695599,89.27091889117042,7
0.05,7792,95,695694,89.27165404850507,6
0.05,7793,95,695789,89.27238901719271,6
0.05,7794,94,695883,89.27299550994228,8
0.05,7795,94,695977,89.27360184710108,7
0.05,7796,93,696070,89.27407977427215,9
0.05,7797,95,696165,89.27481405488587,6
0.05,7798,94,696259,89.2754199256315,7
0.05,7799,95,696354,89.27615384615385,6
0.05,7800,94,696448,89.27675938982182,7
0.05,7801,92,696540,89.27710843373494,10
0.05,7802,94,696634,89.27771369985904,8
0.05,7803,95,696729,89.2784469502819,8
0.05,7804,94,696823,89.27905188981423,7
0.05,7805,92,696915,89.2794004611837,9
0.05,7806,94,697009,89.28000512360703,7
0.05,7807,92,697101,89.28035348360656,9
0.05,7808,93,697194,89.28082981175567,8
0.05,7809,94,697288,89.28143405889885,8
0.05,7810,95,697383,89.28216617590577,6
0.05,7811,95,697478,89.28289810547875,7
0.05,7812,94,697572,89.28350185588123,7
0.05,7813,93,697665,89.28397747632455,8
0.05,7814,94,697759,89.28458093410109,7
0.05,7815,91,697850,89.28480040941658,12
0.05,7816,92,697942,89.28514775489319,9
0.05,7817,96,698038,89.28600665131748,6
0.05,7818,91,698129,89.28622586008441,10
0.05,7819,95,698224,89.28695652173913,6
0.05,7820,92,698316,89.2873034138857,9
0.05,7821,88,698404,89.28713883917156,13
0.05,7822,95,698499,89.28786910392432,6
0.05,7823,95,698594,89.28859918200409,6
0.05,7824,22,698616,89.28,10
0.05,7825,24,698640,89.27165857398415,8
0.05,7826,96,698736,89.27251820620927,6
0.05,7827,20,698756,89.26366888094022,12
0.05,7828,94,698850,89.26427385362115,7
0.05,7829,94,698944,89.26487867177522,7
0.05,7830,93,699037,89.26535563784957,8
0.05,7831,92,699129,89.26570480081716,9
0.05,7832,25,699154,89.25750031916252,8
0.05,7833,93,699247,89.25797804442175,8
0.05,7834,96,699343,89.25883854499043,6
0.05,7835,94,699437,89.25944359367024,7
0.05,7836,94,699531,89.26004848794182,7
0.05,7837,94,699625,89.26065322786425,7
0.05,7838,94,699719,89.26125781349661,7
0.05,7839,90,699809,89.26135204081632,11
0.05,7840,93,699902,89.26182884836118,8
0.05,7841,95,699997,89.26256057128283,6
0.05,7842,95,700092,89.26329210761189,6
0.05,7843,93,700185,89.2637684854666,8
0.05,7844,95,700280,89.26449968132569,6
0.05,7845,96,700376,89.26535814427734,6
0.05,7846,95,700471,89.26608895119153,6
0.05,7847,94,700565,89.26669215086646,7
0.05,7848,94,700659,89.26729519684037,7
0.05,7849,96,700755,89.26815286624203,6
0.05,7850,95,700850,89.26888294484779,6
0.05,7851,95,700945,89.26961283749364,6
0.05,7852,96,701041,89.27046988412071,6
0.05,7853,94,701135,89.27107206518971,7
0.05,7854,92,701227,89.27141947803946,9
0.05,7855,94,701321,89.27202138492872,7
0.05,7856,93,701414,89.27249586356116,8
0.05,7857,92,701506,89.2728429625859,9
0.05,7858,92,701598,89.27318997327905,9
0.05,7859,94,701692,89.27379134860051,8
0.05,7860,94,701786,89.27439257091973,7
0.05,7861,94,701880,89.2749936402951,7
0.05,7862,23,701903,89.26656492432913,9
0.05,7863,94,701997,89.26716683621567,7
0.05,7864,91,702088,89.26738715829624,10
0.05,7865,92,702180,89.26773455377574,9
0.05,7866,95,702275,89.26846320071184,6
0.05,7867,90,702365,89.26855617691916,12
0.05,7868,95,702460,89.26928453424831,8
0.05,7869,94,702554,89.26988564167725,7
0.05,7870,94,702648,89.27048659636641,7
0.05,7871,96,702744,89.27134146341463,6
0.05,7872,93,702837,89.27181506414327,8
0.05,7873,94,702931,89.27241554483109,7
0.05,7874,27,702958,89.26450793650794,6
0.05,7875,96,703054,89.26536312849161,6
0.05,7876,94,703148,89.26596419956836,7
0.05,7877,91,703239,89.26618431073877,10
0.05,7878,94,703333,89.26678512501587,7
0.05,7879,94,703427,89.26738578680202,7
0.05,7880,94,703521,89.26798629615531,7
0.05,7881,95,703616,89.26871352448617,6
0.05,7882,94,703710,89.2693137130534,7
0.05,7883,94,703804,89.2699137493658,7
0.05,7884,96,703900,89.2707672796449,6
0.05,7885,94,703994,89.27136697945727,7
0.05,7886,93,704087,89.27183973627488,9
0.05,7887,94,704181,89.27243914807302,7
0.05,7888,96,704277,89.27329192546584,6
0.05,7889,92,704369,89.27363751584284,9
0.05,7890,96,704465,89.27448992523128,6
0.05,7891,93,704558,89.27496198682209,8
0.05,7892,25,704583,89.26681870011403,8
0.05,7893,94,704677,89.26741829237396,7
0.05,7894,96,704773,89.26827105763141,6
0.05,7895,94,704867,89.26887031408307,7
0.05,7896,90,704957,89.26896289730277,11
0.05,7897,94,705051,89.26956191440871,7
0.05,7898,95,705146,89.27028737814913,6
0.05,7899,96,705242,89.27113924050633,6
0.05,7900,94,705336,89.2717377547146,7
0.05,7901,94,705430,89.27233611743863,7
0.05,7902,92,705522,89.2726812602809,9
0.05,7903,94,705616,89.27327935222672,7
0.05,7904,94,705710,89.27387729285263,7
0.05,7905,95,705805,89.27460156842903,6
0.05,7906,94,705899,89.27519919059061,7
0.05,7907,94,705993,89.2757966616085,7
0.05,7908,-45,705948,89.25881906688582,9
0.05,7909,93,706041,89.25929203539823,8
0.05,7910,95,706136,89.26001769687777,6
0.05,7911,92,706228,89.26036400404449,9
0.05,7912,94,706322,89.26096297232402,7
0.05,7913,90,706412,89.26105635582512,12
0.05,7914,94,706506,89.2616550852811,7
0.05,7915,96,706602,89.26250631632138,6
0.05,7916,95,706697,89.26323102185171,6
0.05,7917,94,706791,89.26382924981056,7
0.05,7918,23,706814,89.25546154817528,9
0.05,7919,95,706909,89.25618686868687,6
0.05,7920,92,707001,89.25653326600177,9
0.05,7921,94,707095,89.2571320373643,7
0.05,7922,89,707184,89.2570995834911,12
0.05,7923,94,707278,89.25769813225644,7
0.05,7924,91,707369,89.25791798107255,10
0.05,7925,96,707465,89.25876860963916,6
0.05,7926,95,707560,89.25949287246121,6
0.05,7927,94,707654,89.2600908173562,8
0.05,7928,94,707748,89.2606886114264,7
0.05,7929,96,707844,89.26153846153846,6
0.05,7930,93,707937,89.26200983482536,8
0.05,7931,94,708031,89.26260716086738,7
0.05,7932,95,708126,89.26333039203328,6
0.05,7933,96,708222,89.26417948071591,6
0.05,7934,95,708317,89.26490233144297,7
0.05,7935,95,708412,89.265625,6
0.05,7936,95,708507,89.26634748645584,6
0.05,7937,94,708601,89.26694381456286,7
0.05,7938,94,708695,89.26753999244238,7
0.05,7939,95,708790,89.26826196473552,6
0.05,7940,89,708879,89.2682281828485,12
0.05,7941,92,708971,89.26857214807353,9
0.05,7942,95,709066,89.26929371773889,6
0.05,7943,95,709161,89.27001510574019,6
0.05,7944,95,709256,89.270736312146,8
0.05,7945,92,709348,89.27107978857286,9
0.05,7946,96,709444,89.27192651314962,6
0.05,7947,96,709540,89.2727730246603,6
0.05,7948,94,709634,89.27336771920996,8
0.05,7949,96,709730,89.27421383647798,6
0.05,7950,94,709824,89.27480820022639,7
0.05,7951,95,709919,89.27552816901408,6
0.05,7952,92,710011,89.27587074060104,9
0.05,7953,93,710104,89.2763389489565,8
0.05,7954,94,710198,89.27693274670018,7
0.05,7955,94,710292,89.27752639517345,7
0.05,7956,94,710386,89.27811989443258,8
0.05,7957,93,710479,89.2785875848203,8
0.05,7958,92,710571,89.27892951375802,9
0.05,7959,92,710663,89.27927135678392,9
0.05,7960,94,710757,89.27986433865092,7
0.05,7961,93,710850,89.28033157498116,8
0.05,7962,92,710942,89.28067311314831,9
0.05,7963,96,711038,89.28151682571573,6
0.05,7964,94,711132,89.28210922787194,7
0.05,7965,95,711227,89.28282701481295,6
0.05,7966,90,711317,89.28291703276014,11
0.05,7967,96,711413,89.28376004016064,6
0.05,7968,94,711507,89.28435186347095,7
0.05,7969,93,711600,89.28481806775407,8
0.05,7970,94,711694,89.28540960983565,7
0.05,7971,94,711788,89.2860010035123,8
0.05,7972,94,711882,89.28659224883984,7
0.05,7973,93,711975,89.28705793829947,8
0.05,7974,94,712069,89.28764890282132,8
0.05,7975,96,712165,89.28849047141425,6
0.05,7976,93,712258,89.28895574777485,8
0.05,7977,92,712350,89.28929556279769,9
0.05,7978,94,712444,89.28988595062037,7
0.05,7979,95,712539,89.2906015037594,6
0.05,7980,95,712634,89.29131687758426,6
0.05,7981,24,712658,89.28313705838136,9
0.05,7982,95,712753,89.28385318802455,6
0.05,7983,90,712843,89.28394288577154,11
0.05,7984,95,712938,89.28465873512836,6
0.05,7985,94,713032,89.28524918607563,7
0.05,7986,96,713128,89.28608989608114,6
0.05,7987,95,713223,89.28680520781172,6
0.05,7988,95,713318,89.28752034046815,6
0.05,7989,93,713411,89.28798498122653,8
0.05,7990,-48,713363,89.27080465523714,11
0.05,7991,25,713388,89.26276276276276,8
0.05,7992,94,713482,89.2633554360065,7
0.05,7993,95,713577,89.2640730547911,6
0.05,7994,95,713672,89.26479049405879,6
0.05,7995,94,713766,89.26538269134568,7
0.05,7996,95,713861,89.26609978742029,6
0.05,7997,96,713957,89.26694173543386,6
0.05,7998,94,714051,89.26753344168021,7
0.05,7999,92,714143,89.267875,9
0.05,8000,92,714235,89.26821647294088,9
0.05,8001,95,714330,89.26893276680829,6
0.05,8002,21,714351,89.26040234911908,11
0.05,8003,93,714444,89.26086956521739,8
0.05,8004,27,714471,89.25309181761399,6
0.05,8005,94,714565,89.25368473644767,7
0.05,8006,93,714658,89.2541526164606,8
0.05,8007,92,714750,89.25449550449551,9
0.05,8008,94,714844,89.25508802597078,7
0.05,8009,94,714938,89.25568039950062,7
0.05,8010,94,715032,89.25627262514043,7
0.05,8011,96,715128,89.25711432850724,6
0.05,8012,92,715220,89.25745663297143,9
0.05,8013,96,715316,89.25829797853756,6
0.05,8014,96,715412,89.25913911416094,6
0.05,8015,94,715506,89.25973053892216,7
0.05,8016,25,715531,89.25171510540102,8
0.05,8017,96,715627,89.25255674731854,6
0.05,8018,95,715722,89.2532734754957,6
0.05,8019,92,715814,89.25361596009975,9
0.05,8020,93,715907,89.2540830320409,8
0.05,8021,94,716001,89.254674644727,8
0.05,8022,94,716095,89.25526610993394,7
0.05,8023,94,716189,89.25585742771685,8
0.05,8024,96,716285,89.25669781931464,6
0.05,8025,94,716379,89.25728881136307,7
0.05,8026,96,716475,89.25812881524854,6
0.05,8027,93,716568,89.25859491778775,8
0.05,8028,90,716658,89.25868725868726,11
0.05,8029,96,716754,89.25952677459527,6
0.05,8030,95,716849,89.26024156393973,6
0.05,8031,95,716944,89.2609561752988,6
0.05,8032,95,717039,89.26167060873895,6
0.05,8033,92,717131,89.26201145133184,10
0.05,8034,27,717158,89.2542626011201,6
0.05,8035,95,717253,89.25497760079642,6
0.05,8036,95,717348,89.25569242254572,7
0.05,8037,94,717442,89.25628265737745,7
0.05,8038,92,717534,89.25662395820376,9
0.05,8039,95,717629,89.2573383084577,6
0.05,8040,94,717723,89.25792811839324,8
0.05,8041,93,717816,89.25839343446904,8
0.05,8042,94,717910,89.25898296655477,7
0.05,8043,94,718004,89.25957235206366,7
0.05,8044,89,718093,89.25954008701056,12
0.05,8045,93,718186,89.26000497141436,8
0.05,8046,96,718282,89.26084255001864,6
0.05,8047,95,718377,89.26155566600397,6
0.05,8048,94,718471,89.26214436575972,7
0.05,8049,94,718565,89.26273291925466,7
0.05,8050,94,718659,89.26332132654329,7
0.05,8051,95,718754,89.26403378042723,6
0.05,8052,94,718848,89.2646218800447,7
0.05,8053,94,718942,89.26520983362305,7
0.05,8054,96,719038,89.26604593420235,6
0.05,8055,95,719133,89.26675769612712,6
0.05,8056,96,719229,89.26759339704604,6
0.05,8057,95,719324,89.26830479027053,7
0.05,8058,94,719418,89.2688919220747,7
0.05,8059,95,719513,89.26960297766749,6
0.05,8060,95,719608,89.27031385684158,6
0.05,8061,95,719703,89.27102455966262,6
0.05,8062,95,719798,89.2717350861962,6
0.05,8063,94,719892,89.27232142857143,7
0.05,8064,94,719986,89.27290762554247,7
0.05,8065,94,720080,89.2734936771634,7
0.05,8066,94,720174,89.27407958348829,7
0.05,8067,92,720266,89.27441745166088,9
0.05,8068,93,720359,89.27487916718304,8
0.05,8069,94,720453,89.27546468401486,7
0.05,8070,89,720542,89.27543055383472,12
0.05,8071,96,720638,89.27626362735381,6
0.05,8072,95,720733,89.27697262479872,6
0.05,8073,94,720827,89.27755759227149,7
0.05,8074,93,720920,89.27801857585139,8
0.05,8075,94,721014,89.27860326894502,8
0.05,8076,96,721110,89.27943543394825,6
0.05,8077,95,721205,89.28014359990097,6
0.05,8078,90,721295,89.28023270206708,11
0.05,8079,96,721391,89.28106435643565,6
0.05,8080,94,721485,89.28164831085262,7
0.05,8081,95,721580,89.28235585251176,6
0.05,8082,94,721674,89.2829395026599,7
0.05,8083,95,721769,89.28364670954973,6
0.05,8084,95,721864,89.2843537414966,6
0.05,8085,92,721956,89.28468958694039,9
0.05,8086,94,722050,89.28527265982441,7
0.05,8087,94,722144,89.28585558852622,7
0.05,8088,94,722238,89.28643837309927,7
0.05,8089,95,722333,89.28714462299135,6
0.05,8090,95,722428,89.28785069830676,8
0.05,8091,27,722455,89.28015323776569,6
0.05,8092,94,722549,89.28073643889782,7
0.05,8093,94,722643,89.2813194959229,8
0.05,8094,96,722739,89.28214947498456,6
0.05,8095,21,722760,89.27371541501977,11
0.05,8096,93,722853,89.27417562060022,8
0.05,8097,96,722949,89.27500617436404,6
0.05,8098,92,723041,89.27534263489319,9
0.05,8099,94,723135,89.27592592592593,8
0.05,8100,96,723231,89.27675595605481,6
0.05,8101,94,723325,89.27733892865959,7
0.05,8102,96,723421,89.27816857953844,6
0.05,8103,94,723515,89.27875123395854,7
0.05,8104,94,723609,89.2793337446021,7
0.05,8105,91,723700,89.27954601529731,10
0.05,8106,94,723794,89.28012828419884,7
0.05,8107,94,723888,89.28071040947212,8
0.05,8108,94,723982,89.28129239117031,7
0.05,8109,96,724078,89.28212083847103,6
0.05,8110,94,724172,89.28270250277401,7
0.05,8111,94,724266,89.28328402366864,7
0.05,8112,93,724359,89.28374214224085,8
0.05,8113,95,724454,89.28444663544491,6
0.05,8114,95,724549,89.28515095502156,7
0.05,8115,93,724642,89.28560867422375,8
0.05,8116,94,724736,89.2861894788715,8
0.05,8117,95,724831,89.2868933234787,6
0.05,8118,96,724927,89.28772016258159,6
0.05,8119,93,725020,89.28817733990148,8
0.05,8120,93,725113,89.28863440462997,8
0.05,8121,95,725208,89.28933760157597,6
0.05,8122,96,725304,89.2901637326111,6
0.05,8123,25,725329,89.28225012309207,8
0.05,8124,25,725354,89.27433846153846,8
0.05,8125,92,725446,89.27467388629091,9
0.05,8126,95,725541,89.27537836840162,6
0.05,8127,94,725635,89.27595964566929,7
0.05,8128,96,725731,89.27678681264608,6
0.05,8129,96,725827,89.27761377613776,6
0.05,8130,94,725921,89.27819456401427,7
0.05,8131,96,726017,89.27902115100837,6
0.05,8132,94,726111,89.27960162301734,7
0.05,8133,95,726206,89.28030489304156,7
0.05,8134,95,726301,89.28100799016595,6
0.05,8135,95,726396,89.28171091445428,7
0.05,8136,93,726489,89.28216787513826,9
0.05,8137,90,726579,89.28225608257557,11
0.05,8138,95,726674,89.28295859442191,6
0.05,8139,94,726768,89.28353808353809,7
0.05,8140,95,726863,89.28424026532367,6
0.05,8141,94,726957,89.28481945467944,7
0.05,8142,91,727048,89.28503008719146,10
0.05,8143,96,727144,89.28585461689588,6
0.05,8144,91,727235,89.28606507059546,10
0.05,8145,96,727331,89.28688927080776,6
0.05,8146,94,727425,89.28746777955075,7
0.05,8147,92,727517,89.28780068728523,9
0.05,8148,94,727611,89.2883789422015,8
0.05,8149,94,727705,89.28895705521472,7
0.05,8150,94,727799,89.28953502637714,8
0.05,8151,94,727893,89.29011285574093,7
0.05,8152,94,727987,89.29069054335827,7
0.05,8153,91,728078,89.29090017169487,10
0.05,8154,89,728167,89.29086450030655,13
0.05,8155,95,728262,89.29156449239824,6
0.05,8156,92,728354,89.29189653058722,9
0.05,8157,94,728448,89.29247364550135,8
0.05,8158,92,728540,89.29280549086899,9
0.05,8159,94,728634,89.29338235294118,7
0.05,8160,91,728725,89.29359147163338,10
0.05,8161,90,728815,89.29367802009311,11
0.05,8162,94,728909,89.29425456327331,7
0.05,8163,93,729002,89.29470847623713,8
0.05,8164,93,729095,89.29516227801592,8
0.05,8165,94,729189,89.29573842762674,8
0.05,8166,94,729283,89.29631443614547,8
0.05,8167,96,729379,89.29713516160626,6
0.05,8168,91,729470,89.29734361610969,10
0.05,8169,95,729565,89.29804161566707,6
0.05,8170,96,729661,89.29886182841757,6
0.05,8171,94,729755,89.29943710230054,8
0.05,8172,94,729849,89.30001223540927,7
0.05,8173,94,729943,89.30058722779545,7
0.05,8174,21,729964,89.29223241590213,11
0.05,8175,94,730058,89.29280821917808,7
0.05,8176,92,730150,89.29313929313929,9
0.05,8177,94,730244,89.2937148447053,8
0.05,8178,94,730338,89.29429025553246,7
0.05,8179,96,730434,89.29511002444988,6
0.05,8180,94,730528,89.29568512406796,7
0.05,8181,94,730622,89.29626008310926,7
0.05,8182,94,730716,89.29683490162532,7
0.05,8183,94,730810,89.29740957966764,7
0.05,8184,94,730904,89.29798411728773,7
0.05,8185,94,730998,89.29855851453702,7
0.05,8186,94,731092,89.29913277146696,7
0.05,8187,94,731186,89.29970688812897,7
0.05,8188,95,731281,89.30040297960679,7
0.05,8189,91,731372,89.3006105006105,10
0.05,8190,93,731465,89.30106214137469,8
0.05,8191,90,731555,89.3011474609375,11
0.05,8192,95,731650,89.30184303673867,6
0.05,8193,93,731743,89.30229436172809,8
0.05,8194,23,731766,89.29420378279438,9
0.05,8195,96,731862,89.29502196193265,6
0.05,8196,92,731954,89.29535195803342,9
0.05,8197,93,732047,89.29580385459869,8
0.05,8198,93,732140,89.29625564093182,8
0.05,8199,91,732231,89.29646341463415,10
0.05,8200,93,732324,89.29691501036459,9
0.05,8201,95,732419,89.29761033894172,6
0.05,8202,94,732513,89.29818359136901,7
0.05,8203,96,732609,89.29900048756704,6
0.05,8204,95,732704,89.29969530773919,6
0.05,8205,95,732799,89.3003899585669,6
0.05,8206,94,732893,89.30096259290849,7
0.05,8207,96,732989,89.30177875243665,6
0.05,8208,94,733083,89.30235107808502,7
0.05,8209,92,733175,89.3026796589525,9
0.05,8210,92,733267,89.30300815978565,9
0.05,8211,95,733362,89.30370189965903,6
0.05,8212,92,733454,89.30403019603068,9
0.05,8213,95,733549,89.30472364256148,7
0.05,8214,92,733641,89.30505173463177,9
0.05,8215,94,733735,89.30562317429406,7
0.05,8216,94,733829,89.30619447486917,7
0.05,8217,90,733919,89.30627889997567,11
0.05,8218,95,734014,89.30697165105244,6
0.05,8219,92,734106,89.30729927007299,9
0.05,8220,95,734201,89.30799172850018,6
0.05,8221,96,734297,89.30880564339577,6
0.05,8222,95,734392,89.30949775021281,6
0.05,8223,95,734487,89.31018968871595,6
0.05,8224,95,734582,89.31088145896656,6
0.05,8225,94,734676,89.31145149525894,7
0.05,8226,94,734770,89.31202139297436,7
0.05,8227,92,734862,89.31234807972776,9
0.05,8228,94,734956,89.31291772997935,7
0.05,8229,93,735049,89.31336573511543,8
0.05,8230,96,735145,89.31417810715587,6
0.05,8231,94,735239,89.31474732750243,7
0.05,8232,94,735333,89.31531640957124,7
0.05,8233,93,735426,89.31576390575663,8
0.05,8234,95,735521,89.31645415907711,6
0.05,8235,95,735616,89.31714424477902,6
0.05,8236,96,735712,89.31795556634697,6
0.05,8237,95,735807,89.31864530225783,6
0.05,8238,96,735903,89.31945624468989,6
0.05,8239,93,735996,89.31990291262136,8
0.05,8240,90,736086,89.31998543866035,11
0.05,8241,94,736180,89.32055326377093,7
0.05,8242,94,736274,89.32112095111003,7
0.05,8243,92,736366,89.32144590004852,9
0.05,8244,92,736458,89.32177077016374,9
0.05,8245,93,736551,89.32221683240358,8
0.05,8246,93,736644,89.3226627864678,8
0.05,8247,96,736740,89.32347235693501,6
0.05,8248,95,736835,89.32416050430355,6
0.05,8249,96,736931,89.3249696969697,6
0.05,8250,93,737024,89.32541510119985,8
0.05,8251,94,737118,89.32598158022297,8
0.05,8252,91,737209,89.32618441778747,10
0.05,8253,95,737304,89.32687181972376,6
0.05,8254,93,737397,89.32731677771048,8
0.05,8255,94,737491,89.32788275193798,7
0.05,8256,96,737587,89.32869080779945,6
0.05,8257,93,737680,89.32913538387018,8
0.05,8258,94,737774,89.32970093231626,7
0.05,8259,95,737869,89.33038740920097,7
0.05,8260,94,737963,89.33095266916838,7
0.05,8261,95,738058,89.33163882837086,7
0.05,8262,96,738154,89.3324458429142,6
0.05,8263,96,738250,89.33325266214908,6
0.05,8264,93,738343,89.33369630973986,8
0.05,8265,92,738435,89.33401887248972,9
0.05,8266,94,738529,89.33458328293214,7
0.05,8267,94,738623,89.33514755684567,8
0.05,8268,96,738719,89.33595356149473,6
0.05,8269,-51,738668,89.31898428053205,14
0.05,8270,94,738762,89.31955023576351,7
0.05,8271,91,738853,89.31975338491296,10
0.05,8272,92,738945,89.32007736008703,9
0.05,8273,94,739039,89.32064297800338,7
0.05,8274,94,739133,89.3212084592145,8
0.05,8275,94,739227,89.32177380376994,7
0.05,8276,93,739320,89.32221819499819,8
0.05,8277,92,739412,89.32254167673351,9
0.05,8278,93,739505,89.32298586785843,8
0.05,8279,96,739601,89.3237922705314,6
0.05,8280,96,739697,89.32459847844463,6
0.05,8281,21,739718,89.31634870804153,12
0.05,8282,95,739813,89.31703489074008,6
0.05,8283,95,739908,89.31772090777402,6
0.05,8284,96,740004,89.31852745926373,6
0.05,8285,94,740098,89.3190924450881,7
0.05,8286,24,740122,89.31121032943165,8
0.05,8287,95,740217,89.31189671814671,6
0.05,8288,94,740311,89.31246229943298,7
0.05,8289,91,740402,89.31266586248492,11
0.05,8290,96,740498,89.31347243999518,6
0.05,8291,92,740590,89.31379643029426,9
0.05,8292,94,740684,89.31436150970698,8
0.05,8293,96,740780,89.31516759102966,6
0.05,8294,96,740876,89.3159734779988,6
0.05,8295,94,740970,89.31653809064609,7
0.05,8296,95,741065,89.3172230926841,6
0.05,8297,89,741154,89.3171848638226,12
0.05,8298,27,741181,89.309675864562,6
0.05,8299,92,741273,89.31,9
0.05,8300,92,741365,89.31032405734248,10
0.05,8301,94,741459,89.31088894242352,8
0.05,8302,94,741553,89.31145369143682,7
0.05,8303,26,741579,89.30382947976878,7
0.05,8304,92,741671,89.30415412402168,9
0.05,8305,93,741764,89.3045990849988,8
0.05,8306,96,741860,89.30540508005296,6
0.05,8307,95,741955,89.3060905151661,6
0.05,8308,94,742049,89.3066554338669,7
0.05,8309,88,742137,89.30649819494585,13
0.05,8310,92,742229,89.30682228372036,9
0.05,8311,94,742323,89.30738691049086,7
0.05,8312,91,742414,89.30759052087093,10
0.05,8313,94,742508,89.30815491941304,8
0.05,8314,94,742602,89.30871918220085,7
0.05,8315,90,742692,89.30880230880231,11
0.05,8316,93,742785,89.3092461223999,8
0.05,8317,88,742873,89.30908872325078,13
0.05,8318,95,742968,89.30977280923187,6
0.05,8319,94,743062,89.31033653846154,7
0.05,8320,96,743158,89.31114048792213,6
0.05,8321,96,743254,89.31194424417207,6
0.05,8322,96,743350,89.31274780728103,7
0.05,8323,94,743444,89.3133109082172,8
0.05,8324,92,743536,89.31363363363363,9
0.05,8325,94,743630,89.31419649291377,7
0.05,8326,93,743723,89.31463912573555,8
0.05,8327,94,743817,89.31520172910663,7
0.05,8328,96,743913,89.31600432224757,6
0.05,8329,95,744008,89.31668667466987,6
0.05,8330,94,744102,89.31724882967231,8
0.05,8331,94,744196,89.31781084973596,7
0.05,8332,95,744291,89.31849273970958,7
0.05,8333,92,744383,89.31881449484041,9
0.05,8334,27,744410,89.31133773245351,6
0.05,8335,95,744505,89.31202015355086,6
0.05,8336,-47,744458,89.2956699052417,10
0.05,8337,94,744552,89.29623410889901,7
0.05,8338,94,744646,89.29679817723948,7
0.05,8339,90,744736,89.29688249400479,11
0.05,8340,91,744827,89.29708668025417,10
0.05,8341,94,744921,89.29765044353871,7
0.05,8342,95,745016,89.29833393263814,6
0.05,8343,96,745112,89.29913710450623,6
0.05,8344,93,745205,89.29958058717796,8
0.05,8345,92,745297,89.29990414569853,9
0.05,8346,96,745393,89.30070684078112,6
0.05,8347,94,745487,89.30126976521322,7
0.05,8348,94,745581,89.30183255479699,8
0.05,8349,95,745676,89.30251497005987,6
0.05,8350,95,745771,89.30319722188959,6
0.05,8351,92,745863,89.30352011494253,9
0.05,8352,95,745958,89.30420208308392,6
0.05,8353,94,746052,89.30476418482164,8
0.05,8354,94,746146,89.30532615200478,7
0.05,8355,94,746240,89.30588798468166,7
0.05,8356,95,746335,89.30656934306569,6
0.05,8357,95,746430,89.30725053840632,6
0.05,8358,94,746524,89.30781193922718,7
0.05,8359,94,746618,89.30837320574163,7
0.05,8360,88,746706,89.30821672048798,13
0.05,8361,25,746731,89.30052618990672,8
0.05,8362,96,746827,89.30132727490135,6
0.05,8363,94,746921,89.30188904830224,7
0.05,8364,88,747009,89.30173341303049,13
0.05,8365,96,747105,89.30253406645947,6
0.05,8366,93,747198,89.30297597705271,9
0.05,8367,94,747292,89.30353728489484,7
0.05,8368,94,747386,89.30409845859721,7
0.05,8369,90,747476,89.3041816009558,12
0.05,8370,95,747571,89.30486202365309,7
0.05,8371,93,747664,89.30530339225992,8
0.05,8372,94,747758,89.30586408694613,8
0.05,8373,95,747853,89.30654406496298,6
0.05,8374,93,747946,89.30698507462687,8
0.05,8375,90,748036,89.30706781279846,12
0.05,8376,94,748130,89.30762802912737,7
0.05,8377,95,748225,89.30830747195034,6
0.05,8378,95,748320,89.30898675259577,6
0.05,8379,92,748412,89.30930787589499,9
0.05,8380,94,748506,89.3098675575707,7
0.05,8381,94,748600,89.3104271057027,7
0.05,8382,93,748693,89.31086723130144,9
0.05,8383,94,748787,89.31142652671755,7
0.05,8384,94,748881,89.31198568872988,7
0.05,8385,96,748977,89.31278321011209,6
0.05,8386,90,749067,89.31286514844402,12
0.05,8387,95,749162,89.3135431568908,6
0.05,8388,94,749256,89.31410179997616,7
0.05,8389,95,749351,89.31477949940405,6
0.05,8390,94,749445,89.31533786199499,7
0.05,8391,23,749468,89.30743565300286,9
0.05,8392,96,749564,89.30823305135232,6
0.05,8393,93,749657,89.30867286156779,8
0.05,8394,92,749749,89.30899344848123,10
0.05,8395,-53,749696,89.29204383039543,17
0.05,8396,93,749789,89.29248541145647,8
0.05,8397,94,749883,89.2930459633246,7
0.05,8398,92,749975,89.29336825812597,9
0.05,8399,94,750069,89.29392857142857,7
0.05,8400,93,750162,89.29436971789073,8
0.05,8401,93,750255,89.29481075934301,8
0.05,8402,94,750349,89.29537070094014,7
0.05,8403,94,750443,89.29593050928129,7
0.05,8404,95,750538,89.29660916121357,6
0.05,8405,92,750630,89.29693076374019,9
0.05,8406,96,750726,89.29772808373974,6
0.05,8407,94,750820,89.29828734538535,7
0.05,8408,96,750916,89.29908431442502,6
0.05,8409,94,751010,89.29964328180738,7
0.05,8410,94,751104,89.30020211627631,7
0.05,8411,96,751200,89.30099857346647,6
0.05,8412,92,751292,89.3013193866635,10
0.05,8413,96,751388,89.30211552174947,6
0.05,8414,96,751484,89.30291146761735,7
0.05,8415,89,751573,89.30287547528518,12
0.05,8416,95,751668,89.303552334561,6
0.05,8417,94,751762,89.30411023996199,7
0.05,8418,94,751856,89.30466801282813,8
0.05,8419,96,751952,89.30546318289787,6
0.05,8420,95,752047,89.30613941337134,7
0.05,8421,94,752141,89.30669674661601,7
0.05,8422,94,752235,89.30725394752463,7
0.05,8423,91,752326,89.30745489078822,10
0.05,8424,93,752419,89.30789317507418,8
0.05,8425,96,752515,89.30868739615475,6
0.05,8426,94,752609,89.30924409635695,7
0.05,8427,94,752703,89.30980066445183,7
0.05,8428,95,752798,89.31047573852177,7
0.05,8429,93,752891,89.31091340450772,8
0.05,8430,89,752980,89.31087652710237,12
0.05,8431,94,753074,89.31143263757116,7
0.05,8432,21,753095,89.30333214751572,11
0.05,8433,91,753186,89.30353331752431,10
0.05,8434,93,753279,89.30397154712507,8
0.05,8435,93,753372,89.30440967283073,8
0.05,8436,91,753463,89.30461064359369,10
0.05,8437,90,753553,89.30469305522635,11
0.05,8438,94,753647,89.3052494371371,7
0.05,8439,94,753741,89.30580568720379,7
0.05,8440,93,753834,89.30624333609762,8
0.05,8441,96,753930,89.30703624733475,6
0.05,8442,90,754020,89.30711832287102,11
0.05,8443,92,754112,89.30743723353861,9
0.05,8444,96,754208,89.30822972172884,6
0.05,8445,93,754301,89.30866682453232,8
0.05,8446,95,754396,89.30934059429383,7
0.05,8447,93,754489,89.30977746212122,9
0.05,8448,94,754583,89.31033258373772,7
0.05,8449,91,754674,89.3105325443787,10
0.05,8450,24,754698,89.30280440184593,9
0.05,8451,94,754792,89.30336015144344,7
0.05,8452,94,754886,89.30391576954928,7
0.05,8453,94,754980,89.30447125621008,7
0.05,8454,94,755074,89.3050266114725,7
0.05,8455,95,755169,89.30570009460737,6
0.05,8456,90,755259,89.30578219226676,11
0.05,8457,94,755353,89.3063371955545,7
0.05,8458,96,755449,89.30712850218703,6
0.05,8459,95,755544,89.30780141843972,6
0.05,8460,93,755637,89.30823779695072,8
0.05,8461,92,755729,89.30855589695108,9
0.05,8462,95,755824,89.3092284060026,6
0.05,8463,94,755918,89.30978260869566,7
0.05,8464,93,756011,89.31021854695807,8
0.05,8465,92,756103,89.31053626269785,9
0.05,8466,94,756197,89.31109011456242,7
0.05,8467,94,756291,89.31164383561644,7
0.05,8468,94,756385,89.31219742590625,7
0.05,8469,27,756412,89.30484061393152,6
0.05,8470,94,756506,89.30539487663795,7
0.05,8471,96,756602,89.3061850802644,6
0.05,8472,95,756697,89.30685707541603,6
0.05,8473,95,756792,89.30752891196602,6
0.05,8474,92,756884,89.30784660766962,11
0.05,8475,94,756978,89.30840018876829,7
0.05,8476,96,757074,89.30918957178247,6
0.05,8477,26,757100,89.30172210426987,7
0.05,8478,91,757191,89.30192239650903,10
0.05,8479,95,757286,89.30259433962264,6
0.05,8480,95,757381,89.3032661242778,6
0.05,8481,94,757475,89.30381985380806,7
0.05,8482,95,757570,89.3044913356124,7
0.05,8483,92,757662,89.30480905233381,9
0.05,8484,94,757756,89.30536240424279,7
0.05,8485,96,757852,89.30615130803676,6
0.05,8486,95,757947,89.30682219865677,6
0.05,8487,94,758041,89.30737511781338,7
0.05,8488,94,758135,89.30792790670279,7
0.05,8489,94,758229,89.30848056537103,7
0.05,8490,96,758325,89.30926863738075,6
0.05,8491,90,758415,89.30934997644842,11
0.05,8492,93,758508,89.30978452843519,8
0.05,8493,92,758600,89.31010124793973,9
0.05,8494,95,758695,89.3107710417893,6
0.05,8495,96,758791,89.31155838041431,6
0.05,8496,92,758883,89.31187477933388,9
0.05,8497,94,758977,89.31242645328312,8
0.05,8498,93,759070,89.31286033651018,8
0.05,8499,96,759166,89.31364705882353,6
0.05,8500,89,759255,89.31361016351018,13
0.05,8501,94,759349,89.3141613737944,7
0.05,8502,92,759441,89.31447724332588,9
0.05,8503,92,759533,89.31479303857009,9
0.05,8504,95,759628,89.31546149323927,6
0.05,8505,94,759722,89.31601222666353,7
0.05,8506,94,759816,89.31656283061008,7
0.05,8507,92,759908,89.316878232252,9
0.05,8508,-45,759863,89.30109296039488,8
0.05,8509,94,759957,89.30164512338425,7
0.05,8510,94,760051,89.30219715662085,8
0.05,8511,94,760145,89.30274906015038,7
0.05,8512,93,760238,89.30318336661577,8
0.05,8513,91,760329,89.30338266384778,10
0.05,8514,23,760352,89.29559600704638,9
0.05,8515,96,760448,89.29638327853452,6
0.05,8516,94,760542,89.29693554068334,7
0.05,8517,93,760635,89.29737027471238,8
0.05,8518,94,760729,89.29792229134875,7
0.05,8519,96,760825,89.29870892018779,6
0.05,8520,94,760919,89.29926065015843,7
0.05,8521,94,761013,89.29981225064539,7
0.05,8522,92,761105,89.30012906253667,9
0.05,8523,92,761197,89.30044580009385,10
0.05,8524,94,761291,89.30099706744868,7
0.05,8525,92,761383,89.30131362889983,10
0.05,8526,95,761478,89.30198193972089,6
0.05,8527,93,761571,89.30241557223265,8
0.05,8528,90,761661,89.3024973619416,11
0.05,8529,90,761751,89.30257913247362,11
0.05,8530,92,761843,89.30289532293986,9
0.05,8531,95,761938,89.30356305672761,6
0.05,8532,96,762034,89.30434782608695,6
0.05,8533,94,762128,89.30489805483947,7
0.05,8534,96,762224,89.30568248388987,6
0.05,8535,95,762319,89.3063495782568,6
0.05,8536,95,762414,89.30701651634064,6
0.05,8537,27,762441,89.29971890372452,6
0.05,8538,96,762537,89.30050357184682,6
0.05,8539,95,762632,89.30117096018735,6
0.05,8540,94,762726,89.30172110994029,7
0.05,8541,94,762820,89.3022711308827,8
0.05,8542,94,762914,89.30282102305982,7
0.05,8543,92,763006,89.30313670411985,9
0.05,8544,94,763100,89.30368636629608,7
0.05,8545,94,763194,89.30423589983619,8
0.05,8546,93,763287,89.30466830466831,8
0.05,8547,96,763383,89.30545156761815,6
0.05,8548,94,763477,89.30600070183647,7
0.05,8549,91,763568,89.30619883040936,10
0.05,8550,91,763659,89.3063969126418,10
0.05,8551,94,763753,89.30694574368569,7
0.05,8552,92,763845,89.30726061031217,9
0.05,8553,94,763939,89.30780921206453,7
0.05,8554,95,764034,89.30847457627118,6
0.05,8555,94,764128,89.30902290790088,8
0.05,8556,94,764222,89.3095711113708,7
0.05,8557,95,764317,89.31023603645711,6
0.05,8558,94,764411,89.31078397008996,7
0.05,8559,93,764504,89.31121495327103,8
0.05,8560,96,764600,89.31199626211891,6
0.05,8561,89,764689,89.31195982247138,12
0.05,8562,94,764783,89.31250729884387,8
0.05,8563,93,764876,89.31293787949556,8
0.05,8564,92,764968,89.3132516053707,10
0.05,8565,95,765063,89.31391547980388,6
0.05,8566,92,765155,89.31422901832613,10
0.05,8567,96,765251,89.31500933706816,6
0.05,8568,95,765346,89.31567277395261,7
0.05,8569,93,765439,89.31610268378063,8
0.05,8570,94,765533,89.31664916579162,7
0.05,8571,94,765627,89.31719552029865,7
0.05,8572,94,765721,89.31774174734632,7
0.05,8573,95,765816,89.3184044786564,6
0.05,8574,94,765910,89.31895043731778,7
0.05,8575,91,766001,89.31914645522389,10
0.05,8576,95,766096,89.31980879095255,6
0.05,8577,93,766189,89.32023781767312,9
0.05,8578,94,766283,89.32078330807786,7
0.05,8579,93,766376,89.32121212121213,8
0.05,8580,93,766469,89.32164083440159,8
0.05,8581,94,766563,89.32218597063621,7
0.05,8582,96,766659,89.32296399860189,6
0.05,8583,93,766752,89.32339235787512,9
0.05,8584,95,766847,89.32405358182878,7
0.05,8585,96,766943,89.3248311204286,6
0.05,8586,94,767037,89.32537556771864,7
0.05,8587,95,767132,89.32603632976246,6
0.05,8588,93,767225,89.3264640819653,8
0.05,8589,95,767320,89.32712456344586,7
0.05,8590,89,767409,89.3270864858573,12
0.05,8591,93,767502,89.32751396648045,8
0.05,8592,94,767596,89.32805772140114,7
0.05,8593,95,767691,89.32871771003025,6
0.05,8594,96,767787,89.32949389179755,6
0.05,8595,27,767814,89.32224290367613,6
0.05,8596,87,767901,89.32197278120275,14
0.05,8597,96,767997,89.32274947662248,6
0.05,8598,94,768091,89.32329340621003,7
0.05,8599,95,768186,89.3239534883721,6
0.05,8600,92,768278,89.32426462039298,9
0.05,8601,95,768373,89.32492443617764,6
0.05,8602,95,768468,89.32558409857026,6
0.05,8603,94,768562,89.32612738261274,7
0.05,8604,92,768654,89.32643811737363,9
0.05,8605,94,768748,89.32698117592378,7
0.05,8606,94,768842,89.32752410828395,8
0.05,8607,95,768937,89.32818308550186,6
0.05,8608,94,769031,89.32872575211988,8
0.05,8609,93,769124,89.32915214866435,8
0.05,8610,94,769218,89.32969457670421,7
0.05,8611,90,769308,89.32977241058987,11
0.05,8612,88,769396,89.3296180192732,13
0.05,8613,94,769490,89.33016020431855,7
0.05,8614,94,769584,89.3307022634939,7
0.05,8615,93,769677,89.33112813370474,8
0.05,8616,94,769771,89.33166995474063,7
0.05,8617,95,769866,89.3323276862381,6
0.05,8618,92,769958,89.33263719689059,9
0.05,8619,93,770051,89.3330626450116,8
0.05,8620,26,770077,89.32571627421413,7
0.05,8621,93,770170,89.3261424263512,8
0.05,8622,94,770264,89.32668444856779,7
0.05,8623,95,770359,89.32734230055658,6
0.05,8624,94,770453,89.32788405797102,7
0.05,8625,94,770547,89.3284256897751,7
0.05,8626,95,770642,89.32908311116263,6
0.05,8627,94,770736,89.32962447844228,7
0.05,8628,94,770830,89.33016572024569,7
0.05,8629,92,770922,89.33047508690615,9
0.05,8630,95,771017,89.33113196616846,6
0.05,8631,96,771113,89.3319045412419,6
0.05,8632,94,771207,89.33244526815707,7
0.05,8633,96,771303,89.33321751216123,6
0.05,8634,93,771396,89.33364215402432,8
0.05,8635,92,771488,89.33395090319593,9
0.05,8636,94,771582,89.3344911427579,7
0.05,8637,93,771675,89.33491548969668,8
0.05,8638,95,771770,89.33557124667207,6
0.05,8639,96,771866,89.33634259259259,6
0.05,8640,94,771960,89.33688230528874,7
0.05,8641,94,772054,89.3374218930803,7
0.05,8642,92,772146,89.33772995487678,9
0.05,8643,95,772241,89.33838500694124,7
0.05,8644,96,772337,89.33915558126084,6
0.05,8645,96,772433,89.33992597733055,6
0.05,8646,95,772528,89.340580548167,6
0.05,8647,95,772623,89.34123496762257,7
0.05,8648,94,772717,89.34177361544687,8
0.05,8649,92,772809,89.3420809248555,9
0.05,8650,94,772903,89.34261935036412,7
0.05,8651,94,772997,89.34315765141008,7
0.05,8652,95,773092,89.34381139489194,6
0.05,8653,93,773185,89.34423388028657,8
0.05,8654,96,773281,89.34500288850376,6
0.05,8655,-51,773230,89.32878927911275,14
0.05,8656,96,773326,89.32955989372762,6
0.05,8657,96,773422,89.33033033033033,6
0.05,8658,92,773514,89.33063864187551,10
0.05,8659,92,773606,89.33094688221709,9
0.05,8660,92,773698,89.33125505137974,9
0.05,8661,91,773789,89.3314477026091,10
0.05,8662,92,773881,89.33175574281427,9
0.05,8663,95,773976,89.33240997229917,6
0.05,8664,95,774071,89.333064050779,6
0.05,8665,94,774165,89.33360258481422,7
0.05,8666,94,774259,89.33414099457713,7
0.05,8667,92,774351,89.33444854637749,9
0.05,8668,94,774445,89.33498673434076,8
0.05,8669,95,774540,89.33564013840831,6
0.05,8670,92,774632,89.33594741090992,9
0.05,8671,95,774727,89.33660055350553,6
0.05,8672,95,774822,89.33725354548599,7
0.05,8673,95,774917,89.33790638690338,6
0.05,8674,94,775011,89.33844380403458,8
0.05,8675,94,775105,89.33898109727986,8
0.05,8676,94,775199,89.33951826668203,7
0.05,8677,94,775293,89.34005531228394,7
0.05,8678,94,775387,89.34059223412835,7
0.05,8679,88,775475,89.34043778801843,13
0.05,8680,95,775570,89.3410897362055,6
0.05,8681,96,775666,89.34185671504261,6
0.05,8682,93,775759,89.34227801451111,8
0.05,8683,95,775854,89.34292952556426,6
0.05,8684,94,775948,89.34346574553828,7
0.05,8685,96,776044,89.34423209762836,6
0.05,8686,92,776136,89.34453781512605,9
0.05,8687,95,776231,89.34518876611418,6
0.05,8688,23,776254,89.33755322821959,9
0.05,8689,96,776350,89.33831990794016,6
0.05,8690,94,776444,89.33885628811414,7
0.05,8691,94,776538,89.33939254486884,7
0.05,8692,96,776634,89.34015874841826,6
0.05,8693,95,776729,89.34080975385324,6
0.05,8694,21,776750,89.33294997124784,11
0.05,8695,89,776839,89.33291168353266,12
0.05,8696,92,776931,89.33321835115557,9
0.05,8697,92,777023,89.33352494826397,9
0.05,8698,96,777119,89.33429129785033,6
0.05,8699,93,777212,89.33471264367816,9
0.05,8700,90,777302,89.3347891047006,11
0.05,8701,95,777397,89.33544012870604,6
0.05,8702,95,777492,89.33609100310238,6
0.05,8703,94,777586,89.33662683823529,7
0.05,8704,93,777679,89.33704767375072,8
0.05,8705,92,777771,89.33735354927636,9
0.05,8706,94,777865,89.3378890547835,8
0.05,8707,93,777958,89.33830960036748,8
0.05,8708,92,778050,89.33861522562866,9
0.05,8709,94,778144,89.33915040183697,7
0.05,8710,94,778238,89.33968545517162,7
0.05,8711,93,778331,89.34010560146923,8
0.05,8712,94,778425,89.3406404223574,7
0.05,8713,95,778520,89.34128987835666,6
0.05,8714,96,778616,89.34205393000573,6
0.05,8715,94,778710,89.34258834327673,7
0.05,8716,94,778804,89.34312263393369,7
0.05,8717,27,778831,89.33597155310851,6
0.05,8718,93,778924,89.33639178804908,8
0.05,8719,93,779017,89.3368119266055,8
0.05,8720,92,779109,89.33711730306158,9
0.05,8721,96,779205,89.3378812199037,6
0.05,8722,96,779301,89.33864496159578,6
0.05,8723,94,779395,89.33917927556166,7
0.05,8724,94,779489,89.33971346704871,7
0.05,8725,93,779582,89.34013293605318,8
0.05,8726,95,779677,89.34078148275466,6
0.05,8727,94,779771,89.34131530705774,8
0.05,8728,94,779865,89.34184900905029,7
0.05,8729,91,779956,89.34203894616266,10
0.05,8730,94,780050,89.34257244301912,7
0.05,8731,93,780143,89.34299129638113,8
0.05,8732,96,780239,89.34375357838086,6
0.05,8733,92,780331,89.34405770551867,9
0.05,8734,95,780426,89.3447052089296,6
0.05,8735,95,780521,89.34535256410257,7
0.05,8736,92,780613,89.34565640379994,9
0.05,8737,92,780705,89.34596017395285,10
0.05,8738,94,780799,89.3464927337224,7
0.05,8739,96,780895,89.34725400457666,6
0.05,8740,95,780990,89.34790069786065,7
0.05,8741,94,781084,89.34843285289408,7
0.05,8742,95,781179,89.34907926341073,6
0.05,8743,92,781271,89.34938243366881,9
0.05,8744,94,781365,89.3499142367067,7
0.05,8745,92,781457,89.35021724216784,9
0.05,8746,90,781547,89.35029152852407,11
0.05,8747,96,781643,89.3510516689529,6
0.05,8748,91,781734,89.35124014173049,11
0.05,8749,95,781829,89.35188571428571,6
0.05,8750,92,781921,89.35218832133471,9
0.05,8751,95,782016,89.3528336380256,6
0.05,8752,95,782111,89.35347880726609,6
0.05,8753,92,782203,89.35378112862692,9
0.05,8754,96,782299,89.35454026270702,6
0.05,8755,95,782394,89.35518501598904,6
0.05,8756,94,782488,89.35571542765787,7
0.05,8757,94,782582,89.3562457182005,7
0.05,8758,94,782676,89.35677588765842,7
0.05,8759,94,782770,89.35730593607306,7
0.05,8760,93,782863,89.3577217212647,8
0.05,8761,94,782957,89.35825154074412,8
0.05,8762,94,783051,89.3587812393016,7
0.05,8763,94,783145,89.35931081697855,7
0.05,8764,23,783168,89.35173987450085,9
0.05,8765,94,783262,89.352270134611,7
0.05,8766,91,783353,89.35245808144177,10
0.05,8767,95,783448,89.35310218978103,6
0.05,8768,94,783542,89.35363211312578,8
0.05,8769,92,783634,89.3539338654504,9
0.05,8770,94,783728,89.35446357313876,7
0.05,8771,94,783822,89.35499316005472,7
0.05,8772,93,783915,89.3554086401459,9
0.05,8773,93,784008,89.35582402552997,8
0.05,8774,94,784102,89.35635327635327,7
0.05,8775,94,784196,89.35688240656336,7
0.05,8776,23,784219,89.34932209183093,9
0.05,8777,94,784313,89.34985190248348,7
0.05,8778,94,784407,89.35038159243649,7
0.05,8779,94,784501,89.3509111617312,7
0.05,8780,94,784595,89.35144061040884,7
0.05,8781,95,784690,89.35208380778866,6
0.05,8782,93,784783,89.35249914607765,8
0.05,8783,96,784879,89.35325591985428,6
0.05,8784,96,784975,89.3540125213432,6
0.05,8785,95,785070,89.3546551331664,7
0.05,8786,95,785165,89.35529759872539,6
0.05,8787,23,785188,89.34774692762858,9
0.05,8788,95,785283,89.3483900329958,6
0.05,8789,95,785378,89.3490329920364,6
0.05,8790,94,785472,89.34956205209873,7
0.05,8791,25,785497,89.34224294813467,8
0.05,8792,94,785591,89.34277266007051,7
0.05,8793,94,785685,89.34330225153514,7
0.05,8794,92,785777,89.34360432063673,9
0.05,8795,94,785871,89.34413369713506,8
0.05,8796,93,785964,89.34454927816302,8
0.05,8797,93,786057,89.34496476471925,8
0.05,8798,95,786152,89.34560745539265,6
0.05,8799,94,786246,89.34613636363636,7
0.05,8800,93,786339,89.34655152823542,8
0.05,8801,96,786435,89.34730743012952,6
0.05,8802,93,786528,89.34772236737476,8
0.05,8803,94,786622,89.34825079509314,7
0.05,8804,95,786717,89.34889267461669,7
0.05,8805,94,786811,89.34942084942085,8
0.05,8806,88,786899,89.34926762802316,13
0.05,8807,93,786992,89.3496821071753,8
0.05,8808,92,787084,89.3499829719605,9
0.05,8809,94,787178,89.3505107832009,7
0.05,8810,93,787271,89.35092498013846,8
0.05,8811,94,787365,89.35145256468452,7
0.05,8812,92,787457,89.35175309202315,9
0.05,8813,94,787551,89.35228046289993,7
0.05,8814,95,787646,89.35292115711854,6
0.05,8815,95,787741,89.35356170598911,8
0.05,8816,95,787836,89.35420210956107,6
0.05,8817,92,787928,89.3545021546836,9
0.05,8818,93,788021,89.35491552330195,9
0.05,8819,90,788111,89.35498866213152,11
0.05,8820,93,788204,89.35540188187281,8
0.05,8821,94,788298,89.3559283609159,8
0.05,8822,93,788391,89.35634138048283,8
0.05,8823,93,788484,89.356754306437,8
0.05,8824,94,788578,89.35728045325779,7
0.05,8825,23,788601,89.34976206662135,10
0.05,8826,96,788697,89.35051546391753,6
0.05,8827,92,788789,89.35081558676937,9
0.05,8828,94,788883,89.35134216785593,7
0.05,8829,94,788977,89.35186862967157,7
0.05,8830,92,789069,89.35216849733892,9
0.05,8831,94,789163,89.35269474637681,7
0.05,8832,94,789257,89.35322087625948,7
0.05,8833,92,789349,89.3535204890197,9
0.05,8834,95,789444,89.35415959252971,6
0.05,8835,96,789540,89.35491172476233,6
0.05,8836,95,789635,89.35555052619668,6
0.05,8837,96,789731,89.35630233084409,6
0.05,8838,94,789825,89.35682769544066,8
0.05,8839,94,789919,89.35735294117647,8
0.05,8840,85,790004,89.35686008370094,16
0.05,8841,94,790098,89.35738520696675,7
0.05,8842,93,790191,89.3577971276716,8
0.05,8843,92,790283,89.35809588421529,9
0.05,8844,96,790379,89.35884680610515,6
0.05,8845,94,790473,89.35937146732986,7
0.05,8846,95,790568,89.36000904261331,8
0.05,8847,95,790663,89.36064647377938,6
0.05,8848,93,790756,89.36105774663804,8
0.05,8849,93,790849,89.36146892655367,8
0.05,8850,93,790942,89.3618800135578,8
0.05,8851,94,791036,89.36240397650249,7
0.05,8852,94,791130,89.3629278210776,7
0.05,8853,95,791225,89.3635644906257,6
0.05,8854,95,791320,89.36420101637493,6
0.05,8855,92,791412,89.36449864498645,9
0.05,8856,95,791507,89.365134921531,6
0.05,8857,93,791600,89.3655452698126,8
0.05,8858,92,791692,89.36584264589683,10
0.05,8859,96,791788,89.3665914221219,6
0.05,8860,95,791883,89.36722717526239,6
0.05,8861,94,791977,89.36774994357933,7
0.05,8862,96,792073,89.3684982511565,6
0.05,8863,94,792167,89.36902075812274,7
0.05,8864,21,792188,89.36130851663846,11
0.05,8865,26,792214,89.3541619670652,6
0.05,8866,94,792308,89.35468591406338,7
0.05,8867,94,792402,89.35520974289581,7
0.05,8868,95,792497,89.35584620588567,7
0.05,8869,95,792592,89.3564825253664,7
0.05,8870,96,792688,89.35723142824935,6
0.05,8871,94,792782,89.3577547339946,7
0.05,8872,96,792878,89.35850332469289,6
0.05,8873,94,792972,89.35902636916836,7
0.05,8874,93,793065,89.35943661971831,8
0.05,8875,94,793159,89.35995944118973,7
0.05,8876,22,793181,89.35237129660922,10
0.05,8877,96,793277,89.3531200720883,6
0.05,8878,95,793372,89.35375605360964,7
0.05,8879,92,793464,89.35405405405406,9
0.05,8880,93,793557,89.35446458732125,8
0.05,8881,95,793652,89.35510020265706,6
0.05,8882,92,793744,89.35539795114263,9
0.05,8883,96,793840,89.35614588023412,6
0.05,8884,93,793933,89.35655599324704,8
0.05,8885,19,793952,89.34863830744992,13
0.05,8886,22,793974,89.34105997524473,10
0.05,8887,93,794067,89.34147164716471,8
0.05,8888,94,794161,89.34199572505344,7
0.05,8889,94,794255,89.34251968503936,7
0.05,8890,94,794349,89.3430435271623,7
0.05,8891,94,794443,89.34356725146199,8
0.05,8892,94,794537,89.34409085797819,7
0.05,8893,93,794630,89.34450191140094,8
0.05,8894,93,794723,89.34491287240023,9
0.05,8895,94,794817,89.34543615107914,7
0.05,8896,94,794911,89.34595931212769,7
0.05,8897,95,795006,89.3465947403911,6
0.05,8898,95,795101,89.3472300258456,6
0.05,8899,95,795196,89.34786516853933,6
0.05,8900,93,795289,89.34827547466577,8
0.05,8901,95,795384,89.34891035722309,6
0.05,8902,94,795478,89.34943277546894,7
0.05,8903,94,795572,89.34995507637016,7
0.05,8904,93,795665,89.35036496350365,8
0.05,8905,93,795758,89.35077475858971,8
0.05,8906,95,795853,89.35140900415404,6
0.05,8907,95,795948,89.35204310731926,6
0.05,8908,92,796040,89.35234033000337,9
0.05,8909,90,796130,89.35241301907969,11
0.05,8910,92,796222,89.35271013354281,9
0.05,8911,91,796313,89.35289497307002,10
0.05,8912,96,796409,89.35364074946708,6
0.05,8913,93,796502,89.35404980928875,8
0.05,8914,92,796594,89.3543466068424,9
0.05,8915,90,796684,89.35441902198295,13
0.05,8916,91,796775,89.35460356622183,10
0.05,8917,96,796871,89.35534873289976,6
0.05,8918,95,796966,89.35598161228837,7
0.05,8919,92,797058,89.35627802690583,9
0.05,8920,94,797152,89.35679856518327,7
0.05,8921,95,797247,89.35743106926698,6
0.05,8922,96,797343,89.35817550151295,6
0.05,8923,93,797436,89.35858359480054,8
0.05,8924,94,797530,89.35910364145658,8
0.05,8925,95,797625,89.3597356038539,6
0.05,8926,95,797720,89.36036742466675,6
0.05,8927,93,797813,89.36077508960574,8
0.05,8928,93,797906,89.36118266323217,8
0.05,8929,93,797999,89.36159014557671,8
0.05,8930,96,798095,89.36233344530288,6
0.05,8931,94,798189,89.3628526645768,7
0.05,8932,94,798283,89.36337176760327,8
0.05,8933,94,798377,89.3638907544213,7
0.05,8934,96,798473,89.36463346390599,6
0.05,8935,95,798568,89.36526410026858,6
0.05,8936,95,798663,89.36589459550184,6
0.05,8937,95,798758,89.36652494965317,7
0.05,8938,94,798852,89.36704329343327,7
0.05,8939,94,798946,89.3675615212528,7
0.05,8940,94,799040,89.36807963315066,7
0.05,8941,95,799135,89.3687094609707,6
0.05,8942,94,799229,89.36922732863692,7
0.05,8943,21,799250,89.3615831842576,11
0.05,8944,96,799346,89.3623253214086,6
0.05,8945,94,799440,89.36284372904092,9
0.05,8946,93,799533,89.36325025148095,8
0.05,8947,93,799626,89.36365668305767,8
0.05,8948,93,799719,89.36406302380155,8
0.05,8949,95,799814,89.36469273743016,6
0.05,8950,94,799908,89.36521059099542,7
0.05,8951,95,800003,89.3658400357462,6
0.05,8952,94,800097,89.36635764548195,8
0.05,8953,96,800193,89.36709850346215,6
0.05,8954,93,800286,89.3675041876047,8
0.05,8955,94,800380,89.36802143814202,7
0.05,8956,94,800474,89.36853857318299,7
0.05,8957,95,800569,89.36916722482697,6
0.05,8958,94,800663,89.36968411653086,8
0.05,8959,89,800752,89.36964285714286,12
0.05,8960,94,800846,89.37015958040398,7
0.05,8961,92,800938,89.3704530238786,9
0.05,8962,96,801034,89.37119268102198,6
0.05,8963,96,801130,89.371932173137,6
0.05,8964,94,801224,89.37244841048522,8
0.05,8965,96,801320,89.3731875975909,6
0.05,8966,95,801415,89.37381509981041,6
0.05,8967,95,801510,89.37444246208742,6
0.05,8968,94,801604,89.37495818931876,7
0.05,8969,95,801699,89.37558528428093,6
0.05,8970,94,801793,89.37610076914503,7
0.05,8971,96,801889,89.37683905483728,6
0.05,8972,90,801979,89.37690850328764,11
0.05,8973,94,802073,89.3774236683753,7
0.05,8974,24,802097,89.37013927576602,9
0.05,8975,96,802193,89.3708778966132,6
0.05,8976,93,802286,89.37128216553414,8
0.05,8977,92,802378,89.37157496101581,9
0.05,8978,96,802474,89.37231317518655,6
0.05,8979,94,802568,89.3728285077951,7
0.05,8980,93,802661,89.37323237946777,8
0.05,8981,89,802750,89.37319082609663,12
0.05,8982,94,802844,89.37370588890126,7
0.05,8983,95,802939,89.3743321460374,6
0.05,8984,94,803033,89.3748469671675,7
0.05,8985,95,803128,89.37547295793456,6
0.05,8986,95,803223,89.37609880939134,6
0.05,8987,94,803317,89.37661326212728,7
0.05,8988,94,803411,89.37712760040048,7
0.05,8989,93,803504,89.37753058954394,8
0.05,8990,93,803597,89.3779334890446,8
0.05,8991,93,803690,89.37833629893238,8
0.05,8992,95,803785,89.37896141443345,6
0.05,8993,-45,803740,89.36402045808316,9
0.05,8994,95,803835,89.36464702612562,6
0.05,8995,91,803926,89.3648288128057,10
0.05,8996,96,804022,89.36556629987774,6
0.05,8997,94,804116,89.36608135141142,7
0.05,8998,92,804208,89.36637404156018,10
0.05,8999,94,804302,89.3668888888889,7
0.05,9000,96,804398,89.3676258193534,6
0.05,9001,94,804492,89.3681404132415,7
0.05,9002,91,804583,89.36832167055427,10
0.05,9003,95,804678,89.36894713460684,6
0.05,9004,96,804774,89.36968350916158,6
0.05,9005,91,804865,89.36986453475461,10
0.05,9006,95,804960,89.37048961918508,6
0.05,9007,95,805055,89.37111456483126,6
0.05,9008,93,805148,89.37151737151737,8
0.05,9009,92,805240,89.37180910099889,9
0.05,9010,94,805334,89.37232271667962,7
0.05,9011,94,805428,89.3728362183755,7
0.05,9012,25,805453,89.36569399755908,9
0.05,9013,89,805542,89.36565342800088,12
0.05,9014,94,805636,89.36616749861342,7
0.05,9015,94,805730,89.36668145519077,7
0.05,9016,91,805821,89.36686259288011,10
0.05,9017,92,805913,89.36715457972943,10
0.05,9018,92,806005,89.36744650182948,9
0.05,9019,25,806030,89.36031042128603,8
0.05,9020,94,806124,89.36082474226804,7
0.05,9021,91,806215,89.36100642872977,10
0.05,9022,94,806309,89.36152055857254,7
0.05,9023,96,806405,89.36225620567376,6
0.05,9024,92,806497,89.3625484764543,9
0.05,9025,94,806591,89.36306226456902,7
0.05,9026,94,806685,89.36357593885012,7
0.05,9027,95,806780,89.36420026583961,6
0.05,9028,95,806875,89.36482445453538,6
0.05,9029,94,806969,89.36533776301218,7
0.05,9030,93,807062,89.3657402281032,8
0.05,9031,96,807158,89.36647475642161,6
0.05,9032,94,807252,89.36698771172368,7
0.05,9033,94,807346,89.3675005534647,7
0.05,9034,96,807442,89.36823464305479,6
0.05,9035,95,807537,89.36885790172643,7
0.05,9036,95,807632,89.3694810224632,6
0.05,9037,96,807728,89.37021464925868,6
0.05,9038,23,807751,89.36287199911494,9
0.05,9039,95,807846,89.36349557522124,6
0.05,9040,92,807938,89.36378719168233,10
0.05,9041,93,808031,89.36418933864189,8
0.05,9042,89,808120,89.36414906557559,12
0.05,9043,96,808216,89.36488279522335,6
0.05,9044,93,808309,89.36528468767274,8
0.05,9045,96,808405,89.36601812956003,6
0.05,9046,94,808499,89.36653034154969,7
0.05,9047,96,808595,89.36726348364279,6
0.05,9048,94,808689,89.36777544480053,8
0.05,9049,96,808785,89.36850828729281,6
0.05,9050,92,808877,89.36879902773174,9
0.05,9051,95,808972,89.36942112240389,7
0.05,9052,94,809066,89.36993261902131,7
0.05,9053,93,809159,89.37033355423017,8
0.05,9054,94,809253,89.37084483710657,7
0.05,9055,94,809347,89.37135600706713,7
0.05,9056,95,809442,89.37197747598543,6
0.05,9057,94,809536,89.3724884080371,7
0.05,9058,95,809631,89.37310961474776,6
0.05,9059,94,809725,89.37362030905078,8
0.05,9060,96,809821,89.37435161681934,6
0.05,9061,94,809915,89.3748620613551,7
0.05,9062,95,810010,89.3754827319872,6
0.05,9063,92,810102,89.37577228596646,9
0.05,9064,95,810197,89.37639271924986,6
0.05,9065,95,810292,89.37701301566291,6
0.05,9066,95,810387,89.3776331752509,7
0.05,9067,94,810481,89.3781429201588,7
0.05,9068,94,810575,89.37865255265189,7
0.05,9069,96,810671,89.37938257993385,6
0.05,9070,95,810766,89.38000220482857,6
0.05,9071,94,810860,89.3805114638448,7
0.05,9072,93,810953,89.38091039347515,8
0.05,9073,24,810977,89.37370509147013,8
0.05,9074,95,811072,89.37432506887052,6
0.05,9075,92,811164,89.3746143675628,9
0.05,9076,95,811259,89.37523410818552,6
0.05,9077,93,811352,89.37563339942719,8
0.05,9078,96,811448,89.3763630355766,6
0.05,9079,94,811542,89.37687224669604,7
0.05,9080,92,811634,89.37716110560511,9
0.05,9081,94,811728,89.37767011671438,7
0.05,9082,94,811822,89.3781790157437,7
0.05,9083,94,811916,89.37868780273007,7
0.05,9084,27,811943,89.37182168409466,6
0.05,9085,93,812036,89.37222099933965,8
0.05,9086,95,812131,89.37284032133817,6
0.05,9087,95,812226,89.37345950704226,7
0.05,9088,92,812318,89.37374848718231,9
0.05,9089,95,812413,89.37436743674367,6
0.05,9090,96,812509,89.37509624903751,6
0.05,9091,92,812601,89.37538495380554,9
0.05,9092,90,812691,89.3754536456615,11
0.05,9093,92,812783,89.3757422476358,9
0.05,9094,92,812875,89.37603078614623,9
0.05,9095,96,812971,89.37675901495163,6
0.05,9096,95,813066,89.37737715730461,6
0.05,9097,93,813159,89.37777533523851,8
0.05,9098,15,813174,89.369601055061,17
0.05,9099,94,813268,89.37010989010989,9
0.05,9100,93,813361,89.37050873530382,8
0.05,9101,96,813457,89.37123709074929,6
0.05,9102,93,813550,89.37163572448644,8
0.05,9103,93,813643,89.37203427065026,8
0.05,9104,92,813735,89.37232289950576,9
0.05,9105,96,813831,89.3730507357786,6
0.05,9106,92,813923,89.37333918963435,9
0.05,9107,94,814017,89.37384716732542,7
0.05,9108,91,814108,89.37402568887913,11
0.05,9109,25,814133,89.36695938529088,8
0.05,9110,96,814229,89.36768741082209,6
0.05,9111,26,814255,89.36073309920984,6
0.05,9112,94,814349,89.36124218149895,7
0.05,9113,94,814443,89.36175115207374,7
0.05,9114,92,814535,89.36204059243006,9
0.05,9115,-50,814485,89.34675296182536,13
0.05,9116,95,814580,89.34737303937699,7
0.05,9117,92,814672,89.34766396139504,9
0.05,9118,96,814768,89.34839346419564,6
0.05,9119,95,814863,89.34901315789473,7
0.05,9120,93,814956,89.3494134415086,8
0.05,9121,92,815048,89.34970401227801,9
0.05,9122,92,815140,89.34999451934671,9
0.05,9123,92,815232,89.35028496273564,9
0.05,9124,94,815326,89.35079452054795,8
0.05,9125,92,815418,89.35108481262327,9
0.05,9126,92,815510,89.35137504108688,9
0.05,9127,93,815603,89.35177475898335,8
0.05,9128,90,815693,89.35184576623945,11
0.05,9129,94,815787,89.35235487404162,7
0.05,9130,92,815879,89.35264483627203,9
0.05,9131,95,815974,89.3532632501095,6
0.05,9132,93,816067,89.35366254242855,8
0.05,9133,20,816087,89.34606962995402,12
0.05,9134,94,816181,89.34657909140668,7
0.05,9135,94,816275,89.347088441331,7
0.05,9136,94,816369,89.3475976797636,8
0.05,9137,94,816463,89.34810680674109,7
0.05,9138,91,816554,89.34828755881388,10
0.05,9139,94,816648,89.34879649890591,7
0.05,9140,94,816742,89.34930532764467,7
0.05,9141,94,816836,89.34981404506672,8
0.05,9142,94,816930,89.35032265120857,7
0.05,9143,95,817025,89.35094050743658,6
0.05,9144,96,817121,89.35166757791143,6
0.05,9145,94,817215,89.35217581456375,7
0.05,9146,94,817309,89.35268394008965,7
0.05,9147,95,817404,89.35330126803673,6
0.05,9148,96,817500,89.354027762597,6
0.05,9149,92,817592,89.35431693989071,9
0.05,9150,95,817687,89.35493388700688,6
0.05,9151,91,817778,89.35511363636364,11
0.05,9152,96,817874,89.35583961542663,6
0.05,9153,94,817968,89.35634695215207,7
0.05,9154,96,818064,89.35707263790279,6
0.05,9155,94,818158,89.35757972913936,7
0.05,9156,93,818251,89.3579775035492,9
0.05,9157,96,818347,89.35870277353133,6
0.05,9158,96,818443,89.3594278851403,6
0.05,9159,96,818539,89.36015283842795,6
0.05,9160,90,818629,89.3602226831132,11
0.05,9161,96,818725,89.36094739139926,6
0.05,9162,94,818819,89.36145367237805,7
0.05,9163,90,818909,89.36152335224793,11
0.05,9164,90,818999,89.36159301691217,11
0.05,9165,92,819091,89.36188086406284,9
0.05,9166,94,819185,89.36238682229737,7
0.05,9167,94,819279,89.36289267015707,7
0.05,9168,93,819372,89.36328934453049,9
0.05,9169,94,819466,89.36379498364231,8
0.05,9170,94,819560,89.364300512485,7
0.05,9171,96,819656,89.36502398604448,6
0.05,9172,95,819751,89.36563828627494,6
0.05,9173,94,819845,89.36614344887727,7
0.05,9174,96,819941,89.36686648501363,6
0.05,9175,92,820033,89.36715344376634,9
0.05,9176,95,820128,89.36776724419745,6
0.05,9177,93,820221,89.36816299847462,8
0.05,9178,91,820312,89.36834077786251,11
0.05,9179,90,820402,89.36840958605664,11
0.05,9180,94,820496,89.36891406164906,8
0.05,9181,94,820590,89.36941842735787,8
0.05,9182,95,820685,89.37003158009365,6
0.05,9183,96,820781,89.37075348432056,6
0.05,9184,95,820876,89.3713663581927,6
0.05,9185,92,820968,89.37165251469628,9
0.05,9186,95,821063,89.37226515728747,6
0.05,9187,91,821154,89.37244231606444,10
0.05,9188,95,821249,89.37305473936227,6
0.05,9189,95,821344,89.37366702937976,7
0.05,9190,96,821440,89.37438798824938,6
0.05,9191,95,821535,89.375,6
0.05,9192,92,821627,89.3752855433482,9
0.05,9193,92,821719,89.37557102458125,9
0.05,9194,96,821815,89.3762914627515,6
0.05,9195,94,821909,89.37679425837321,7
0.05,9196,27,821936,89.37001196042188,6
0.05,9197,93,822029,89.37040661013263,8
0.05,9198,93,822122,89.37080117404065,8
0.05,9199,93,822215,89.37119565217391,8
0.05,9200,94,822309,89.37169872839908,7
0.05,9201,91,822400,89.37187567920017,10
0.05,9202,93,822493,89.37226991198523,8
0.05,9203,96,822589,89.37299000434594,6
0.05,9204,94,822683,89.37349266702878,7
0.05,9205,95,822778,89.37410384531827,7
0.05,9206,95,822873,89.37471489084392,6
0.05,9207,93,822966,89.37510860121634,8
0.05,9208,95,823061,89.37571940492995,6
0.05,9209,94,823155,89.37622149837134,8
0.05,9210,92,823247,89.37650635110194,9
0.05,9211,95,823342,89.37711680416848,6
0.05,9212,96,823438,89.3778356669923,6
0.05,9213,96,823534,89.37855437377902,6
0.05,9214,92,823626,89.37883884970158,9
0.05,9215,95,823721,89.37944878472223,7
0.05,9216,94,823815,89.3799500922209,7
0.05,9217,94,823909,89.38045129095248,7
0.05,9218,93,824002,89.38084390931772,10
0.05,9219,96,824098,89.38156182212582,6
0.05,9220,90,824188,89.38162889057585,11
0.05,9221,94,824282,89.38212968987204,7
0.05,9222,94,824376,89.38263038057032,7
0.05,9223,94,824470,89.38313096270599,7
0.05,9224,92,824562,89.38341463414635,9
0.05,9225,95,824657,89.38402341209625,6
0.05,9226,95,824752,89.38463205809039,6
0.05,9227,89,824841,89.38459037711313,12
0.05,9228,95,824936,89.3851988297757,6
0.05,9229,96,825032,89.38591549295775,6
0.05,9230,94,825126,89.3864153396165,7
0.05,9231,94,825220,89.3869150779896,7
0.05,9232,94,825314,89.3874147081122,7
0.05,9233,94,825408,89.38791423001949,7
0.05,9234,94,825502,89.38841364374662,8
0.05,9235,92,825594,89.3886964053703,9
0.05,9236,92,825686,89.38897910577028,9
0.05,9237,94,825780,89.38947824204374,7
0.05,9238,92,825872,89.38976079662301,9
0.05,9239,94,825966,89.39025974025974,8
0.05,9240,92,826058,89.39054214911806,9
0.05,9241,94,826152,89.39104090023804,7
0.05,9242,96,826248,89.39175592340149,6
0.05,9243,94,826342,89.3922544353094,7
0.05,9244,93,826435,89.39264467279611,8
0.05,9245,95,826530,89.39325113562622,7
0.05,9246,27,826557,89.38650373093976,6
0.05,9247,96,826653,89.38721885813149,6
0.05,9248,93,826746,89.3876094712942,8
0.05,9249,95,826841,89.38821621621622,6
0.05,9250,94,826935,89.38871473354232,7
0.05,9251,93,827028,89.38910505836576,8
0.05,9252,92,827120,89.38938722576462,9
0.05,9253,95,827215,89.38999351631726,7
0.05,9254,94,827309,89.39049162614803,7
0.05,9255,93,827402,89.3908815903198,8
0.05,9256,22,827424,89.38360159879011,10
0.05,9257,92,827516,89.38388420825233,9
0.05,9258,91,827607,89.3840587536451,10
0.05,9259,93,827700,89.38444924406048,8
0.05,9260,23,827723,89.37728107115862,9
0.05,9261,96,827819,89.3779961131505,6
0.05,9262,96,827915,89.3787110007557,6
0.05,9263,96,828011,89.37942573402418,6
0.05,9264,93,828104,89.37981651376147,8
0.05,9265,92,828196,89.38009928771854,9
0.05,9266,95,828291,89.38070573000971,7
0.05,9267,94,828385,89.38120414328874,7
0.05,9268,94,828479,89.38170244902362,7
0.05,9269,94,828573,89.38220064724919,7
0.05,9270,93,828666,89.38259087477078,8
0.05,9271,95,828761,89.38319672131148,7
0.05,9272,92,828853,89.38347891728675,9
0.05,9273,94,828947,89.38397670907915,7
0.05,9274,94,829041,89.384474393531,7
0.05,9275,94,829135,89.38497197067701,7
0.05,9276,92,829227,89.38525385361648,9
0.05,9277,95,829322,89.3858590213408,6
0.05,9278,94,829416,89.38635628839315,8
0.05,9279,92,829508,89.38663793103449,9
0.05,9280,93,829601,89.38702725999353,8
0.05,9281,94,829695,89.38752424046541,8
0.05,9282,95,829790,89.38812883766023,7
0.05,9283,94,829884,89.38862559241706,7
0.05,9284,24,829908,89.38158319870759,8
0.05,9285,94,830002,89.38208055136765,8
0.05,9286,93,830095,89.38247011952191,8
0.05,9287,92,830187,89.3827519379845,9
0.05,9288,92,830279,89.38303369576919,9
0.05,9289,90,830369,89.38310010764263,11
0.05,9290,92,830461,89.38338176730169,9
0.05,9291,95,830556,89.38398622470943,6
0.05,9292,95,830651,89.38459055202841,6
0.05,9293,94,830745,89.38508715300193,7
0.05,9294,90,830835,89.38515330823023,12
0.05,9295,96,830931,89.38586488812392,6
0.05,9296,94,831025,89.3863611917823,7
0.05,9297,95,831120,89.3869649386965,6
0.05,9298,94,831214,89.38746101731368,7
0.05,9299,95,831309,89.38806451612903,6
0.05,9300,21,831330,89.38071175142458,11
0.05,9301,94,831424,89.38120834229198,7
0.05,9302,96,831520,89.38191981081371,6
0.05,9303,94,831614,89.38241616509028,7
0.05,9304,94,831708,89.38291241268135,7
0.05,9305,96,831804,89.38362346872985,6
0.05,9306,94,831898,89.38411947996131,7
0.05,9307,94,831992,89.38461538461539,7
0.05,9308,96,832088,89.3853260285745,6
0.05,9309,94,832182,89.3858216970999,8
0.05,9310,95,832277,89.38642465900547,7
0.05,9311,23,832300,89.37929553264605,10
0.05,9312,95,832395,89.37989906582197,7
0.05,9313,93,832488,89.3802877388877,8
0.05,9314,23,832511,89.37316156736446,10
0.05,9315,93,832604,89.3735508802061,8
0.05,9316,95,832699,89.37415477084899,6
0.05,9317,95,832794,89.3747585318738,6
0.05,9318,92,832886,89.37504024036915,10
0.05,9319,94,832980,89.37553648068669,7
0.05,9320,89,833069,89.37549619139577,12
0.05,9321,92,833161,89.37577773010084,10
0.05,9322,94,833255,89.37627373163144,8
0.05,9323,92,833347,89.37655512655513,9
0.05,9324,94,833441,89.3770509383378,8
0.05,9325,94,833535,89.37754664379155,7
0.05,9326,95,833630,89.37814945856117,6
0.05,9327,94,833724,89.3786449399657,7
0.05,9328,94,833818,89.37914031514632,8
0.05,9329,94,833912,89.37963558413719,7
0.05,9330,91,834003,89.3798092380238,10
0.05,9331,94,834097,89.38030432918988,8
0.05,9332,95,834192,89.38090646094503,8
0.05,9333,94,834286,89.38140132847654,8
0.05,9334,93,834379,89.38178896625602,8
0.05,9335,95,834474,89.38239074550128,7
0.05,9336,94,834568,89.38288529506265,7
0.05,9337,96,834664,89.38359391732705,6
0.05,9338,94,834758,89.38408823214476,7
0.05,9339,94,834852,89.3845824411135,7
0.05,9340,94,834946,89.3850765442672,8
0.05,9341,94,835040,89.38557054163991,8
0.05,9342,94,835134,89.38606443326555,8
0.05,9343,94,835228,89.38655821917808,7
0.05,9344,94,835322,89.38705189941145,8
0.05,9345,94,835416,89.38754547399957,7
0.05,9346,95,835511,89.38814592917514,6
0.05,9347,96,835607,89.38885323063757,6
0.05,9348,95,835702,89.38945341747781,6
0.05,9349,95,835797,89.39005347593583,6
0.05,9350,94,835891,89.39054646561866,7
0.05,9351,93,835984,89.39093242087255,8
0.05,9352,96,836080,89.39163904629531,6
0.05,9353,96,836176,89.39234552063289,6
0.05,9354,94,836270,89.3928380545163,7
0.05,9355,95,836365,89.3934373663959,7
0.05,9356,94,836459,89.3939296783157,7
0.05,9357,94,836553,89.39442188501816,7
0.05,9358,95,836648,89.39502083555935,6
0.05,9359,94,836742,89.39551282051282,7
0.05,9360,90,836832,89.39557739557739,11
0.05,9361,93,836925,89.39596240119633,8
0.05,9362,95,837020,89.39656093132542,6
0.05,9363,93,837113,89.39694574967963,8
0.05,9364,95,837208,89.39754404698346,6
0.05,9365,96,837304,89.39824898569293,6
0.05,9366,91,837395,89.3984199850539,10
0.05,9367,94,837489,89.39891118701964,7
0.05,9368,93,837582,89.39929554915146,8
0.05,9369,96,837678,89.4,6
0.05,9370,96,837774,89.40070430050154,6
0.05,9371,92,837866,89.40098164746053,9
0.05,9372,94,837960,89.40147231409367,7
0.05,9373,96,838056,89.40217623213142,6
0.05,9374,96,838152,89.40288,6
0.05,9375,94,838246,89.40337030716724,7
0.05,9376,95,838341,89.40396715367389,6
0.05,9377,96,838437,89.40467050543826,6
0.05,9378,96,838533,89.40537370721826,6
0.05,9379,95,838628,89.40597014925373,6
0.05,9380,92,838720,89.40624666879863,9
0.05,9381,95,838815,89.40684289064166,6
0.05,9382,94,838909,89.40733240967708,7
0.05,9383,91,839000,89.4075021312873,10
0.05,9384,94,839094,89.40799147575919,7
0.05,9385,95,839189,89.40858725761773,6
0.05,9386,94,839283,89.40907638223075,7
0.05,9387,96,839379,89.40977844056242,6
0.05,9388,91,839470,89.40994781126851,10
0.05,9389,93,839563,89.41033013844516,8
0.05,9390,92,839655,89.41060589926525,9
0.05,9391,21,839676,89.40332197614991,12
0.05,9392,94,839770,89.40381134887683,7
0.05,9393,94,839864,89.40430061741537,8
0.05,9394,94,839958,89.40478978179883,7
0.05,9395,95,840053,89.4053852703278,6
0.05,9396,96,840149,89.40608704905821,6
0.05,9397,94,840243,89.40657586720579,7
0.05,9398,95,840338,89.40717097563571,6
0.05,9399,94,840432,89.40765957446808,7
0.05,9400,96,840528,89.4083608126795,6
0.05,9401,91,840619,89.40853009997873,10
0.05,9402,94,840713,89.4090183983835,8
0.05,9403,95,840808,89.4096129306678,6
0.05,9404,94,840902,89.41010101010102,7
0.05,9405,96,840998,89.4108016159898,6
0.05,9406,92,841090,89.4110768576592,9
0.05,9407,95,841185,89.41167091836735,6
0.05,9408,94,841279,89.4121585715804,7
0.05,9409,92,841371,89.4124335812965,9
0.05,9410,94,841465,89.4129210498353,7
0.05,9411,94,841559,89.41340841478963,7
0.05,9412,95,841654,89.41400191224902,6
0.05,9413,94,841748,89.41448905884852,7
0.05,9414,94,841842,89.41497610196495,7
0.05,9415,92,841934,89.41525063721325,9
0.05,9416,96,842030,89.41594987788042,6
0.05,9417,94,842124,89.41643661074538,7
0.05,9418,93,842217,89.416817071876,8
0.05,9419,96,842313,89.41751592356688,6
0.05,9420,94,842407,89.41800233520857,7
0.05,9421,95,842502,89.41859477817873,6
0.05,9422,96,842598,89.41929321872016,6
0.05,9423,94,842692,89.419779286927,7
0.05,9424,94,842786,89.42026525198939,7
0.05,9425,93,842879,89.4206450244006,8
0.05,9426,91,842970,89.42081255966903,10
0.05,9427,94,843064,89.42129826050063,7
0.05,9428,95,843159,89.42188991409482,6
0.05,9429,93,843252,89.42226935312831,8
0.05,9430,94,843346,89.42275474498993,7
0.05,9431,94,843440,89.42324003392706,7
0.05,9432,94,843534,89.42372521997244,8
0.05,9433,93,843627,89.42410430358278,8
0.05,9434,96,843723,89.42480127186009,6
0.05,9435,94,843817,89.42528613819415,7
0.05,9436,94,843911,89.42577090176962,8
0.05,9437,94,844005,89.4262555626192,8
0.05,9438,95,844100,89.42684606420171,6
0.05,9439,93,844193,89.42722457627119,8
0.05,9440,91,844284,89.42739116619002,10
0.05,9441,96,844380,89.42808726964626,6
0.05,9442,92,844472,89.42835963147304,9
0.05,9443,96,844568,89.429055484964,6
0.05,9444,96,844664,89.4297511911064,6
0.05,9445,94,844758,89.43023502011434,7
0.05,9446,93,844851,89.4306128929819,8
0.05,9447,92,844943,89.43088484335308,9
0.05,9448,94,845037,89.43136839877236,8
0.05,9449,92,845129,89.43164021164021,9
0.05,9450,93,845222,89.43201777589672,8
0.05,9451,93,845315,89.43239526026238,8
0.05,9452,94,845409,89.4328784512853,7
0.05,9453,94,845503,89.43336154008885,7
0.05,9454,94,845597,89.43384452670544,7
0.05,9455,96,845693,89.43453891708968,6
0.05,9456,89,845782,89.43449296817172,12
0.05,9457,96,845878,89.43518714315923,6
0.05,9458,92,845970,89.43545829368855,9
0.05,9459,95,846065,89.43604651162791,7
0.05,9460,94,846159,89.43652890814924,7
0.05,9461,94,846253,89.43701120270556,7
0.05,9462,94,846347,89.43749339532917,8
0.05,9463,92,846439,89.437764158918,9
0.05,9464,94,846533,89.43824617010037,7
0.05,9465,95,846628,89.43883372068456,7
0.05,9466,94,846722,89.43931551705926,7
0.05,9467,96,846818,89.44000844951415,6
0.05,9468,95,846913,89.4405956278382,6
0.05,9469,96,847009,89.44128827877508,6
0.05,9470,96,847105,89.4419807834442,6
0.05,9471,93,847198,89.44235641891892,8
0.05,9472,91,847289,89.44252084872797,10
0.05,9473,94,847383,89.44300189993668,8
0.05,9474,92,847475,89.44327176781003,9
0.05,9475,89,847564,89.44322498944702,12
0.05,9476,95,847659,89.44381133270022,6
0.05,9477,94,847753,89.44429204473518,7
0.05,9478,96,847849,89.44498364806414,6
0.05,9479,92,847941,89.44525316455696,9
0.05,9480,94,848035,89.44573357240797,7
0.05,9481,94,848129,89.44621387892849,7
0.05,9482,94,848223,89.44669408415058,7
0.05,9483,95,848318,89.44727962884859,6
0.05,9484,95,848413,89.44786505007907,6
0.05,9485,94,848507,89.4483449293696,7
0.05,9486,94,848601,89.44882470749447,7
0.05,9487,93,848694,89.44919898819562,8
0.05,9488,91,848785,89.4493624196438,10
0.05,9489,92,848877,89.44963119072708,10
0.05,9490,92,848969,89.44989990517333,9
0.05,9491,92,849061,89.45016856300042,9
0.05,9492,94,849155,89.4506478457811,7
0.05,9493,94,849249,89.45112702759637,7
0.05,9494,-52,849197,89.43622959452344,15
0.05,9495,94,849291,89.43671019376579,7
0.05,9496,94,849385,89.43719069179741,7
0.05,9497,96,849481,89.43788165929669,6
0.05,9498,94,849575,89.43836193283504,7
0.05,9499,95,849670,89.43894736842105,6
0.05,9500,94,849764,89.43942742869172,7
0.05,9501,91,849855,89.43959166491265,10
0.05,9502,88,849943,89.43944017678628,13
0.05,9503,92,850035,89.4397095959596,9
0.05,9504,95,850130,89.44029458179905,6
0.05,9505,90,850220,89.44035346097202,11
0.05,9506,92,850312,89.44062269906385,9
0.05,9507,96,850408,89.44131257888094,6
0.05,9508,96,850504,89.44200231359764,6
0.05,9509,90,850594,89.44206098843323,11
0.05,9510,94,850688,89.44254021659131,7
0.05,9511,93,850781,89.44291421362489,8
0.05,9512,93,850874,89.44328813202985,8
0.05,9513,23,850897,89.43630439352533,9
0.05,9514,94,850991,89.43678402522333,7
0.05,9515,95,851086,89.43736864228667,6
0.05,9516,94,851180,89.43784806136388,7
0.05,9517,92,851272,89.43811725152342,9
0.05,9518,92,851364,89.43838638512449,9
0.05,9519,93,851457,89.43876050420168,9
0.05,9520,96,851553,89.43944963764311,6
0.05,9521,94,851647,89.43992858643142,7
0.05,9522,94,851741,89.44040743463195,7
0.05,9523,93,851834,89.4407811843763,8
0.05,9524,88,851922,89.44062992125984,13
0.05,9525,93,852015,89.44100356917909,8
0.05,9526,94,852109,89.44148210349533,7
0.05,9527,93,852202,89.44185558354324,8
0.05,9528,94,852296,89.44233392800923,7
0.05,9529,94,852390,89.44281217208814,8
0.05,9530,94,852484,89.44329031581157,7
0.05,9531,94,852578,89.44376835921108,7
0.05,9532,94,852672,89.44424630231826,7
0.05,9533,91,852763,89.44440948185442,10
0.05,9534,96,852859,89.44509701101207,6
0.05,9535,94,852953,89.44557466442953,7
0.05,9536,93,853046,89.44594736290237,8
0.05,9537,94,853140,89.44642482700776,7
0.05,9538,96,853236,89.44711185658875,6
0.05,9539,24,853260,89.44025157232704,8
0.05,9540,91,853351,89.44041505083325,10
0.05,9541,93,853444,89.44078809473905,8
0.05,9542,95,853539,89.4413706381641,6
0.05,9543,94,853633,89.44184828164292,7
0.05,9544,94,853727,89.44232582503929,7
0.05,9545,94,853821,89.44280326838467,7
0.05,9546,96,853917,89.44349010160259,6
0.05,9547,95,854012,89.44407205697529,6
0.05,9548,95,854107,89.44465389045973,6
0.05,9549,94,854201,89.44513089005235,7
0.05,9550,95,854296,89.44571249083866,7
0.05,9551,93,854389,89.44608458961474,8
0.05,9552,95,854484,89.4466659688056,6
0.05,9553,96,854580,89.44735189449445,6
0.05,9554,96,854676,89.4480376766091,6
0.05,9555,92,854768,89.44830473001255,9
0.05,9556,96,854864,89.44899026891284,6
0.05,9557,95,854959,89.44957103996651,7
0.05,9558,94,855053,89.45004707605398,8
0.05,9559,93,855146,89.45041841004183,8
0.05,9560,94,855240,89.45089425792281,7
0.05,9561,94,855334,89.45137000627484,7
0.05,9562,95,855429,89.45195022482484,6
0.05,9563,94,855523,89.45242576327897,7
0.05,9564,95,855618,89.45300575013069,6
0.05,9565,94,855712,89.45348107882083,7
0.05,9566,95,855807,89.45406083411727,6
0.05,9567,93,855900,89.45443143812709,8
0.05,9568,96,855996,89.45511547706134,6
0.05,9569,96,856092,89.45579937304075,6
0.05,9570,94,856186,89.45627416152962,7
0.05,9571,95,856281,89.45685332218972,6
0.05,9572,93,856374,89.4572234409276,8
0.05,9573,94,856468,89.45769793189889,7
0.05,9574,94,856562,89.4581723237598,7
0.05,9575,94,856656,89.45864661654136,7
0.05,9576,96,856752,89.4593296439386,6
0.05,9577,95,856847,89.45990812278137,7
0.05,9578,94,856941,89.46038208581271,7
0.05,9579,95,857036,89.46096033402922,6
0.05,9580,94,857130,89.46143408829975,7
0.05,9581,95,857225,89.46201210603215,6
0.05,9582,92,857317,89.46227694876343,9
0.05,9583,26,857343,89.45565525876461,7
0.05,9584,96,857439,89.45633802816901,6
0.05,9585,94,857533,89.45681201752556,8
0.05,9586,94,857627,89.45728590800042,8
0.05,9587,96,857723,89.45796829370046,6
0.05,9588,95,857818,89.4585462509125,6
0.05,9589,94,857912,89.45901981230449,7
0.05,9590,95,858007,89.45959753935982,7
0.05,9591,92,858099,89.4598623853211,9
0.05,9592,96,858195,89.46054414677369,6
0.05,9593,96,858291,89.46122576610381,7
0.05,9594,94,858385,89.4616988014591,7
0.05,9595,92,858477,89.46196331804919,10
0.05,9596,94,858571,89.46243617797228,7
0.05,9597,94,858665,89.46290893936236,7
0.05,9598,25,858690,89.45619335347432,8
0.05,9599,94,858784,89.45666666666666,8
0.05,9600,95,858879,89.45724403707948,6
0.05,9601,94,858973,89.45771714226203,7
0.05,9602,93,859066,89.45808601478704,8
0.05,9603,93,859159,89.45845481049562,9
0.05,9604,93,859252,89.45882352941176,8
0.05,9605,95,859347,89.45940037476578,6
0.05,9606,94,859441,89.45987300926407,8
0.05,9607,94,859535,89.46034554537886,7
0.05,9608,92,859627,89.46060984493704,9
0.05,9609,94,859721,89.46108220603539,7
0.05,9610,95,859816,89.46165851628342,6
0.05,9611,93,859909,89.46202663337495,8
0.05,9612,94,860003,89.46249869967752,7
0.05,9613,94,860097,89.46297066777616,7
0.05,9614,95,860192,89.46354654186167,6
0.05,9615,92,860284,89.46381031613977,9
0.05,9616,94,860378,89.4642820006239,7
0.05,9617,92,860470,89.46454564358494,9
0.05,9618,94,860564,89.46501715355026,7
0.05,9619,94,860658,89.46548856548857,7
0.05,9620,95,860753,89.46606381872986,7
0.05,9621,94,860847,89.46653502390356,7
0.05,9622,95,860942,89.46711004884132,6
0.05,9623,94,861036,89.46758104738154,7
0.05,9624,94,861130,89.46805194805195,7
0.05,9625,94,861224,89.46852275088303,7
0.05,9626,94,861318,89.46899345590526,7
0.05,9627,95,861413,89.46956792687993,6
0.05,9628,95,861508,89.4701422785336,6
0.05,9629,95,861603,89.47071651090343,6
0.05,9630,92,861695,89.47097912989305,9
0.05,9631,92,861787,89.47124169435216,9
0.05,9632,96,861883,89.47191944357937,6
0.05,9633,96,861979,89.47259705210712,6
0.05,9634,94,862073,89.4730669434354,7
0.05,9635,94,862167,89.47353673723536,8
0.05,9636,90,862257,89.47359136660786,11
0.05,9637,26,862283,89.46700560282216,7
0.05,9638,94,862377,89.46747587924058,7
0.05,9639,93,862470,89.46784232365145,8
0.05,9640,92,862562,89.46810496836427,9
0.05,9641,96,862658,89.46878241028833,6
0.05,9642,93,862751,89.46914860520585,8
0.05,9643,94,862845,89.46961841559519,7
0.05,9644,92,862937,89.46988076723692,9
0.05,9645,92,863029,89.47014306448268,9
0.05,9646,94,863123,89.47061262568674,7
0.05,9647,25,863148,89.4639303482587,8
0.05,9648,95,863243,89.46450409368846,6
0.05,9649,94,863337,89.46497409326425,7
0.05,9650,94,863431,89.46544399544089,7
0.05,9651,96,863527,89.46612101118939,6
0.05,9652,96,863623,89.46679788666735,6
0.05,9653,96,863719,89.46747462191837,6
0.05,9654,91,863810,89.46763335059555,10
0.05,9655,94,863904,89.46810273405137,7
0.05,9656,95,863999,89.46867557212384,6
0.05,9657,94,864093,89.46914475046593,7
0.05,9658,94,864187,89.46961383165959,7
0.05,9659,27,864214,89.46314699792961,6
0.05,9660,93,864307,89.46351309388263,8
0.05,9661,94,864401,89.4639826122956,7
0.05,9662,93,864494,89.46434854600021,8
0.05,9663,94,864588,89.4648178807947,7
0.05,9664,94,864682,89.4652871184687,7
0.05,9665,93,864775,89.46565280364163,9
0.05,9666,23,864798,89.45877728354195,10
0.05,9667,90,864888,89.45883326437733,11
0.05,9668,94,864982,89.45930292687972,7
0.05,9669,27,865009,89.45284384694932,6
0.05,9670,95,865104,89.45341743356427,6
0.05,9671,94,865198,89.45388751033913,7
0.05,9672,94,865292,89.4543574899204,7
0.05,9673,96,865388,89.45503411205293,6
0.05,9674,94,865482,89.45550387596899,7
0.05,9675,91,865573,89.45566349731294,10
0.05,9676,94,865667,89.45613309910097,7
0.05,9677,95,865762,89.45670593097748,6
0.05,9678,95,865857,89.45727864448807,6
0.05,9679,92,865949,89.45754132231404,10
0.05,9680,92,866041,89.45780394587337,10
0.05,9681,92,866133,89.45806651518281,9
0.05,9682,93,866226,89.458432304038,9
0.05,9683,95,866321,89.45900454357704,6
0.05,9684,94,866415,89.45947341249355,7
0.05,9685,94,866509,89.45994218459633,7
0.05,9686,94,866603,89.46041085991536,7
0.05,9687,96,866699,89.46108587943849,6
0.05,9688,94,866793,89.46155433997316,7
0.05,9689,24,866817,89.45479876160991,9
0.05,9690,96,866913,89.45547415127437,6
0.05,9691,95,867008,89.45604622368964,6
0.05,9692,93,867101,89.45641184359847,8
0.05,9693,94,867195,89.4568805446668,8
0.05,9694,91,867286,89.45703971119134,10
0.05,9695,95,867381,89.45761138613861,6
0.05,9696,92,867473,89.4578735691451,9
0.05,9697,95,867568,89.45844504021447,6
0.05,9698,95,867663,89.45901639344262,6
0.05,9699,95,867758,89.45958762886598,6
0.05,9700,95,867853,89.46015874652097,6
0.05,9701,95,867948,89.46072974644403,6
0.05,9702,96,868044,89.46140368958054,6
0.05,9703,94,868138,89.4618713932399,7
0.05,9704,93,868231,89.46223596084492,8
0.05,9705,95,868326,89.46280651143623,6
0.05,9706,89,868415,89.46275883383126,12
0.05,9707,94,868509,89.46322620519159,7
0.05,9708,90,868599,89.46328149139973,11
0.05,9709,94,868693,89.46374871266735,7
0.05,9710,95,868788,89.4643188137164,6
0.05,9711,96,868884,89.46499176276771,6
0.05,9712,96,868980,89.46566457325234,6
0.05,9713,93,869073,89.46602841260037,8
0.05,9714,95,869168,89.46659804426145,6
0.05,9715,94,869262,89.46706463565253,7
0.05,9716,96,869358,89.46773695585057,6
0.05,9717,95,869453,89.468306235851,6
0.05,9718,92,869545,89.46856672497171,9
0.05,9719,94,869639,89.4690329218107,7
0.05,9720,94,869733,89.46949902273428,7
0.05,9721,95,869828,89.470067887266,6
0.05,9722,95,869923,89.4706366347835,6
0.05,9723,94,870017,89.47110242698479,7
0.05,9724,93,870110,89.47146529562983,8
0.05,9725,93,870203,89.4718280896566,8
0.05,9726,92,870295,89.47208800246736,9
0.05,9727,94,870389,89.47255345394737,7
0.05,9728,96,870485,89.47322438071744,6
0.05,9729,96,870581,89.47389516957863,6
0.05,9730,96,870677,89.47456582057343,6
0.05,9731,94,870771,89.47503082614057,7
0.05,9732,94,870865,89.47549573615535,7
0.05,9733,94,870959,89.47596055064722,7
0.05,9734,96,871055,89.47663071391885,6
0.05,9735,94,871149,89.47709531635168,7
0.05,9736,94,871243,89.47755982335421,7
0.05,9737,96,871339,89.47822961593756,6
0.05,9738,96,871435,89.47889927097238,6
0.05,9739,94,871529,89.47936344969199,9
0.05,9740,93,871622,89.47972487424289,8
0.05,9741,92,871714,89.47998357626771,10
0.05,9742,94,871808,89.48044750076978,7
0.05,9743,24,871832,89.47372742200328,9
0.05,9744,92,871924,89.47398665982556,9
0.05,9745,95,872019,89.47455366304125,6
0.05,9746,87,872106,89.47429978454909,14
0.05,9747,96,872202,89.4749692244563,6
0.05,9748,96,872298,89.47563852702841,6
0.05,9749,92,872390,89.47589743589744,9
0.05,9750,94,872484,89.47636139883089,7
0.05,9751,94,872578,89.47682526661198,7
0.05,9752,95,872673,89.47739157182406,6
0.05,9753,95,872768,89.4779577609186,6
0.05,9754,95,872863,89.47852383393132,6
0.05,9755,94,872957,89.4789872898729,7
0.05,9756,95,873052,89.47955314133442,7
0.05,9757,96,873148,89.48022135683541,6
0.05,9758,92,873240,89.48047955733169,9
0.05,9759,95,873335,89.48104508196721,6
0.05,9760,94,873429,89.48150804220879,8
0.05,9761,93,873522,89.4818684695759,8
0.05,9762,93,873615,89.48222882310765,8
0.05,9763,93,873708,89.48258910282671,8
0.05,9764,95,873803,89.4831541218638,6
0.05,9765,92,873895,89.48341183698545,9
0.05,9766,95,873990,89.48397665608682,6
0.05,9767,92,874082,89.48423423423424,9
0.05,9768,94,874176,89.48469648889343,7
0.05,9769,94,874270,89.48515864892528,7
0.05,9770,96,874366,89.4858254016989,6
0.05,9771,94,874460,89.48628735161687,8
0.05,9772,92,874552,89.48654456154712,9
0.05,9773,94,874646,89.48700634335994,7
0.05,9774,96,874742,89.4876726342711,7
0.05,9775,94,874836,89.48813420621931,7
0.05,9776,96,874932,89.48880024547407,6
0.05,9777,93,875025,89.48915933728779,8
0.05,9778,92,875117,89.48941609571531,10
0.05,9779,94,875211,89.4898773006135,7
0.05,9780,92,875303,89.49013393313567,10
0.05,9781,93,875396,89.4904927417706,9
0.05,9782,93,875489,89.49085147705203,8
0.05,9783,93,875582,89.49121013900245,8
0.05,9784,95,875677,89.49177312212571,6
0.05,9785,92,875769,89.49202942979767,9
0.05,9786,95,875864,89.49259221416165,6
0.05,9787,96,875960,89.4932570494483,6
0.05,9788,91,876051,89.49341097149862,10
0.05,9789,94,876145,89.49387129724208,7
0.05,9790,-44,876101,89.48023695230313,8
0.05,9791,93,876194,89.48059640522875,8
0.05,9792,96,876290,89.48126212600837,6
0.05,9793,94,876384,89.48172350418623,7
0.05,9794,95,876479,89.48228688106177,7
0.05,9795,91,876570,89.48244181298489,10
0.05,9796,93,876663,89.48280085740532,8
0.05,9797,92,876755,89.4830577668912,10
0.05,9798,94,876849,89.48351872640065,7
0.05,9799,92,876941,89.48377551020408,9
0.05,9800,95,877036,89.48433833282319,7
0.05,9801,95,877131,89.48490104060396,6
0.05,9802,94,877225,89.48536162399266,8
0.05,9803,90,877315,89.48541411668707,11
0.05,9804,94,877409,89.48587455379908,7
0.05,9805,95,877504,89.48643687538242,6
0.05,9806,94,877598,89.4868971143061,7
0.05,9807,95,877693,89.48745921696575,6
0.05,9808,94,877787,89.48791925782444,7
0.05,9809,94,877881,89.48837920489296,7
0.05,9810,96,877977,89.48904291101825,6
0.05,9811,94,878071,89.48950264981656,7
0.05,9812,92,878163,89.48975848364415,9
0.05,9813,96,878259,89.49042184634196,6
0.05,9814,91,878350,89.49057564951605,10
0.05,9815,92,878442,89.49083129584352,9
0.05,9816,89,878531,89.4907812977488,12
0.05,9817,94,878625,89.49124057852923,7
0.05,9818,94,878719,89.49169976576026,7
0.05,9819,92,878811,89.49195519348268,9
0.05,9820,94,878905,89.49241421443845,7
0.05,9821,95,879000,89.49297495418449,6
0.05,9822,95,879095,89.49353557976178,6
0.05,9823,95,879190,89.49409609120521,6
0.05,9824,96,879286,89.49475826972011,6
0.05,9825,94,879380,89.49521677182985,7
0.05,9826,96,879476,89.49587870153658,6
0.05,9827,95,879571,89.49643874643874,6
0.05,9828,96,879667,89.49710041713297,6
0.05,9829,94,879761,89.49755849440488,8
0.05,9830,91,879852,89.49771132133048,10
0.05,9831,94,879946,89.49816924328722,7
0.05,9832,95,880041,89.4987287704668,6
0.05,9833,93,880134,89.49908480780964,8
0.05,9834,94,880228,89.49954245043213,8
0.05,9835,92,880320,89.4997966653111,9
0.05,9836,94,880414,89.50025414252313,7
0.05,9837,96,880510,89.50091482008538,6
0.05,9838,94,880604,89.50137209065961,7
0.05,9839,95,880699,89.50193089430894,7
0.05,9840,96,880795,89.5025912000813,6
0.05,9841,94,880889,89.5030481609429,7
0.05,9842,96,880985,89.50370821903891,6
0.05,9843,27,881012,89.4973587972369,6
0.05,9844,91,881103,89.49751142712037,10
0.05,9845,95,881198,89.49807028234817,6
0.05,9846,93,881291,89.4984259165228,8
0.05,9847,92,881383,89.49867993501219,9
0.05,9848,93,881476,89.49903543506954,8
0.05,9849,95,881571,89.49959390862944,6
0.05,9850,96,881667,89.500253781342,6
0.05,9851,92,881759,89.50050751116524,9
0.05,9852,94,881853,89.50096417334822,7
0.05,9853,95,881948,89.50152222447737,7
0.05,9854,94,882042,89.50197869101979,7
0.05,9855,95,882137,89.50253652597402,6
0.05,9856,92,882229,89.50278989550573,9
0.05,9857,94,882323,89.5032460945425,7
0.05,9858,96,882419,89.50390506136524,6
0.05,9859,92,882511,89.50415821501014,10
0.05,9860,96,882607,89.504816955684,6
0.05,9861,95,882702,89.50537416345568,6
0.05,9862,96,882798,89.50603264726756,6
0.05,9863,95,882893,89.5065896188159,6
0.05,9864,94,882987,89.50704510897111,8
0.05,9865,93,883080,89.50739914859112,8
0.05,9866,92,883172,89.50765176852133,9
0.05,9867,94,883266,89.50810701256587,7
0.05,9868,27,883293,89.50177322930388,6
0.05,9869,94,883387,89.50222897669707,8
0.05,9870,95,883482,89.50278593860804,6
0.05,9871,94,883576,89.5032414910859,7
0.05,9872,92,883668,89.50349437860832,10
0.05,9873,94,883762,89.50394976706502,7
0.05,9874,95,883857,89.50450632911392,6
0.05,9875,91,883948,89.50465775617658,10
0.05,9876,94,884042,89.5051128885289,7
0.05,9877,94,884136,89.50556792873051,8
0.05,9878,90,884226,89.50561797752809,12
0.05,9879,94,884320,89.50607287449392,7
0.05,9880,94,884414,89.50652767938467,8
0.05,9881,93,884507,89.50688119813803,8
0.05,9882,92,884599,89.50713346149955,9
0.05,9883,92,884691,89.50738567381627,9
0.05,9884,90,884781,89.50743550834598,11
0.05,9885,94,884875,89.5078899453773,7
0.05,9886,92,884967,89.50814200465257,9
0.05,9887,90,885057,89.50819174757281,11
0.05,9888,93,885150,89.5085448478107,8
0.05,9889,90,885240,89.50859453993934,11
0.05,9890,94,885334,89.50904863006774,7
0.05,9891,93,885427,89.50940153659523,8
0.05,9892,95,885522,89.50995653492369,6
0.05,9893,96,885618,89.51061249241965,6
0.05,9894,94,885712,89.511066195048,7
0.05,9895,94,885806,89.51151980598222,7
0.05,9896,93,885899,89.51187228453067,8
0.05,9897,92,885991,89.51212366134573,9
0.05,9898,95,886086,89.51267804828771,6
0.05,9899,93,886179,89.5130303030303,8
0.05,9900,96,886275,89.51368548631451,6
0.05,9901,94,886369,89.5141385578671,7
0.05,9902,92,886461,89.51438957891548,10
0.05,9903,94,886555,89.51484248788368,7
0.05,9904,95,886650,89.51539626451287,6
0.05,9905,96,886746,89.5160508782556,6
0.05,9906,23,886769,89.50933683254264,9
0.05,9907,94,886863,89.5097900686314,7
0.05,9908,96,886959,89.51044504995458,6
0.05,9909,95,887054,89.51099899091827,6
0.05,9910,90,887144,89.51104833013822,11
0.05,9911,88,887232,89.51089588377724,13
0.05,9912,94,887326,89.51134873398567,7
0.05,9913,96,887422,89.51200322775873,6
0.05,9914,94,887516,89.51245587493696,7
0.05,9915,94,887610,89.51290843081888,7
0.05,9916,94,887704,89.51336089543209,7
0.05,9917,95,887799,89.51391409558379,6
0.05,9918,94,887893,89.51436636757738,7
0.05,9919,89,887982,89.51431451612903,12
0.05,9920,94,888076,89.51476665658704,7
0.05,9921,94,888170,89.51521870590607,7
0.05,9922,96,888266,89.51587221606368,6
0.05,9923,94,888360,89.51632406287787,7
0.05,9924,94,888454,89.5167758186398,7
0.05,9925,22,888476,89.50997380616563,10
0.05,9926,89,888565,89.50992243376649,12
0.05,9927,94,888659,89.51037469782433,7
0.05,9928,95,888754,89.5109275858596,6
0.05,9929,92,888846,89.51117824773414,9
0.05,9930,95,888941,89.51173094351022,6
0.05,9931,91,889032,89.5118807893677,10
0.05,9932,89,889121,89.5118292560153,13
0.05,9933,95,889216,89.5123817193477,6
0.05,9934,95,889311,89.51293407146451,6
0.05,9935,94,889405,89.51338566827697,7
0.05,9936,94,889499,89.51383717419745,7
0.05,9937,92,889591,89.51408734151741,10
0.05,9938,94,889685,89.5145386859845,8
0.05,9939,92,889777,89.51478873239436,9
0.05,9940,95,889872,89.51534050900312,6
0.05,9941,90,889962,89.51538925769462,11
0.05,9942,95,890057,89.51594086291864,6
0.05,9943,96,890153,89.51659292035399,6
0.05,9944,94,890247,89.51704374057316,7
0.05,9945,95,890342,89.51759501307058,6
0.05,9946,91,890433,89.51774404343018,11
0.05,9947,94,890527,89.51819461198231,7
0.05,9948,91,890618,89.5183435521158,10
0.05,9949,25,890643,89.51185929648241,7
0.05,9950,94,890737,89.51231032057079,7
0.05,9951,92,890829,89.51256028938907,10
0.05,9952,94,890923,89.51301115241635,7
0.05,9953,94,891017,89.51346192485433,7
0.05,9954,95,891112,89.51401305876443,7
0.05,9955,23,891135,89.5073322619526,9
0.05,9956,92,891227,89.50758260520237,9
0.05,9957,92,891319,89.50783289817232,10
0.05,9958,94,891413,89.50828396425344,7
0.05,9959,21,891434,89.50140562248995,11
0.05,9960,95,891529,89.50195763477562,6
0.05,9961,93,891622,89.50230877333868,9
0.05,9962,94,891716,89.50276021278731,7
0.05,9963,93,891809,89.50311120032116,8
0.05,9964,93,891902,89.50346211741093,8
0.05,9965,93,891995,89.50381296407787,8
0.05,9966,95,892090,89.50436440252834,7
0.05,9967,94,892184,89.50481540930978,8
0.05,9968,94,892278,89.50526632560938,7
0.05,9969,94,892372,89.50571715145436,7
0.05,9970,94,892466,89.50616788687194,7
0.05,9971,92,892558,89.50641797031689,10
0.05,9972,96,892654,89.50706908653365,6
0.05,9973,94,892748,89.50751955083216,7
0.05,9974,96,892844,89.50817042606516,6
0.05,9975,94,892938,89.50862068965517,8
0.05,9976,95,893033,89.50917109351508,6
0.05,9977,94,893127,89.50962116656645,7
0.05,9978,94,893221,89.51007114941378,7
0.05,9979,95,893316,89.51062124248497,6
0.05,9980,96,893412,89.5112714156898,6
0.05,9981,92,893504,89.51152073732719,9
0.05,9982,93,893597,89.51187017930482,8
0.05,9983,95,893692,89.51241987179488,7
0.05,9984,95,893787,89.51296945418127,6
0.05,9985,95,893882,89.5135189264971,6
0.05,9986,95,893977,89.5140682887754,8
0.05,9987,94,894071,89.51451742090508,7
0.05,9988,89,894160,89.51446591250375,13
0.05,9989,25,894185,89.508008008008,7
0.05,9990,95,894280,89.50855770193174,7
0.05,9991,27,894307,89.50230184147318,6
0.05,9992,94,894401,89.50275192634844,7
0.05,9993,91,894492,89.50290174104462,11
0.05,9994,93,894585,89.50325162581291,8
0.05,9995,25,894610,89.4967987194878,8
0.05,9996,92,894702,89.49704911473442,9
0.05,9997,94,894796,89.49749949989997,7
0.05,9998,96,894892,89.4981498149815,6
0.05,9999,92,894984,89.4984,9
